bike_id,lat,lon,is_disabled,is_reserved
0ae401ae-5844-471c-b4ed-38416aa0e3a2,34.06883621666667,-118.44257354999999,0,0
24eeffa2-f177-4463-bb9d-d7ce157e2e52,34.044723516666664,-118.26413726666667,0,0
16798b43-67ec-4d58-b570-50c1970ee7db,34.068531033333336,-118.44615173333335,0,0
3b8353f6-934e-40e9-9d21-1dd6b4c49b21,34.03443145000001,-118.27185058333335,0,0
609db7bb-3667-4e6c-8a02-dd436746b726,34.16680145,-118.38595581666665,0,0
b8c45091-be7d-4f93-a67c-3bbcaa22d45c,34.10116195,-118.34503173333333,0,0
d1e11dd1-2092-4b68-a30f-458b2c72f5e7,34.069347,-118.4548255,0,0
ace07120-4422-45b6-8b6a-1a88e48d1004,34.04216383333333,-118.25611633333334,0,0
23d576c7-38f8-4549-a735-62a0e8867b41,33.96977233333334,-118.45478058333335,0,0
d6c2b06c-4bd1-467a-82f1-46c29d9523c8,34.05679703333333,-118.2766037,0,0
91e3d379-6c2d-41ca-9c8a-63974f3ad1c7,34.02777316666666,-118.39045083333333,0,0
6ae8c2b5-565e-4235-8ab1-bed2bcb6cf8a,34.04438018333334,-118.25582123333334,0,0
3afa989c-bdd1-489b-ad95-34ab420743a1,34.04691666666667,-118.24868866666665,0,0
ce11bbdb-1ba4-4f00-bcad-e3a8f1cd5614,34.06235503333333,-118.44419098333334,0,0
e6a9b53d-8989-425e-832e-a17dddfe3586,34.10189438333334,-118.30052948333332,0,0
dd8ddb81-3dca-4bf5-b0f7-c4ce8d2074b4,34.103942866666664,-118.31219481666668,0,0
7773054d-d740-442a-ad15-77f528d8205c,34.04372786666667,-118.26508331666668,0,0
2fef3cc6-a6b1-4000-847a-a1a0b639a297,33.991745,-118.44457245,0,0
514835e7-0eec-41f6-a00b-901259effa1c,34.064132683333334,-118.29167938333333,0,0
5ab5ed9b-2acf-4778-945c-9148de0e6c3a,34.04859925,-118.26313781666667,0,0
7f50bbe8-9fd6-4562-a390-221ce4f73e18,34.04546666666667,-118.26564983333334,0,0
f6d80a41-22ab-4f57-910e-841a32113752,34.0459404,-118.266716,0,0
ab4bb1e6-bf60-4e35-8066-447ff42d49f0,34.067867283333335,-118.44824981666667,1,0
de2a7be2-a947-4d58-99bc-81f0f97a802c,34.0458641,-118.2653122,0,0
24a5fc5e-a78d-4ca7-a83b-c898494f1bf3,34.09786606666667,-118.30947113333335,0,0
5fc2f387-9431-43ee-a765-0e4fade4189b,34.03461838333333,-118.23236083333335,0,0
72aee30a-7006-481c-8130-942cd6c017ae,34.0718689,-118.45233916666666,0,0
b2b02691-d38a-4bfd-986f-cbc6eab5e725,33.9764328,-118.38376616666667,0,0
93f97fe9-8edf-488a-b341-1a67ef71e9fc,34.06740188333333,-118.45130156666667,0,0
676ad4ce-a5b8-4c95-b331-5abce3c06079,34.07039533333333,-118.43977383333335,0,0
bae89167-08f6-43d4-8c44-c2b087ac70b9,34.058967583333335,-118.25256348333332,0,0
3b1b9730-28c3-4194-9751-0c41ef87b637,34.015609733333335,-118.286026,0,0
448b9cbf-09ad-4e21-a4dd-19602ac3357a,34.07040786666666,-118.4397583,0,0
bf7dd503-81f8-4f38-8018-f56f301db820,34.04117203333333,-118.26731873333334,0,0
ca4261db-5487-4d24-945e-c10ffd66bcdc,34.06852416666666,-118.44188933333335,0,0
ce77df8d-9d5a-424e-962c-9eadec22dcfb,34.05034256666667,-118.25428771666665,0,0
f04698fa-e6ed-446f-84b5-bf2fde18e582,34.04827881666667,-118.23803711666666,0,0
622bcc06-e185-4310-b494-9c4cec51b0e7,34.04556656666667,-118.25126648333335,0,0
9db33351-251c-428c-b16e-6ddf4de61f90,33.99171066666667,-118.44454193333334,0,0
83ffd15f-bdd2-465e-847f-adc5010627ac,34.072433466666666,-118.44087981666668,0,0
bc64f846-914a-4f46-9538-c00bf32b56b9,34.02020645,-118.41972351666666,0,0
2b5581f9-d1d5-411e-b366-4d548f362a8b,34.06995333333334,-118.45476500000001,0,0
8834d5e4-d17e-49d3-a448-4e4bd5a69109,34.02659988333333,-118.3721466,0,0
874b2964-b505-48a8-8005-83b21cb1b9ab,34.05885696666667,-118.26125335,0,0
b267bb06-b894-4318-b7fd-1aad1dc30ab4,34.02553176666667,-118.3953476,0,0
e6529426-c850-40d3-a21b-d9d8ee1c6099,34.068042750000004,-118.45008086666667,0,0
39f4c1fe-81f1-49ed-bfc1-66b7358e85bc,34.0394249,-118.38135528333332,0,0
030a1d3c-2d12-4cbb-bbda-3c0cdfe30409,34.06358,-118.44262666666667,0,0
8397c8d8-658f-4654-8c02-78278c9d7a1f,34.07185745,-118.45269775,0,0
fef16490-7958-46e0-80f4-06ad87bae77d,34.044297666666665,-118.26480966666668,0,0
0d54d7b8-4c0b-4f1f-b4ff-383bd19f6288,33.98264313333333,-118.46076201666668,0,0
213956ee-3ccf-498b-8301-f47bcf7b1dd3,34.05883788333333,-118.44372558333335,0,0
995a8621-2009-4183-83e2-df590554ab23,34.06457533333333,-118.45090266666666,0,0
1d2c40cf-36f8-4cd3-bd06-7f48a20d6d64,34.067447666666666,-118.44979095,0,0
ac026040-e1af-4cf9-b2fc-d67b12de16e5,34.07032383333333,-118.44904316666667,0,0
6d81f408-58e0-4306-b453-ca68a7ee67e1,34.0444603,-118.25417328333333,0,0
acdc956c-ed15-46ed-b156-124d5651bc63,34.07400893333333,-118.45007325,0,0
2efc8b4a-4964-4fe9-b52b-293b23cdc111,34.04543686666667,-118.26587676666668,0,0
bca56c0f-bdb2-4c9a-8c1f-c223e3c5adb1,34.06423186666667,-118.45345306666668,0,0
ee3b6461-3cae-4860-9277-813ce7855d79,34.074203483333335,-118.45385741666665,0,0
c93932e1-a612-4a74-bd89-0f5fcc5ca0e5,34.072425849999995,-118.43955993333333,0,0
12132821-e234-4164-9a38-df21c252c3ab,34.04638671666667,-118.46470641666669,0,0
0c88bf03-c889-41ac-83f5-ea360ee6b9ce,34.046226499999996,-118.2613678,0,0
0f962ba3-3aad-4ad0-8b6c-3c56f0558b72,34.04695891666667,-118.45726776666667,0,0
017bb918-e950-446f-88ec-c34b31c531a7,34.04748153333333,-118.26049805,0,0
fc85d4cf-9786-4ce9-8299-9e0262c3ecb9,34.03892135,-118.26926421666667,0,0
c11ef8d8-db44-4e54-a4b7-190f5220a417,34.062873833333335,-118.28253936666667,0,0
ba0c0c78-6b08-4a8c-af80-52f7d1b29772,34.0185318,-118.4066925,0,0
40fc34e8-3697-462f-bacc-c402409d6d08,34.03848648333334,-118.26934051666667,1,0
a45fefae-1aea-443f-a618-06249d9bed15,34.10046386666667,-118.34130096666668,0,0
b9be38d5-fe40-40b7-95aa-4f4e0a007f9a,34.04450606666667,-118.25605011666667,0,0
3662b4aa-2805-4bd2-a20c-63ae65421bfd,34.04349833333333,-118.26159799999999,0,0
9f23fa96-c5c1-491a-b55f-c0bdbb198d73,34.10168075,-118.30888366666667,0,0
0289992c-0464-48bb-8a76-68288cb72937,34.07133865,-118.449646,0,0
353616c0-7121-491b-b7e9-5184e843f7fa,34.04106521666667,-118.25218963333333,0,0
1f436392-2789-493a-a516-ef841b261de5,34.06770325,-118.45348358333334,0,0
b1024d69-110a-4629-812d-2b2d93dcbe5e,34.10164641666667,-118.32684326666667,0,0
5f5f30b3-21d4-447e-8341-e40f786e5c7f,34.0777359,-118.43922425000001,0,0
b7271412-aac4-4fbf-b6e6-3569ca187767,34.025348666666666,-118.39424896666667,0,0
7f3c79d9-9598-44b2-ba51-dfa17ef7a474,34.04446383333333,-118.25596183333333,0,0
3991f24c-9ffd-4ecd-a134-22e1668ec9d3,34.05856705,-118.44477845000002,0,0
3e261d47-03d7-4673-86d0-12b1b9a4af74,34.10044861666667,-118.34138488333335,0,0
c69cf236-1984-42ea-b2db-90001198c28f,34.043861383333336,-118.46778870000001,0,0
dabd99d8-3fd7-4e15-9a0c-9b438bdbe607,33.97366833333333,-118.45761116666667,0,0
c7537ae0-318f-4f6f-a079-070811d189d2,34.064262383333336,-118.41474914999999,0,0
7b1c5ec3-69db-4003-80bd-81aa6c5a50d9,34.076000216666664,-118.43919373333334,0,0
0659c31f-59a3-4892-8c61-beb3d6d2ef8f,34.06710051666666,-118.44806671666666,0,0
4ea4ab01-9247-458f-920a-a4dfdb79ecac,34.0575676,-118.44584654999998,1,0
4ac1063e-2bfa-45e5-a53e-933c28fc4d62,34.075592033333336,-118.31704711666667,0,0
d208949e-6f5a-4fb1-9961-463faaa95d2c,34.0508194,-118.26704406666667,0,0
527a9eeb-7460-4bfc-b80b-58997c655919,34.072206333333334,-118.45273866666666,0,0
36936135-e39d-44c0-865d-75b0b07a0de9,34.0474968,-118.25003051666665,0,0
771b4f16-d638-4537-a726-99fa128ad4cd,34.03560256666666,-118.43466949999998,0,0
a5526167-52dc-478d-b72c-2fbbe4cb44be,34.057304,-118.42467800000001,0,0
7736b8ef-979a-4671-87a3-b0ffc61d82cc,34.051700600000004,-118.25797271666667,0,0
21f8f70e-8f98-4baa-87d1-df9b1e97ccc4,34.059486383333336,-118.44599914999999,0,0
fe5de82f-78a4-45d9-8376-0bad4e3a64be,34.09991073333333,-118.32537841666665,0,0
b563c27c-82ee-45b5-8330-4bb541b8bd6d,34.06629561666667,-118.44877625,0,0
2e999025-7fcb-412c-9ac0-662cf2d08668,34.017139433333334,-118.40560150000002,0,0
beb897e7-493b-4e8d-b584-9c0b366049b0,34.08701706666667,-118.34283446666669,0,0
77996cd6-c4bc-4995-8bc4-5c315c70b295,34.06706238333334,-118.44168853333333,0,0
f296457a-8449-48af-9413-4357516e0945,34.06459426666667,-118.45191955,0,0
cf524d52-c5db-48fb-9863-71c1cd025642,34.04522323333333,-118.26542663333333,0,0
02f2128f-a14c-41d5-9d11-f37d308a8047,34.04377746666667,-118.26508331666668,0,0
189e08e4-844c-446b-a927-1e90a6ed012a,34.0438118,-118.26500701666667,0,0
16e0d9fb-404d-45ae-8785-97eceed22044,34.12643813333333,-118.26272583333333,0,0
4ca5704e-cb1f-4210-ab1d-d837cf259bae,34.0670433,-118.41647338333333,0,0
b691241f-932f-4dd9-91b7-5c34003fc98d,34.07287598333333,-118.4536972,0,0
5df97541-0700-44b9-b68c-d7a7442f925d,34.07043456666667,-118.44015503333334,0,0
feb6b0c2-7ff7-477f-a1a2-462b63d41268,34.057975766666665,-118.44648743333333,0,0
6c3fb013-0370-4108-bbd0-6791725c47fb,34.07271195,-118.44491576666665,0,0
fc427765-ff61-4007-8d0e-8d5fa8144ba0,33.995685583333334,-118.46630859999999,0,0
3a13d9b9-5a56-42f7-9ce9-d43d95d37e81,34.07187271666667,-118.44448089999999,0,0
5f3623d7-8809-49b3-ae86-b5fe7741becb,34.0686493,-118.44045258333333,0,0
8016d4cd-0c77-4a7e-a161-eac202113a11,34.06352996666667,-118.4469986,0,0
e3d0891d-e5ce-4999-9986-d121de5be6b9,34.068366999999995,-118.45325470000002,0,0
f9c9c455-4ef5-4260-af9a-991b192e761d,34.07265091666667,-118.45361328333333,0,0
d67dd8c6-8198-49cb-a3ff-219cafdbdefe,34.0432663,-118.25698089999999,0,0
1f39f438-5558-4666-b104-a298df6e8baf,34.0823555,-118.30909728333333,0,0
ccc0b7ac-18d4-4f76-b137-8bc5a74c9589,34.07550033333334,-118.44025483333334,0,0
24b6159f-a926-4258-8494-6ecd5d602023,34.047794350000004,-118.2578125,0,0
74baee80-5d2e-4ce4-a46d-b6136274efd6,34.072784416666664,-118.3616333,1,0
30e41ac0-7689-4b88-bdb2-90e371508b5b,34.065853116666666,-118.45185851666665,0,0
ea5a171f-0504-4dbf-ab05-66508586510b,34.07226943333333,-118.45274353333335,0,0
e54f93fc-9864-4752-9860-4381da944232,34.0608139,-118.30387115,0,0
96dd099b-4cd7-4c13-ad75-48b0f8ec2996,34.10889435,-118.32536316666668,0,0
8364995c-7cf7-4e59-a344-7df519f6c912,34.07320785,-118.43946838333335,0,0
fe90d265-1e48-40ca-b8b6-3dae13d44c3a,34.01560116666667,-118.41288566666665,0,0
760fcaaa-ba41-435f-9193-f2f5e6bfd317,34.04498671666667,-118.25023651666667,0,0
7fe921fc-db31-4a85-84eb-4a1dd5e19846,33.991775516666664,-118.44451141666666,0,0
bf5ee642-6a38-465b-b9f5-6b1b917f1701,34.04250716666666,-118.25966644999998,0,0
17a5f166-3eb4-48ff-8dea-d238da0cc792,34.06999206666667,-118.44012451666667,0,0
73a4c67e-a51f-4058-8d98-fe0189508b64,34.043792716666665,-118.26506041666669,0,0
e66f8582-d2bf-4f88-b9e8-01e2ad294153,34.074283,-118.44076783333334,0,0
5905d186-54ea-4a56-9e39-c0e2f2482cc2,34.07319641666666,-118.43952941666666,0,0
f7e205cc-a8fe-4240-a1a3-a1ea1c21862b,34.074105833333334,-118.43969833333334,0,0
39200179-f0ee-47ad-ae76-2af47ab5d787,34.0636177,-118.44412231666665,0,0
cd7827dc-5ff0-4b26-a4b6-89635163f9ae,34.07078551666667,-118.44756316666665,0,0
91bf2e35-f359-45c4-aa87-2afa2e5d7c9b,34.065219883333334,-118.45291138333332,0,0
9159d4c6-ddc1-4f96-83f2-a64823801a2c,34.04543686666667,-118.26584625,0,0
eae4ca41-1f7d-4069-a44c-0a01b044d452,34.049316399999995,-118.26361846666666,1,0
cd8b2077-0898-42b5-98f8-dc2e28ccdf84,33.9858017,-118.4430542,0,0
fecd1941-5d01-40c4-a1d2-d5b0a644f435,34.07248306666667,-118.44086456666668,0,0
cd847f86-354b-417e-8288-a5dead2dc77c,34.021915433333334,-118.28022003333332,0,0
b0ff4d4f-c616-4e70-9280-257aa33889fc,34.05218125,-118.25523376666666,0,0
7152f00a-29e5-4381-a4b8-6eb01c6a2fe8,34.04336166666667,-118.46850586666666,0,0
31fb48e1-8449-4877-8797-d60fc0abb4ce,33.9697609,-118.45479583333332,0,0
fb2bceff-e397-4a3d-b16c-8e4554907926,34.07386016666667,-118.45021819999998,0,0
4d32eee9-b4e9-48b9-be3e-1445078b9b70,34.03806216666667,-118.25983183333334,0,0
249e8f1a-a940-46e3-bde4-3b1fbb33f443,34.049617766666664,-118.26493073333334,0,0
5ba1212a-c263-439e-95ef-b1904d2c4cdd,34.0489769,-118.25216675000001,0,0
af83194c-02bd-4726-8fda-62fbae955447,34.04589461666667,-118.23580933333332,0,0
0330807a-2b9c-43ac-a234-009de77ff94e,34.03890228333333,-118.26898956666668,0,0
3415531c-c2b9-46a0-9f51-77f45cae2a26,34.059047699999994,-118.4435196,0,0
68797359-003e-4993-8a46-513988f9d300,34.03464508333333,-118.23182678333333,0,0
22f8fd11-7b60-4ff8-8c58-dd4e0e3d2bf2,34.02781676666667,-118.39015198333333,0,0
ebe62611-1ee9-43f3-a246-dae406014225,34.073080166666664,-118.45327416666666,0,0
88d6786b-89c8-4ae4-b44d-6545023ac7a3,34.022823333333335,-118.33551788333334,0,0
742f83ac-4fc7-46a3-a6ba-fb88d597297c,34.06364821666667,-118.44303131666666,0,0
7953a538-8db1-449e-b723-ead1b1df4bdf,34.0703888,-118.45191193333334,0,0
219e1473-52a2-4dda-990d-7ed4c38ddaf3,34.049617766666664,-118.24939728333332,0,0
5643dff0-6f0c-4745-91f6-2feaa9b16430,33.985805516666666,-118.44309998333334,0,0
853704a1-b6ac-41c9-b137-661c6d0fe4f2,34.07385635,-118.44969176666667,0,0
8e1e6185-2396-48e7-b505-8f3ece92de03,34.04941176666667,-118.26023101666667,0,0
0fe039d2-c354-4239-992a-a955b0a8453c,33.96830368333334,-118.41877746666665,0,0
361a0e33-3bdc-44eb-84fe-09444780f280,34.07248688333333,-118.44087220000002,0,0
211973e4-09bf-4724-8dc1-b82d926d81ec,34.055690766666665,-118.42688751666668,0,0
edf978aa-82a8-4c80-8fd7-ba3a756f8607,33.99723053333333,-118.47587585000001,0,0
7d43b3ac-3ff1-4785-915f-adf0bb4f6654,34.046619416666665,-118.26052856666665,0,0
55f879ca-6827-48f7-86a4-cea6b3223fcb,34.06695556666667,-118.4416809,0,0
44f9ecf0-9556-447d-814b-07aaa3a9b105,34.050258633333335,-118.25729369999999,0,0
42f0606c-915b-472e-8558-9a94976539fe,34.05896378333333,-118.44370269999999,0,0
c5bdc7d9-9858-4c01-ad88-4ad408edb122,34.044998166666666,-118.26364135,0,0
d86b9c9d-f90e-45f0-82dd-ca53e4ea918b,34.044879916666666,-118.25758361666666,0,0
87f348af-2d68-41bb-babe-fc5dd472cb44,34.072904333333334,-118.45365933333332,0,0
f5db2074-0d1f-4854-930e-7ad18f93f2cc,33.987827300000006,-118.45263671666667,0,0
8b43cc5a-edc0-48f3-aea1-32fbb0452a9c,34.02833175,-118.37235260000001,0,0
77de4005-4dfd-494d-8de3-dacba2a524c0,34.06363678333333,-118.44340515,0,0
7ec92aed-cb3a-4566-b760-4d32ecd56773,34.04590066666666,-118.26721833333335,0,0
b43cb2f3-d31e-4942-b911-826193524478,33.98780633333333,-118.45262050000001,0,0
47e454e7-b9b9-4f58-8be7-99e63f3b81ca,33.97986985,-118.46240234999999,0,0
407e08d4-0596-4d96-9be7-845564a9dfa1,34.0463562,-118.26705933333332,0,0
b4fba15e-fa43-42bf-82e8-9225722ad4f2,33.969844816666665,-118.45475006666666,0,0
281de381-cd7d-4a7c-98e1-b3558e666d61,34.04763031666666,-118.26181793333332,0,0
daf3a172-882f-4ea6-859a-b7d44b1274b7,34.0438385,-118.46781921666667,0,0
ed707e35-c081-4dfb-9f0a-6dfbe30dc2ea,34.05825805,-118.2403946,0,0
d83de07d-2117-42fa-8fed-620a23b35d06,34.06028283333333,-118.25028833333333,0,0
76424f9c-db60-4563-bc50-acfad2469e4a,34.068531033333336,-118.44327545,0,0
2d68dc81-98b1-4929-a546-65b7029c3044,34.06066131666667,-118.28783416666666,0,0
bb0d2779-4ec9-4505-8024-d4574b1288f4,34.0000763,-118.45967101666665,0,0
db177d44-70ad-42cc-a628-c3fc56505308,34.04818343333333,-118.26127625,0,0
7c2fa164-4ba4-4014-952b-9fa58ce06cd5,34.048057549999996,-118.25247955000002,0,0
bcace156-53da-45a7-bc8e-b6cc52feac4f,34.065124516666664,-118.44787598333332,0,0
4a67b887-a760-4310-bef2-2e4ce4cc3457,34.06365585,-118.4430542,0,0
97e2d608-5165-47da-9150-68af56b0ad5e,34.04843903333334,-118.2405014,0,0
a2f8a026-fad2-4025-bbec-7fb572b9c7be,34.03900146666667,-118.26920318333332,0,0
22b2ecaf-d329-41f5-844d-59885d04a5dc,34.04500961666667,-118.37991333333333,0,0
9d656af2-07aa-4ef7-9548-c5af657e8a06,34.052833549999995,-118.25156403333334,0,0
83f8bcb7-0579-4eb9-ac2c-1c48fabb0693,34.062702183333336,-118.44603729999999,0,0
f967a490-96bd-4908-a2d4-64447218a56a,34.04537201666667,-118.25738525,0,0
91d5cfcd-2f7c-4f05-aa70-eebfff80de25,34.04486083333334,-118.23233031666665,0,0
8f6830c9-3fd7-4b9a-bebc-1cd170d53bfd,34.06851578333333,-118.44880676666668,0,0
a9bfa7d1-a213-4744-ad63-49427eb9e17b,34.040851599999996,-118.26423645000001,0,0
0435d13b-3759-4e77-b6bd-e907ef5f6f5f,33.98843383333334,-118.44610595,0,0
52f2a4ad-a8fa-44d2-97af-f88e6017e6e5,34.041008000000005,-118.24707795,0,0
9b7dfdde-b3a2-4159-9d80-e97e8a21757f,34.058731083333335,-118.44326019999998,0,0
cfb12072-a11f-45af-9d6a-37b26f3a6122,34.0724907,-118.44085693333334,0,0
e305061b-d0b8-4ad4-9661-efd5fd1afaef,34.060714716666666,-118.44075775000002,0,0
8558a74c-3191-464a-8a79-0d6ae76f473d,34.0953331,-118.30919646666668,0,0
358d9326-228f-4c6f-b22a-68c21985cc83,34.0566755,-118.44276766666665,0,0
53959f93-7121-4453-b364-c947aafc3217,34.04463576666667,-118.26423645000001,0,0
194da23e-fff4-4b71-8104-1b72ccb3374d,34.059001916666666,-118.44351196666666,0,0
424fa017-a1d4-491d-8778-61d470e25203,34.0718345,-118.45227633333334,0,0
647e95b8-b470-47b2-afb4-b0f9f93047cf,34.046470649999996,-118.26262665,0,0
34da9742-7335-4533-bb0b-b0f9669f79b8,34.04197693333333,-118.26320648333333,0,0
9730f0aa-c39c-4456-b70a-fa3d4af2f6ed,34.06440735,-118.45213318333332,0,0
2a7fa43e-e48b-4bec-949f-704738c03cac,34.04520798333333,-118.256958,0,0
0ec645b1-179b-458a-a06b-7ed2a72596c1,34.0728035,-118.44966888333332,0,0
f3eee800-080b-4e8d-8feb-fbbd9c114aa8,34.047328949999994,-118.46356963333334,0,0
24e131d4-225f-4adc-ae6c-d352356a8bde,34.063659666666666,-118.44308471666666,0,0
a7f21a44-dd0e-40e3-80ef-139a1490eb01,34.06189346666667,-118.44670104999999,0,0
3e159f22-39eb-49bb-95b7-e947a7dee9d2,34.06229018333333,-118.44755554999999,1,0
cb5ddfe8-a948-4faf-8981-e99c2a91e46d,34.07276916666667,-118.44972991666667,0,0
ade45ea1-f936-47b9-96ad-94ec9fee886f,33.97981643333333,-118.46257781666667,0,0
0ed919a8-b27b-4148-854e-0c2aa9abb08b,34.04610443333333,-118.26334381666666,0,0
5d426617-21fc-4b60-b47f-f312f27f6e2b,33.97915268333334,-118.4620285,0,0
cb3714c0-debd-4f6f-abc0-f4b15aa4a667,34.04423141666667,-118.25165558333335,0,0
0bcd6462-9ec9-49bc-b801-fb177d345dea,34.04094315,-118.26428223333332,0,0
1b3f5be9-5665-42eb-b367-3508e32cac46,34.101337433333335,-118.3094635,0,0
c9196ce9-74a3-440e-914d-965b573fde7b,34.05843353333333,-118.23754883333335,0,0
2db597a0-e1c9-44c5-a05d-dc17d215a529,34.04151153333333,-118.47060394999998,0,0
c4b02549-ca88-48a9-98d4-e0a5083ea80a,34.067230216666665,-118.23722076666667,0,0
16b0488d-53ce-42e9-ade2-1c9bb0e89977,34.15158516666667,-118.45366549999999,0,0
3d3297c6-d0fc-403e-b5e1-28495d0453ba,34.01605225,-118.42327118333333,0,0
557d06ab-d2ba-4447-b52b-fa0fac9aa896,34.045349116666664,-118.25678253333332,0,0
980cc949-b1d0-4bf7-be99-2bb4318d448b,34.05579376666667,-118.23749541666666,0,0
11752e6f-a72e-4c8f-aaf3-401b1e3f3761,33.96605301666667,-118.41661835000001,0,0
02d869b9-27b7-41a0-8e66-0b410cbd0d61,34.045982366666664,-118.26667785,0,0
f87bcf94-7dae-476d-967b-4c80802cdf84,34.052932733333336,-118.25160980000001,0,0
975a0320-d7c6-4266-957c-9ed2d4bcd1f2,34.053007666666666,-118.25138366666667,0,0
78960e04-05d1-4e89-ac29-ad935c00c4f2,34.048908233333336,-118.23394775,0,0
7839b709-46a9-4a28-9edf-3d0c595a8bc8,34.06560616666666,-118.45312733333334,0,0
6c3c8fb5-7b28-45bc-942d-9bf11376aa00,33.94564438333334,-118.38227081666668,0,0
f8e05d49-bd6d-40f4-a36b-21110ed8b794,33.99734878333334,-118.43475341666665,0,0
c59a0bbf-9cd0-4289-ad98-f4abc069e5fb,34.04384995,-118.26525116666666,0,0
f6d2fa1d-9bb4-400a-b731-67bc352d039b,34.07196808333333,-118.440979,0,0
000e8577-1714-4714-bf18-41534e68cee0,34.04510498333333,-118.26385498333333,0,0
342ac4cb-f771-456e-b07f-10c181f26201,34.053710933333335,-118.43730926666667,0,0
89a0c805-691d-48de-908a-a6069dc66225,34.05890273333333,-118.44343566666666,0,0
22cad0d7-979d-44bd-a91a-de17c364733a,34.06245041666667,-118.44553375,0,0
e090c5e7-a7ad-4882-925b-a56fb2e11b48,34.04853058333333,-118.25454711666667,0,0
04a7881f-4518-402f-9e3c-8392e6f645f9,34.05730056666666,-118.42472076666667,0,0
d8a47d72-c30c-474c-96b9-cbf18253ccf7,33.99735333333333,-118.43476166666666,0,0
468a063e-90dc-40f1-8d1a-1281315e5178,34.08400345,-118.33094025,0,0
d5615cc9-a3d6-4738-ab13-29ca38ff8df8,34.04466628333333,-118.26426696666667,0,0
685c4ef2-a799-4996-8447-f12d534ec996,34.06760788333334,-118.45140074999999,0,0
f29ffd7b-b591-4c7c-bf6d-98788324b940,33.99360656666667,-118.47888946666666,0,0
364a3828-bd5b-45e4-acce-4888f65ace59,34.05441285,-118.26301575000001,0,0
6bd1d7da-0372-488c-9cfb-4ecdf499eab7,34.067211150000006,-118.45233916666666,0,0
6dc02611-d3fc-4b8a-82f3-f046f01bb5fc,34.043683333333334,-118.27748433333333,0,0
63f43df5-217f-4402-a887-3f1aa5c514d2,34.054485316666664,-118.26295471666666,0,0
d1bedaf2-6391-47e2-8ddd-ae0d3a9422b9,34.04450225,-118.25389861666666,0,0
c39943e5-6f19-41fa-bd18-f9a54efe0da5,34.044544216666665,-118.26425933333333,0,0
c761d9e1-e80d-4f73-bc42-74552baab7e9,34.02474593333333,-118.23901366666665,0,0
9839392e-a633-4ac5-81d1-701d818af491,34.04047393333334,-118.26807403333332,0,0
cafd826f-98b2-4665-8483-c4623a15f685,34.04542923333334,-118.23590850000001,0,0
0cc37c27-d491-4189-96d6-d2abdaaafeef,33.9798088,-118.46255493333335,0,0
e3fc9ead-bfd1-4c37-ba1d-c078af926faa,34.04384995,-118.46781158333333,0,0
a2beaf97-9c26-470d-b812-c76921d70776,34.04423141666667,-118.26473998333334,0,0
5d66fdfd-41ad-40b2-a7aa-5a716ca3f57c,34.05156708333333,-118.25492858333334,0,0
b78b94f9-f845-4d54-9c94-b049f209a9ee,34.037631983333334,-118.23276519999999,0,0
dbe939a9-fd88-42e4-a139-da0d819dd2fc,34.04426575,-118.26303099999998,0,0
f886c9cd-a249-4085-8d84-9c245a05d047,34.06311035,-118.29232788333333,0,0
c415756e-01ff-488b-8424-71bbd8930019,33.971130366666664,-118.45574188333333,0,0
9c461c77-c0ea-47bb-b0d0-12185942086b,34.04426193333334,-118.25609588333333,0,0
4efeace8-ebcf-4858-a6d6-3a7ff85c8403,34.09900283333333,-118.32380676666668,0,0
de3dff21-7d9d-4e1d-9947-8e234d6414d1,34.04410935,-118.26553344999999,0,0
1e303932-8790-4fbb-afff-17da34c3180a,34.04547118333333,-118.26098633333335,0,0
b05531c5-da65-46e1-beff-55166709b27e,34.07384066666667,-118.43978383333334,0,0
50e20e0b-e270-42de-bbdf-ff40eb6f93c8,34.10346221666667,-118.34836578333334,0,0
873749c4-0d77-410b-9d58-c7e38095656e,34.06121445,-118.44430541666667,0,0
223557be-121b-4645-b1d2-0465a8de0a9a,34.062012333333335,-118.44874683333335,0,0
66e2766a-2a6f-4d08-95c8-f87ae1df5735,34.04287116666667,-118.45952983333333,0,0
6b9ca4ce-de7e-4473-bdae-4c92b0f3e8bb,34.059333,-118.44167566666665,0,0
0d5de5f2-0000-4628-aa84-c66cf1f7482c,34.073604583333335,-118.36131286666665,0,0
1b31638d-b778-4650-9f01-be1a91ef9578,34.101783749999996,-118.30759430000002,0,0
c4e6db31-283a-4270-ae63-b54c3b205251,34.065998083333334,-118.4484787,0,0
5dc53381-b5fd-462a-8f5a-e734f226c9b9,34.07475661666667,-118.4513321,0,0
d3ec4f58-6ed0-4a2c-aede-2dde88865c83,34.044185633333335,-118.26496125,0,0
10d14f11-10d9-476f-b7be-368400e4558a,33.971107483333334,-118.45565033333332,0,0
55959d78-6579-42cc-9e5f-7c901f7f0d08,34.04320908333333,-118.25037383333334,0,0
73be26d5-5584-4050-86f8-9703db8cd24f,34.07244266666667,-118.44086216666668,0,0
e3969a59-fea7-457d-be92-2875df28e47c,34.09719085,-118.33539581666668,0,0
6ae4dd93-a96a-42a3-acbc-21b165df01ba,34.04836683333333,-118.25774566666665,0,0
7868781e-18d8-4b95-a6ea-4216c0cc9044,34.01727295,-118.40510558333332,0,0
41278059-84f4-491a-83d5-bbf65970f019,34.07055663333333,-118.3441925,0,0
57eb6947-525e-4d77-a399-0b337e5a5d61,34.06303786666667,-118.46242523333333,0,0
92044549-0e37-459a-b3f8-bdff150d42e2,34.02633285,-118.27845001666668,0,0
693705c1-3f04-428b-ad5d-ff4402c35263,34.06084833333333,-118.24940516666666,0,0
1eaa543c-d8ff-420d-b6bd-3d2aac272f02,34.08459091666667,-118.3440628,0,0
da268d77-4081-49a3-98e2-7800c3a2bd39,34.02600478333333,-118.4091034,0,0
3ec5638f-3299-4a3a-854e-f1c136eb461b,34.05886078333333,-118.44321441666668,0,0
fef6c029-7c5a-4801-bd7b-3ab4eda9a95d,34.044643400000005,-118.26425171666666,1,0
be9806ac-3d8a-4323-bc94-6fb708f31729,34.05057266666667,-118.42093216666666,0,0
b5a7ae9e-381f-4b1a-9670-e4f9063c4f32,34.07311248333333,-118.34399413333334,0,0
a914a024-1a48-4137-b851-b609ac350515,33.98268126666667,-118.46085358333333,0,0
db85ab3d-8ca7-4a72-94be-2fde60275ba5,34.04518508333333,-118.2651825,0,0
34f7819e-5110-43a7-8971-b1f52acee696,34.04591416666666,-118.23405216666667,0,0
3781d226-717b-4d1b-bb93-9f2cd03d4c51,34.00380706666667,-118.43388366666667,0,0
35f56567-f452-4837-b82e-47a28c60e1da,34.06364821666667,-118.4433899,0,0
9cd18f7e-e3e6-4951-b45c-5e348115d86d,33.94573975,-118.38102721666668,0,0
64f5ef03-15f4-406b-9e0e-e7f746f4a6ca,34.04261433333333,-118.45844833333334,0,0
66dd543c-34b4-4b81-a14d-d8d321199991,34.04331283333333,-118.2607865,0,0
a6b33a90-cef8-4d98-bbde-eaec2b1ff321,34.06790066666667,-118.4537335,0,0
ad11d02e-11c8-45e0-a3b4-0fd124ffd502,34.05729675,-118.25997925000001,0,0
83b690bc-61da-454d-a82d-79113c04386f,34.1016922,-118.30076598333332,0,0
ededd911-1449-42c0-9fc0-7a669ef336e5,34.058845516666665,-118.44322968333333,0,0
fb2603a2-e8ed-495c-ae29-c60d8f300ff3,34.07121016666667,-118.44604066666668,0,0
e0758dc1-64b1-41df-964e-afcb989513d9,34.04683833333333,-118.45709683333334,0,0
c4c50bba-99d0-4ece-8023-5f6ccef653f6,34.013839716666666,-118.35233306666666,0,0
cdcf0e71-34b4-49c6-9053-6234822c71c7,34.10157395,-118.30819701666665,0,0
4664d103-97af-4ad9-aff7-685bca88e3e1,34.07121658333333,-118.44608306666666,0,0
362876c3-a2cb-429c-89ad-01fad50f67ee,34.04378128333334,-118.26517486666668,0,0
bc4bdaec-2bad-4579-ac61-07f6cc82c96e,34.0446167,-118.26415253333334,0,0
46d779e7-043d-4216-baeb-18ebdfea131b,34.06396866666667,-118.43148803333334,0,0
144145b8-ec9a-4ca9-b9cc-a12b900d9456,34.10030365,-118.34474944999998,0,0
bdab35d1-0ba0-43c0-a111-f08a93929a2f,34.10154343333333,-118.35179901666667,0,0
ca48672d-9e1e-451d-8f5d-77901b3de472,34.04771041666667,-118.25302123333334,0,0
6acdcf43-8d02-4ed7-9a16-442d1618cd7a,34.04516983333333,-118.25963593333333,0,0
3259305a-0a18-424c-937a-8a710ddec296,34.04114151666667,-118.26489258333335,0,0
70598540-8d4b-4a00-a871-1510535415f3,34.05059166666667,-118.42093349999999,0,0
9032adfe-184b-473c-8c48-5ec63fb2ca5d,34.09671401666667,-118.35388183333335,0,0
737e5078-0068-4b3d-a1de-ac182e489225,34.04393005,-118.25479888333332,0,0
7c98f862-8648-48f9-ae51-bc543a4f960e,34.020805366666664,-118.28083801666668,0,0
956c2b4e-a74c-4c7a-b8dc-59b0044f384a,34.10025025,-118.34411621666668,0,0
0ed37120-ce4f-4cca-b70a-76c43f500c92,34.047760016666665,-118.25788116666666,0,0
baf1b0f1-94b3-48d6-9771-6c0a5fcbf079,34.045829766666664,-118.25876616666667,0,0
14b0a04b-c02b-4d1b-995a-c18d33752072,34.060924533333335,-118.30376435000001,0,0
b98be73e-1dca-4fde-a40c-7cddc52aae1a,33.992259983333334,-118.45837401666668,0,0
b3531351-3176-4db1-85b9-8ff18b7fc233,34.07184981666667,-118.45233155,0,0
232b7b27-c9b1-4ffa-a0a9-222aedc2d8fd,34.06107711666667,-118.44891356666668,0,0
3609fde7-e59c-4dd6-b00e-a89170454457,34.00213623333333,-118.46982574999998,0,0
b9762389-2972-48e6-87b7-89e9c2caf9c9,34.045501716666664,-118.26089478333333,0,0
b84f4eab-23c6-4405-8bbb-2fa0937d096f,34.0727272,-118.44968415,0,0
c286cc06-82f2-4318-b002-ff6f5f169d3f,34.029430383333334,-118.28630828333334,0,0
4b91f611-d37c-4793-a5be-143480804a62,34.01958083333333,-118.28004455,0,0
f38a802f-a30b-4e41-8eb2-fffa3c12ea87,34.076305383333334,-118.4549942,0,0
bf970a4d-051d-4394-a1fb-03c4dc9e23c0,34.04452896666667,-118.23812866666667,0,0
700f75fd-fb75-40d2-b266-4ca8e12a3126,33.96169281666666,-118.42036438333335,0,0
3335ac8d-bb3c-4d5b-bbc9-88002598e290,34.072757716666665,-118.44971466666667,0,0
15733e7a-e50c-4f3d-ad38-fd46ff82da5d,34.041484833333335,-118.47058868333333,0,0
14880f44-f584-4300-a372-4855c9938eda,34.07635498333333,-118.34862518333333,0,0
7088f163-62c3-4077-b380-36bd8d5bb9bb,33.980514533333334,-118.46459198333332,0,0
561e9b7e-183d-4983-a9da-00583cf33b14,34.04333115,-118.46840668333334,0,0
e1e6857a-c4cb-439f-a197-d80318f7f456,34.0542221,-118.20184326666667,0,0
892353aa-61cf-461c-8e85-43e5dfa6c212,33.99176025,-118.44456481666666,0,0
ad83e315-5a9e-4cf3-b69d-3f2a01ca020c,34.10128483333334,-118.27746366666666,0,0
0b232fed-1359-40d1-b672-01cb911d992f,34.0621643,-118.24663543333332,0,0
7bc05f30-eb58-4342-afb2-47ab1909a26c,34.073482516666665,-118.45214843333333,0,0
fe611d9f-7367-4695-9bc7-074b6c3ce0a1,34.06730651666667,-118.44837951666665,0,0
ed00b44d-d60a-4a06-b31c-22b9120fdc1d,34.0629425,-118.45107269999998,0,0
c568fbdc-54d7-4958-b7a6-aa4cd113c49c,33.945193,-118.37533633333332,0,0
ece47dd6-ad43-433e-929d-0e3acfed9780,34.038780216666666,-118.26115416666669,0,0
d1db4a91-fe97-4906-965b-f8a6b7927b3c,34.06619643333333,-118.44165801666668,0,0
3a834e57-9c08-4ec3-9df8-df0967d22198,34.07071305,-118.44750213333333,0,0
e7e5c22a-748e-438f-b98a-594549c10887,34.091968533333336,-118.28461456666668,0,0
1b818a08-f886-49fa-acc6-63327eab9aaf,33.979850766666665,-118.46244048333334,0,0
f8916dba-90cd-493f-b6a3-58f498cd2d59,34.04366666666667,-118.26548516666665,0,0
f3e9280d-0a2e-41fe-a53f-caea83498087,34.06767655,-118.45153808333335,0,0
d29cbc63-276c-44fa-b2c6-6321dc23b329,34.06707883333333,-118.45120683333334,0,0
b615d838-cc83-478d-8972-3a5f1bd73651,33.986158333333336,-118.45528366666667,0,0
f8a3874c-051d-49e2-870b-410cd553b79b,34.05012511666666,-118.24346923333333,1,0
6a471f86-40ee-4b6b-bece-b73facaf504f,34.043293,-118.2637558,0,0
62e22715-541b-44e1-90ff-30cc895440c7,34.06520716666667,-118.452908,0,0
11a6a31f-37e9-4ca5-8b8b-64ef498a43db,34.04413605,-118.26490020000001,0,0
7aa8a25f-6230-47c0-ba7a-d90125b96f68,34.0440979,-118.2631607,0,0
fb5d5cdb-b1cd-44d8-a859-b9b80b717d4c,34.069396966666666,-118.45228576666665,0,0
5c0e95f4-f08b-4e03-9902-1a77da2e88bf,33.979850766666665,-118.46236419999998,0,0
705133d0-b2e6-4096-b4c3-7ab86f44e6a1,34.04461466666667,-118.25766766666666,0,0
0130f9a5-6b42-45da-8e25-8de27e6cc6e4,34.05210494999999,-118.40918731666667,0,0
37a82a0e-50fd-4071-988d-880ac2e15785,34.04431151666667,-118.26466370000001,0,0
eb52bcb8-11da-452c-a0d3-44c18609dea0,34.07092683333334,-118.44565983333332,0,0
2e6c0f0d-e4e6-4d68-b992-2e27811778b8,34.023235316666664,-118.27939605000002,0,0
e633cef4-b412-4557-b246-569134f4f998,34.0594635,-118.44164276666667,0,0
790e41a7-c298-4c97-a582-88fdf6f52779,34.049976349999994,-118.27263641666666,0,0
8ef662d6-8e93-42dc-889c-6c481b7831ab,34.079162600000004,-118.36139678333332,0,0
9f394cb1-7589-4a6b-ae0f-4f12491618fc,34.06887436666667,-118.45155335,0,0
4846aaa4-e082-440c-849a-597c22e07f5f,33.99567031666666,-118.46627808333332,0,0
2dd6cecc-7b97-43e5-b3a3-be9fc31e0b18,34.047439583333336,-118.23971558333332,0,0
d39f6b41-2719-405e-85fc-8da338f0154b,34.06072998333333,-118.4193039,0,0
2b37a275-35b0-4418-96fc-f5fd0d088483,34.049831383333334,-118.45851135,0,0
87c30c04-586d-40ad-9e76-5fd528bf1f26,34.05579758333333,-118.23748016666666,0,0
eb042c96-13bd-4dd2-8efc-c36dd0f518d4,34.067579,-118.45239416666666,0,0
7611117f-14cf-4d69-b2e5-04c39d0ab213,34.051154833333335,-118.24205699999999,0,0
1a229775-ebba-4cae-84f4-362bdf9afd54,34.0524826,-118.2394867,0,0
9894b840-082f-4bd7-854c-5aea8d8d7452,34.013299833333335,-118.34309183333335,0,0
2fca5ac7-27ae-4c8c-aa86-26e5c99f3607,34.04357146666667,-118.35127258333333,0,0
5fb9230c-cd19-4f71-8b21-460240e2f345,34.082313533333334,-118.30909728333333,0,0
d2771e40-3ab7-4552-9489-e12a4f09b8a6,34.060989383333336,-118.24977111666666,0,0
05668081-339d-4ec3-ab6b-e7974aafda6c,34.0281035,-118.38992166666667,0,0
f90e91fc-b7e0-4fde-92a3-2c5af9833545,34.052833549999995,-118.25060271666668,0,0
6933b561-e3d9-4496-930f-fc13a14435b1,34.064243166666664,-118.24323700000001,0,0
31ce4e63-d2a0-461f-9bbc-2c4f548f7632,34.045836666666666,-118.2656575,0,0
2d82c2d0-8518-4789-8e67-1c1a7606037b,34.071464533333334,-118.43955230000002,0,0
64a7e238-7cd3-4e49-9ab3-7f1c29c18ee8,34.04129028333333,-118.26446533333335,0,0
3d73678f-e81f-4766-81ff-82b30bd19424,34.0693016,-118.45385741666665,0,0
8b34b320-9011-4c4b-8493-e7f6a5bf301e,34.10038376666667,-118.34484863333334,0,0
6dda4c51-0aec-4f01-ab01-34563282fbbf,34.048876666666665,-118.24126883333332,0,0
8b6d561e-07b7-4eca-bd29-54514ad05990,34.08576201666666,-118.2946167,0,0
5664829f-4d42-4d23-b168-867a99bb6b67,33.981655116666666,-118.46295166666665,0,0
c6754337-abf6-479c-8051-aa01226b306f,34.04821396666667,-118.25780486666666,0,0
023338e9-150d-40b3-aaaa-b168104f0674,34.042297366666666,-118.25586700000001,0,0
cfadd03d-4fd0-4aac-91ff-cfc9c17dca2f,34.048698433333335,-118.25889586666666,1,0
d520da59-170d-435f-87a5-240d9677c02f,33.97370933333333,-118.45765533333334,0,0
83eb0b7a-ed27-4fee-824e-de36302aed6e,34.14772033333334,-118.42802429999999,0,0
cefd76d9-799a-4701-95b9-af446d7e2363,34.03913116666667,-118.26424408333332,0,0
f8952a7d-6a3b-4a43-bd3d-8453837000b5,33.99880981666667,-118.43212128333334,0,0
e52e9bcb-3399-4149-805d-00ff15b69e43,34.06194716666666,-118.45006899999998,0,0
7c7b00d0-55fa-43b0-b6ca-205702613fdf,34.061914,-118.45003533333332,0,0
051bc2d5-14c1-4af7-960e-c9ffa017ee47,33.98011016666667,-118.46539306666666,0,0
feba4241-0a18-4bd3-b779-1cc632a3555c,33.98010253333334,-118.46534728333333,0,0
5c5067cd-e10a-4ac2-8bed-b347c525d7e7,33.9978218,-118.47086335,0,0
e3854dbe-85cc-4806-897b-a68463d37352,33.94575881666666,-118.39646911666665,0,0
aba3b197-d336-4f8d-b1e9-8bfd947ccc78,34.054462433333335,-118.26313018333333,0,0
2ea89baa-f130-48b1-b85f-57e4eabec5bc,34.043773650000006,-118.26502228333332,1,0
ed4d9144-fb63-49f7-883f-bbff0c5c43d3,34.04477691666667,-118.21888733333331,0,0
bb9ec8fb-3dab-4caa-a70c-9e4f5e3b20d0,33.99783325,-118.43379211666667,0,0
55ace8da-c755-4747-80de-e0f9d490a975,34.049407966666664,-118.25680541666667,0,0
2d2ec28d-e662-4cd4-8639-fee8136e8048,34.04458236666667,-118.26424408333332,0,0
5871e333-aaae-4282-a19c-edb7ce119cf8,34.07045133333334,-118.45179933333333,0,0
674b9881-2892-456a-99ad-81c9debbd1b7,34.0660553,-118.26036835000001,0,0
3d155d47-1f36-4944-971e-ca2fb413d95b,34.04411696666667,-118.25729369999999,0,0
b243fa64-432f-4566-9389-528ae1fb0d98,34.04403686666667,-118.25540923333334,0,0
bad1f9df-a6ed-4f19-a063-d778c538cde7,34.06130981666667,-118.44553375,0,0
f5e36efb-01c6-45e9-b488-e28c630f1b54,34.069274899999996,-118.44794463333334,0,0
1e5f8d9f-a847-412d-bd36-ee9111ab8ea3,34.04512183333333,-118.26056833333332,0,0
595814c8-5ead-4e13-ae23-555456a6a194,34.04404831666667,-118.24530791666666,0,0
00fb7d7d-b6a0-4fbb-bc3b-38d73876ed17,34.07224266666666,-118.45216716666667,0,0
74a3212e-c8cf-40f0-970e-308f73b8b9f7,34.052810666666666,-118.41705321666669,0,0
b3529de0-9344-4413-a4e4-08cfc833d419,34.05595016666667,-118.42824555,0,0
d9848526-f15a-4da2-9004-f256765eb647,34.04846955,-118.44517516666669,0,0
d7735d78-5f6a-4acf-8ba2-a9323f5d09de,34.10173416666667,-118.30863953333333,0,0
71b2aba2-aaa6-4e94-9d3f-07ec76b571e9,34.05730438333333,-118.42469788333334,0,0
a8ac12f0-7bc4-464b-aaff-b963fe37a065,34.07278061666667,-118.36164093333333,0,0
ed4418fa-88ce-4f8c-a126-24fd6c7a14fe,34.04611968333334,-118.26191711666667,0,0
8ab10bea-043e-4b97-9fd2-2cb8835f3a42,34.03878403333333,-118.26293181666666,0,0
bb34785a-8e5f-4067-ae02-3ac97b14c5f6,34.022155766666664,-118.28012085,0,0
d3fe0e40-189e-4a14-beeb-33da2bd53ed5,34.00092315,-118.46669006666667,0,0
6fba4660-85a6-4694-9ee4-1c43921d930f,34.05556216666666,-118.44444366666667,0,0
95637eec-a453-4fcc-b105-6e8ca993f21b,34.101268766666664,-118.34506988333332,0,0
a3e66583-b94a-45e4-956b-34b422551db1,34.090965266666664,-118.27863311666667,0,0
f8bbdb4c-fa8c-40ea-8944-3871a8e26b22,34.050594333333336,-118.2889862,0,0
c87bfe30-7177-48af-b416-480d99cb1dac,34.06519698333333,-118.45069121666666,0,0
9096a5ef-5334-4174-bfbe-e78acdcb0a6d,34.05934525,-118.44148255,0,0
8005c655-fb56-47c5-84e1-77ceb428e5d9,34.06850815,-118.45088195000001,0,0
f8094d81-e7c2-4694-9894-25390354723b,34.073142999999995,-118.44025421666666,0,0
1289ac39-324e-4a21-8a1b-2a1b50e918e0,34.074325566666666,-118.44031525,0,0
77fb52d7-f36a-414d-8f74-7bca3649561b,34.0000763,-118.46552276666668,0,0
660e5e4e-362e-4a42-8e7f-1cf2a0f9d05d,34.065704350000004,-118.45068359999999,0,0
2afb1a0b-fe4c-47bf-8fa4-6e0654ea0e20,34.04884338333333,-118.25317383333335,0,0
84bf2675-e3b4-4e2c-be53-8155ecbb436c,34.06630883333333,-118.44184133333334,0,0
4aacdfaa-1eae-4e53-bfb9-0b314c7f6b97,34.028591150000004,-118.45166015000001,0,0
b0f55f58-4cc7-46f5-b97f-1df44509885e,34.04462815,-118.26423645000001,0,0
cd993776-86b3-458b-b823-f7fbe101b796,34.04504395,-118.25716400000002,0,0
f77cae32-7141-4219-92f7-5032ec89fe79,34.03959275,-118.26734161666667,0,0
60e0713a-1bad-4218-82e3-0ecc284fce02,34.04727483333333,-118.31714699999999,0,0
04703633-7db9-457e-9292-2fe7058f0228,34.017200466666665,-118.40554046666666,0,0
1633bd15-9bf3-4fbf-8bce-bec1a3397d5a,33.96829223333334,-118.41877746666665,0,0
7063d62c-ea73-4537-baa0-e87bf4f9bcde,34.044844499999996,-118.25631333333334,0,0
888af6e0-5846-44af-b4ed-520b68d8dfb3,34.04468536666666,-118.26430511666668,0,0
9a9d793f-7e90-4c36-8eea-05e289733bf9,34.084083549999995,-118.36904906666665,0,0
05e9638f-829a-4a11-b5c6-49429eb3da07,34.099956516666666,-118.32524871666668,0,0
41ee90c4-024a-48c3-a885-9335a9709ce0,34.082073216666664,-118.25445556666666,0,0
71c606fb-53cf-4459-bb67-d9c9a9fbb4eb,34.064373016666664,-118.37239838333335,0,0
8d256a2d-a3cf-4888-90bf-80b6d6d22fcc,33.9876213,-118.44534301666665,0,0
e19ae80e-a064-4865-96ac-2c6889e48ffd,34.071796416666665,-118.45232391666666,1,0
4fe21c44-b7a8-4cf6-a7be-65bf7d4ad8da,34.06219416666667,-118.44675666666666,0,0
ea309f7b-c459-4ea0-b615-fa01e0f0dbce,34.0754955,-118.44010733333334,0,0
2e17c78e-e520-43fc-8a80-e17ef5e4f8d9,34.047767633333336,-118.4449997,0,0
b5e3e50c-37b5-4c1a-82a0-cb736ef90cab,34.027904516666666,-118.28125763333334,0,0
0b42349c-da73-458e-a915-769eb3400371,34.09918975,-118.32375335,0,0
668a5d98-9390-4e46-9c0c-5a64c795e23a,34.105365750000004,-118.34531403333334,0,0
fe9831d0-bf54-415f-b28d-3ae1105906f8,34.025198833333334,-118.41632399999999,0,0
410b0db4-7831-450f-be12-dc54a2e0d8ec,34.02814101666667,-118.38990020000001,0,0
38d9e4da-db17-4553-bbc4-32ed559a9bb8,34.05349783333334,-118.26276933333332,0,0
9f72c1a4-3793-43f8-95e5-59f2c4327e20,34.070144649999996,-118.44974518333332,0,0
b1333abc-c09e-489c-b8fa-dd8e11ba44d2,34.053701333333336,-118.44053733333334,0,0
278e48c9-1782-4dbe-a6db-e51a2e677172,34.042167666666664,-118.25242615,0,0
4ca3f8cc-111a-448c-9909-e2007471455f,34.06177520000001,-118.44652556666666,0,0
1e7db1ce-c66b-4edc-ab95-d220561e4403,34.04735946666666,-118.45053863333332,0,0
0a08d651-f6c1-423e-8059-ed4145827bd3,34.06130981666667,-118.44612121666665,0,0
525d19bc-23ec-4c72-8c17-a7e533d6a510,34.03670616666667,-118.241532,0,0
0f38c75c-08e1-4072-a4d2-f2dda3726a26,34.021804816666666,-118.28030394999999,0,0
83393f5f-d9f3-45c1-817d-118956bd2891,34.05577086666666,-118.42693328333334,0,0
1437f6c0-4271-4e9e-969d-34e9957d3657,33.9861412,-118.44221496666665,0,0
41c34b7d-a7c1-4b6b-8cab-0b207cddd31e,34.06840716666667,-118.44311333333332,0,0
2092e855-7d5c-433d-a88a-d518e0a6139f,34.06394733333333,-118.45100333333333,0,0
eb3c5003-2070-4240-a18a-0b2233728f97,34.04520798333333,-118.28760528333332,0,0
6a0c2284-4556-434a-aba1-6160a2539cac,34.085372916666664,-118.34725189999999,0,0
2a6cd32b-b212-4204-b6bf-1a215a7d989f,34.02659033333334,-118.40580849999999,0,0
635803c5-b2f7-44a1-a50c-ed46cb894886,34.09912871666667,-118.32373046666667,0,0
27f3293e-63ee-4251-93e0-700480635205,34.17952728333333,-118.40119933333332,0,0
8b9b5999-8cdb-4e72-8d60-bc863b12decc,34.0717865,-118.44950983333335,0,0
c843622c-971b-44f0-baf6-5e0a62f36624,34.06920241666667,-118.45166015000001,0,0
7ff76f44-406c-4de3-8adb-ba611c711de2,34.0654068,-118.44927215000001,0,0
6e1d75f3-9fa1-4ef1-81c7-5a234f9a6d29,34.051399233333335,-118.25804138333334,0,0
2521d86d-d84f-4fed-bbd2-4356e86e3726,33.98584746666667,-118.44302368333335,0,0
c5e82bef-1c5c-4eff-b685-891e035e5ee9,34.05031205,-118.24352265,0,0
a206826c-f066-4cb6-9b1d-f50293d0f8e7,34.100701666666666,-118.3281035,0,0
38df6cc9-9d40-4698-ade0-910074de1b94,34.07064056666666,-118.4460907,0,0
156c15da-ff18-4ca5-941c-58155aed60a6,34.043762199999996,-118.26498413333333,0,0
4838cdfd-c540-4041-9aa5-f98ecf4440f3,34.06787491666667,-118.25315093333332,0,0
afedb4b6-2e5a-410a-adc9-40b35e613efc,34.040187833333334,-118.26301575000001,0,0
161ba14f-9dc8-4142-9dfd-189c989a66e5,34.05121231666667,-118.24207306666668,0,0
37976dbb-5a14-4f7f-8062-eb4ca186499e,33.965965266666664,-118.41651916666666,0,0
07548d06-1bf8-4afd-a1e0-ab48e8ff7cc0,34.10161633333333,-118.30942866666668,0,0
39f9f97f-0983-4b8d-8f0e-035d63cd2a19,34.06805801666667,-118.44933318333332,0,0
f7fec053-e31a-428f-8311-e1eae63b1b27,34.041446683333334,-118.3034668,0,0
a08a83c0-407d-4834-a1e0-37263d2f4fad,34.072340000000004,-118.45278416666666,0,0
09021cbe-1f74-411a-abe5-ffc0eb010285,34.06646728333333,-118.45257568333334,0,0
b8b83f2f-accb-410a-8fad-36c1e56df1cc,34.08398438333334,-118.36161041666668,0,0
de349e0d-37f1-4cda-9ad2-6afae2c42aeb,34.05936583333333,-118.44597666666665,0,0
c3a8d708-276a-4edd-8970-db63a92417f0,34.05873871666667,-118.27260589999999,0,0
1ec622b3-4452-4898-8b58-96dd31bf4bcb,34.073066716666666,-118.44029998333332,0,0
da089dfe-5851-479d-88f0-eeb7da1b7e69,34.07307053333333,-118.44023895000001,0,0
894faf3b-0763-4662-a069-222219467e15,34.071949000000004,-118.45256805,0,0
87a1cf64-aa9f-45ae-af46-81fa59c6de6f,34.05825425,-118.26687621666666,0,0
00ac48c3-8f02-43f4-9a57-8ef00c4606eb,34.033035283333334,-118.26882935,0,0
a9750daf-d3ad-4421-830e-4d1c047046c8,34.04497146666667,-118.25025176666668,0,0
39ca0e0c-b335-47f4-aa2c-2430974104a4,34.06842041666666,-118.44246673333333,0,0
b1746de7-4419-4a18-b1b7-65f09955606f,34.044212333333334,-118.26461791666667,0,0
132d9a27-e822-4d93-8059-93f44219e252,34.062126166666665,-118.4468689,0,0
fba4aae8-8a2a-431c-946c-6a3b4ed3f664,34.0458641,-118.23603820000001,0,0
f80bee7c-a95b-441a-a4fe-6abd44d8e0cf,34.07349776666667,-118.44315338333332,0,0
c62ac0e1-ce7d-46d4-be86-cdc87c930fea,33.998947150000006,-118.43798065000001,0,0
d3e9cdd6-77d7-4bb5-984d-3fb62bcb6287,33.98831176666667,-118.46909331666666,0,0
75762eef-2ca6-4444-8fee-4070480515ba,34.04820251666667,-118.25809478333333,0,0
41f5d765-3f67-41c8-ae0b-6e872e72576b,34.049696833333336,-118.25418283333332,0,0
a69bf6ea-db55-4c6a-b199-ad50d183106b,34.0725975,-118.43955230000002,0,0
d2ea890b-aa72-49cf-b45e-cfaee3d834e0,34.06273651666667,-118.44281006666667,0,0
95e9bdf4-57f6-472c-9dcd-5a89e8b8a302,34.050369266666664,-118.25048828333333,0,0
9ff2bc2b-403c-49e5-a35b-687e0a2efd82,34.047309883333334,-118.45900726666666,0,0
f05d159d-c953-44f7-85e5-2a014204ac54,34.07287216666667,-118.45069121666666,0,0
6ba49eec-336a-4b74-9267-3bbf4e136384,34.058158866666666,-118.44594573333333,0,0
ece89088-5d41-4d90-a191-50122057ba27,34.10871505,-118.32965850000001,0,0
8014412d-cebf-4d39-bb08-4378e56defbf,34.06911086666666,-118.45181275000002,0,0
2eaa0566-1d79-4d37-a15d-fe32f6f9fafb,34.04258728333333,-118.25765991666667,0,0
5d0b75db-c13b-411f-91b9-8c740b28f160,34.04633331666666,-118.25938415,0,0
daba3cd0-c7ac-4772-b01b-b0dc581e2041,34.058547966666666,-118.29869843333333,0,0
2bb19144-2649-4b77-a198-b310da4528ea,34.061929166666665,-118.45000933333334,0,0
49310a2b-6d35-49f1-b313-b18630e4f679,34.023933416666665,-118.28374481666667,1,0
d4cfc281-4f12-45b5-b7b7-ede70d63bcf3,34.04634475,-118.25930023333333,0,0
6833665b-9e65-4ef6-a240-54ad9b66b88b,34.02517318333333,-118.33529663333333,0,0
6c353b97-bd18-4d93-a450-89dc90cd8a28,34.06140136666667,-118.44627379999999,0,0
3d8eeda0-c09e-49cb-a7d5-3c8f9074bd84,34.048957816666665,-118.24428558333332,0,0
90906165-2071-44f9-a6b7-2435224d1b2b,34.054733283333334,-118.24817656666667,0,0
c7f30960-17fb-490b-8916-fc19ffc49b6e,34.059299466666666,-118.44544983333331,0,0
a64d2754-a403-4d61-a800-77595e26a7d7,34.026664733333334,-118.37197876666666,0,0
96867f83-11e0-4f3f-b49e-a23630366e14,34.04540633333333,-118.26600646666665,0,0
3bf2c163-b395-4df2-868a-2f9ce681947f,34.04757333333334,-118.25277966666665,0,0
fda97031-5954-4841-8e81-7cadb628ac9f,34.10595703333333,-118.31821441666668,0,0
641f7822-486b-4050-a6bd-35e97c4d5cdd,34.05330658333333,-118.44195556666666,0,0
1d6c6777-4097-4f95-b1e8-0592bf34ab9d,34.06527328333333,-118.45410156666667,0,0
8ebcd70c-cde9-4954-8f8f-a8726ec55dbd,34.03398513333333,-118.38066101666666,0,0
14b055b8-c2b5-4849-9e03-9c47e1f7411d,34.05582033333334,-118.42686383333333,0,0
f0592cd7-a312-4563-beff-695f5e80a386,34.10025786666667,-118.34468841666667,0,0
1534bb0b-05bc-4c55-86b8-de5e0ce92980,34.04893111666667,-118.2455368,0,0
2d95e995-c11a-4c08-afa7-088a85148a40,34.02791066666667,-118.19664166666668,0,0
663b1cfc-838e-4211-b02d-980c306380ec,34.045299500000006,-118.24461799999999,0,0
d436d992-727e-4823-930a-0191eafd4e48,34.06290055,-118.28248596666666,0,0
151c1e9f-0ffc-4eeb-b0c6-177715ee79ce,34.025478166666666,-118.28307066666666,0,0
6d1a1abe-a7f9-4b40-8001-a86731117c77,34.06222783333333,-118.45052866666668,0,0
8569742e-0e5f-43b2-b310-2168492a1a79,34.062045499999996,-118.44688016666666,0,0
599e4078-39fb-4fca-ad72-13e6e7d371f3,34.04759216666666,-118.33578491666667,0,0
d6c5649d-d916-4d8b-9f9c-a7261b4a14f0,34.045753483333336,-118.25794983333331,0,0
fceb6c1a-9fb4-4af6-8e1f-9dcc51572eee,34.05113983333333,-118.25542449999999,0,0
3c162e52-850e-4adc-82b9-56e9d4996beb,34.02350616666667,-118.28404236666665,0,0
e6edd1aa-1e50-4e26-9226-c50b47bde8c4,34.06863403333333,-118.45272826666665,0,0
02b1eab1-e0e6-40a0-9824-38d479d549d5,34.048309333333336,-118.23814391666669,0,0
53a8d400-d5a9-4df1-9baf-80d289da5fc1,34.17406081666666,-118.43936156666665,0,0
6c17a934-ad32-41f3-9825-8d7a9c0e286f,34.02177048333333,-118.41738891666667,0,0
79d53fee-c60d-478a-bc68-b13c9675ea29,34.05293733333333,-118.28648833333334,0,0
58750cb0-8331-4ce6-a55a-2da7850e8e7c,34.084022516666664,-118.36161041666668,0,0
c2dc9b37-2562-4d29-acf8-4b4c8f4b2808,34.07283401666667,-118.45364380000001,0,0
bcd21339-a6e0-44b8-8c20-c9c5b193567d,34.08433915,-118.34970855000002,0,0
869791ab-fc6f-47bd-859a-589faadb73cb,34.048248283333336,-118.23815918333334,0,0
b69940e0-8897-4990-a4e7-d8146b5da5d6,34.057061833333336,-118.39404600000002,0,0
f20a2f96-c22b-41a3-81fa-1f89b4aa0ce5,34.10157395,-118.30841065000001,0,0
6e9f1370-7c45-4e69-b786-4c1e34fb024c,34.08765793333334,-118.30178833333333,0,0
6e9455c7-d04f-41dd-8269-1d2fc143b0f1,34.065199666666665,-118.45298216666667,0,0
9a999090-18ab-4601-ba77-7d21a4e6baa7,34.07300948333333,-118.43902588333334,0,0
cc90eedb-37f8-4809-a334-72716fa64e20,34.013507849999996,-118.34911346666668,0,0
702d44a4-76f8-45c5-84be-601060815d48,34.06721496666667,-118.45126343333335,0,0
e03ffc3a-3f7b-4fb6-b5eb-7a19434bff7f,34.06211733333334,-118.45129383333332,0,0
9920aa44-0d76-432f-bd22-41d6ac9f511f,34.05543136666667,-118.44304656666667,0,0
30626054-7e7e-42f9-a611-5582e1980d9f,34.04313333333334,-118.37990300000001,0,0
9e57ac78-418d-4777-afd1-e102c30f034b,34.022006983333334,-118.28020476666667,0,0
d9f9b156-9f3d-4ab7-b278-bb2c7f05704b,34.0656662,-118.45072173333334,0,0
43428c22-e7e3-4f94-9b4d-0c912884a29d,34.072488666666665,-118.44087616666665,0,0
019e78ab-0502-4fae-95d4-4d2cd979f05a,34.100179000000004,-118.28988083333334,0,0
104ef2d1-382d-4e65-a699-2f5d836f9e53,34.031845100000005,-118.45253753333333,0,0
e8c4b7c9-4283-4697-9f4c-f7c2e0159a18,34.072734833333335,-118.44972466666668,0,0
379a7440-e3bf-4df7-89ea-3c945e2ab061,34.101699833333335,-118.30825043333334,0,0
10cd20a3-e7d7-450c-a929-67b0ca8c893b,34.05727768333334,-118.25237274999999,0,0
b45852bf-35c5-4f47-9b1d-cc284f9661c8,34.0747261,-118.44207,0,0
514d26b7-fdcc-4543-9ed5-ed045c17a3d6,34.05391693333333,-118.42958068333334,0,0
9dcb17ee-1c76-43b1-8cf8-511a290bfc22,34.01712036666667,-118.40563965000001,0,0
aa93b47c-333b-40ab-b9b7-473423f29a9f,34.0953435,-118.31808566666665,0,0
32011cac-4a3e-4b85-9fcc-a36f6d103240,34.0489006,-118.37484741666667,0,0
3a36cde6-479f-4f21-be15-fe3ce86cc27f,34.0407257,-118.25731658333333,0,0
9943ac6f-0c24-49e9-b4c5-8b39f7a85854,34.03806305,-118.405159,0,0
b37a71ad-f251-479d-a1d9-674b5352e648,34.05600738333333,-118.23770141666667,0,0
b06ab8ed-cf9c-456b-95d0-982a5a0526a8,34.05375671666666,-118.38267516666669,0,0
3f0dac0c-e802-4288-96d8-73f412f761a4,34.04327393333333,-118.25401306666666,0,0
56219097-205e-420a-8651-31d50c76448a,34.059505466666664,-118.44467163333333,0,0
8da1d890-f2fd-48a8-b0df-d7611b7b253b,34.0571085,-118.270701,0,0
f0318032-e465-4d7b-a287-8f2b847b18ed,34.06694793333334,-118.44915771666668,0,0
555f7615-cd43-42a0-b4ea-48a42fbd2e02,34.09205626666667,-118.27979278333332,0,0
079a024e-cc9f-448f-8488-84bb487d367a,34.07196783333333,-118.44093849999999,1,0
4b426220-4b05-4d7b-ab6a-3c79e8207fe8,33.98997498333333,-118.44853210000001,0,0
ba275005-2400-45a5-993c-d2e9d5bd5f52,34.074157166666666,-118.44086366666667,0,0
3e15cec6-2f4c-467c-917c-0e25bc715bac,34.10737566666667,-118.31056650000001,0,0
bd29b611-b63b-4362-b6ab-bf98fc779f90,34.07096481666667,-118.44944763333334,0,0
f5b5c9cc-18b7-4aa4-acbf-2fe150bce926,34.051189416666666,-118.25288391666666,0,0
d5664295-42f1-4ac5-8f8d-65432f910d76,34.066841133333334,-118.45438385000001,0,0
74cc6185-510a-4794-a55f-efbe5e18eeb7,34.15096283333333,-118.44721221666666,0,0
3ced227a-e169-4be1-8880-a4fe304475f1,34.0474968,-118.26985931666668,0,0
a49e4e8d-e7e4-4f5a-8d7b-adfb26c6abb5,34.02203566666667,-118.27976483333332,0,0
289f61ba-5913-4001-a677-bc974685dab4,34.06119156666667,-118.44715118333333,0,0
6853f752-0fe6-4d33-96f7-08c9c189f341,33.97960281666667,-118.46585083333333,0,0
67a4d454-b9a5-415a-afd8-354c0698aa44,34.017265316666666,-118.40518188333333,0,0
131eab6d-b136-4330-8671-333882736047,34.0713768,-118.45059966666668,0,0
8645e9b8-5ed9-4e85-9ca6-0ceaccad0097,34.052867883333334,-118.25144195,0,0
da6e6a5f-5125-42db-9e73-4fd6d3a87fcb,34.06958766666666,-118.44010899999999,0,0
dfed7f4b-f422-4257-8c4d-907b1db2aea1,33.969795233333336,-118.45473480000001,0,0
3c753d60-0833-4d7c-82e9-679d8540375e,34.0477066,-118.26099395000001,0,0
c596a73a-bb76-46f3-af20-b0de4a06fd5f,34.05243683333333,-118.26274108333334,0,0
cf900bba-59a7-41bc-85ef-162ddf843f7d,34.05287933333333,-118.24750518333333,0,0
8afd4ffb-d7f1-4ac1-baca-626e10e547b8,34.092147833333335,-118.30239868333335,0,0
7a467fdf-5a37-4dc8-a568-8eae53e37029,34.02926255,-118.40338134999999,0,0
278850d9-0a8b-496f-9a7f-fde4633189f2,34.071559900000004,-118.45232391666666,0,0
28584e36-a090-47b9-97be-981bcf5d2d4c,34.0452156,-118.41870116666665,0,0
ba37481a-fe05-4c6a-be26-0305a96ad26d,34.06508255000001,-118.44633483333334,0,0
cd1f943d-ad30-4604-b9d8-3d3d630052e8,33.94623565,-118.39072418333332,0,0
05e91d4a-9d4f-4d8e-be17-5d3b21963fe7,34.053710933333335,-118.44142913333332,0,0
e54040d8-681c-429a-8c8f-04169eb60c47,34.032444000000005,-118.34144591666667,0,0
15f0ad4d-4fe6-49d4-8257-aaebca711303,34.04809951666667,-118.45851135,0,0
81ec3cfb-a069-4b0e-b2f3-9892496e825d,34.070598600000004,-118.34400939999999,0,0
89f7ceb9-c826-492e-bae0-118e45a6c066,34.045141333333326,-118.26369500000001,0,0
60b8f131-9b3b-49f7-9c92-d041ce48dcea,34.06929398333333,-118.43476868333333,0,0
48a14d93-a521-48b0-809f-fc7be6963495,34.050018316666666,-118.24891663333334,0,0
2d295025-1db4-414f-8510-1e3ae41f12d1,34.045482633333336,-118.26563263333334,0,0
e9fc3d8a-8970-44e8-9829-1d42ae4fe648,34.045413966666665,-118.23419951666668,0,0
b003b86d-1f4a-45f6-9ecb-69d973f2f5da,34.04915618333334,-118.25799559999999,0,0
6fe798e3-eb20-4434-a4d9-59b85408a9d6,34.04888535,-118.26225279999998,0,0
97bc9f0a-33f7-4975-823f-6356a5a4d91c,34.05517578333333,-118.26142883333333,1,0
271cf3d8-7b7b-4718-b8b4-7908538dd0a1,34.04554133333333,-118.25396766666667,0,0
190e34c1-4232-40f1-9594-99049bb6f151,34.021976466666665,-118.28024291666667,0,0
9e971e5f-e0a8-4805-8949-ecf91f3cd60d,34.0304718,-118.26870728333333,1,0
08839974-8e75-4442-9b62-8d5c7bb6c4ab,34.00214005,-118.46990966666665,0,0
c4a1384c-dbd7-464d-a75e-6a756c4dccf6,34.0270691,-118.27114868333335,0,0
6e31172a-1490-48b4-826d-ea7ffed97382,34.035076133333334,-118.43428801666666,0,0
3bac6f0c-3b67-4871-8fd2-ae52550ce963,34.04127501666667,-118.23786926666668,0,0
892b73a9-bc92-4e2e-bb10-885e746e07f9,34.04444121666667,-118.26438903333334,0,0
e0ecd3d5-cce6-4211-a81d-69ab178625e6,34.10186386666667,-118.30822753333332,0,0
6bbe578c-27f9-478c-a7ba-e7004c810714,34.073783866666666,-118.43964386666667,0,0
93e63ce2-6fa0-4360-b217-26e2f97c72e6,34.02842116666667,-118.28243733333332,0,0
d5c33fcf-5296-4eeb-9443-5bde0d9581b2,34.052062983333336,-118.25524901666668,0,0
33276690-78df-4914-8595-669a887370ed,34.0415535,-118.26337433333335,0,0
09e259f7-01cb-403c-8a61-8f75f8a8ee48,34.070873266666666,-118.35656738333334,0,0
94e9eef4-1018-45ce-98be-2b17e3962c1d,34.05714798333334,-118.25295258333333,0,0
e1c5984f-e3fe-4bfc-b764-12e1b70ca4f0,34.07125473333333,-118.45298003333333,0,0
fcd4f99b-d8cb-49a6-8d72-6d0560c7f2cc,34.1002655,-118.34471893333333,0,0
d938a5fe-aeec-49fe-8fa5-5b21c50d3650,34.06953811666666,-118.44876098333334,1,0
5b95a788-9426-4cb9-a835-162e5af1e365,34.06157303333334,-118.30760955,0,0
de757159-53e5-4538-a14e-fbace5b85a99,34.07741333333333,-118.43946550000001,0,0
452060aa-4350-4760-8e7b-baa8c73e85a4,34.04649716666667,-118.26385583333334,0,0
bd3f9ebe-92df-4bf5-91f5-d6b1221b643d,34.04584503333333,-118.24314116666667,0,0
2cfc71b4-68a5-49ac-a6f5-6418e97c9e45,34.05027008333333,-118.24354553333333,0,0
2074848d-b135-4942-b06f-41b94e2c8f64,34.09627151666667,-118.34405518333332,0,0
4e2146f2-1059-4d0b-a7e5-de129b625ed3,34.05570601666667,-118.42640686666667,0,0
fc31e293-1b34-4eb5-a8b3-f3fedcc4ca50,34.0413704,-118.38267516666669,0,0
4669f4f9-6b15-4b99-84b6-383f9d3bf37d,34.07242766666666,-118.44087650000002,0,0
dc8a450a-6e32-4847-a4a9-b1e896ddce3e,34.099679333333334,-118.34891533333332,0,0
7a354ccc-5f74-49e6-bcbc-673b93de4652,34.03776931666666,-118.44071198333334,0,0
4b92c5a7-4168-4949-9e68-b14179728f75,34.10188675,-118.30844116666667,0,0
3314ef69-ed56-4392-8189-c0f6caec44ad,33.96196746666667,-118.41965485,0,0
93fe964b-77e6-4d9d-aa80-9540abd66656,34.06949233333333,-118.43914031666667,0,0
f4ef2074-e412-411a-822d-b88c20f26fdb,34.066556999999996,-118.45209600000001,0,0
6852784d-1cbd-4e73-8687-586788d20fb6,34.07181168333333,-118.45226288333333,0,0
2afc720b-bd68-42ef-b340-41f64464a145,34.07305145,-118.45331573333333,0,0
b272c9dc-186b-46fa-a207-de251c401dcc,34.102085116666665,-118.30928801666666,0,0
8198195c-3ca3-47b8-b19c-2df32a411c72,34.05546951666667,-118.24834441666665,0,0
259fbd81-6921-4d4b-9f01-8f0a5ec25f1b,34.07332133333333,-118.44362583333334,0,0
a31300ae-c07e-42a7-9b88-c058a5fef163,34.072734833333335,-118.44971466666667,0,0
8f1590fc-a686-487f-81c8-36861d126009,34.062152866666665,-118.45047760000001,0,0
bbd595b5-ccf1-4bee-89df-9f9b7099d908,34.06539416666667,-118.44926050000001,0,0
151ecd79-9827-4e2f-a6da-8f35ddca2b10,33.980514533333334,-118.46459198333332,0,0
cdd883e5-ec7f-4141-aedc-85d97a8f4aa0,34.0699501,-118.45294190000001,0,0
435209f3-05a0-427a-bccf-b50b9035addc,34.073097233333336,-118.45332336666667,0,0
40d1273d-09fc-49a6-89a2-6b522ce3be3a,34.05991744999999,-118.44635773333333,0,0
1ba1f9f4-bbaa-44be-b736-5c593958ddcc,34.04376601666667,-118.26499176666667,0,0
84157bb6-6e05-4b80-af2f-99442eddec3e,34.052417750000004,-118.28318786666665,0,0
de070ce1-779e-47fd-a5dd-9ef4a2e8cd0c,34.07252501666667,-118.45075988333335,0,0
0bd1dc77-8644-4438-a6c8-9b34b2b1f921,34.07358816666667,-118.44183916666667,0,0
9b65d648-e0f0-4f7d-aa20-6dc975570045,34.05548476666667,-118.24832916666668,0,0
7efe104c-8d36-496b-b130-5c3db3ca57fa,34.07027816666667,-118.45314788333332,0,0
7851e6f8-4aca-47c0-81e4-1bac6d25e207,34.10206223333333,-118.30940246666665,0,0
eb04e66f-c1ee-4d4b-9e8f-860b31d35a29,34.041023249999995,-118.26439666666666,1,0
10da63b4-4a4c-4330-b727-c03951b68fab,34.15765761666667,-118.47052764999998,0,0
87f1df64-0ad5-46ef-8a63-2cb00299e5bb,34.048393250000004,-118.25839996666667,0,0
0730ffd7-661e-4b1d-98bb-0d3c612f2b3f,34.05730438333333,-118.42468261666666,0,0
afae2291-f321-4e94-a9d5-85b45f30c76e,34.06782883333334,-118.44877316666667,0,0
cc7a7636-4510-4243-9bd2-adbd903a8bc1,34.10195923333333,-118.30049133333333,0,0
3262213f-24bf-4dac-b09d-96eafd4c11b3,33.94567883333333,-118.38463500000002,0,0
5ce23568-155d-4034-9850-51c29b9157d2,34.065242766666664,-118.45292663333333,0,0
7bd7db13-2afb-4785-a522-f5a49cf52543,33.97957993333333,-118.46579741666667,0,0
bffef1d0-64fa-4d62-a501-1dfdf12aecbf,34.06830978333333,-118.43904876666666,0,0
33e8ca07-8dfb-45f9-bde4-bbde45b86830,34.07378006666667,-118.43978881666665,0,0
42795105-a84e-4682-a6ac-5c39e3b02fb2,34.05003738333333,-118.46179961666667,0,0
73bf93fa-eb40-4b20-8525-f65e7d0263b7,34.07670593333333,-118.43930816666668,0,0
7c180bf7-de25-4ae9-a95f-428bf863727b,34.00216675,-118.46984863333334,0,0
dc4d113f-8080-4962-931e-e7a3a6cb6af8,34.04467391666667,-118.26033783333332,0,0
cc52f7df-897a-4110-87b1-651330ece1dc,34.08522415,-118.34387206666666,0,0
3960eab3-9373-4f08-8228-4d6d88590c2c,33.98783111666667,-118.44610595,0,0
09dd91ea-2983-4cb4-bf58-be1cbbd009e3,34.02565001666667,-118.27745056666666,0,0
aa72a9d1-1a2b-4d96-b7c7-613597f874db,34.06945066666666,-118.45369966666667,0,0
fa1aef50-7215-452f-aba7-acfa8f4dffc4,33.9981842,-118.45195006666667,0,0
b6ae3e34-4f3f-4d61-8095-b4a9dc0b3479,34.06356566666667,-118.44801016666666,0,0
3e15041f-b8f3-4c3f-b0b2-f57b7784d0e9,34.05152511666667,-118.44631194999998,0,0
99b94613-fc38-4439-9007-ca45d724ba57,34.04263686666666,-118.46928404999998,0,0
297fe9f0-3663-4d9d-a5b6-6fba8ab50437,34.06561016666667,-118.45004866666667,0,0
aabaf5eb-fa7f-4f73-b73f-700fc671d527,34.05331801666667,-118.24736023333335,0,0
8d313afb-7ca6-423f-9352-477a857d19ad,34.045204166666664,-118.2571106,0,0
7a2b177a-a62a-4324-b7f4-cc8458f210de,34.04002761666666,-118.26860810000001,0,0
ba1a5176-c451-41b1-b248-0383cf6a4ced,34.07115936666666,-118.44961548333335,0,0
e1489711-b987-4d24-945a-8cad719e94bd,34.04880141666667,-118.25724791666669,0,0
516536b7-833b-4914-a4cb-9dd36e4485f9,34.1015625,-118.30825043333334,0,0
0597ca78-80a3-4225-a6b9-ceecc694a503,34.07002258333333,-118.45494843333333,0,0
c04f899b-f361-4425-8a67-de814e54a7f2,34.02939816666667,-118.34153466666666,0,0
7949a158-e156-41a3-bc91-91a4666f4aaf,34.04960631666667,-118.46131896666665,0,0
e1c55a8e-2eda-4bda-b44c-0a7fc27327c5,34.05871581666667,-118.24057006666665,1,0
ddb811e8-37c9-428d-a89f-0fa283e0531f,34.07306616666666,-118.45328266666665,0,0
aa71cb56-bf83-415d-9f28-a65368861a59,34.07291793333333,-118.45342254999998,0,0
affeaaac-c605-46bb-9c8c-58a9387cce6f,34.07379531666666,-118.4387207,0,0
c1bcfcc7-b82c-44b9-b82d-2fadcaf963b2,34.07275008333333,-118.3616867,0,0
25218fbb-daf4-44cb-901a-4cd0e3bba681,34.068611499999996,-118.4424155,0,0
9580955b-486b-40a4-a0c9-ac14e445692f,34.06238,-118.44693000000001,0,0
cb43d9b7-b09e-4ba3-bc78-0de4dfeb5de0,34.055140333333334,-118.44187933333333,0,0
169213e2-0968-4359-b75c-5808a68b85ca,34.10155486666667,-118.3082428,0,0
2676a1e1-5bcb-408a-a084-e60568e54508,34.065433500000005,-118.45166015000001,0,0
b3be3ff9-a846-4ddc-bd00-cda955d4d09a,33.98845291666667,-118.44608306666666,0,0
4073abde-5f51-4c0d-a3cf-08ab0b8e87db,34.07252121666667,-118.44082641666667,1,0
df730c12-1c5e-4eac-a1d5-967d21cc362a,34.06520843333333,-118.45288848333333,0,0
365a9c2c-8641-462e-8d3a-39f5d2816792,34.028585666666665,-118.28317483333333,0,0
a60682b3-c152-45bb-8f8e-fb5fa187fca0,34.070395999999995,-118.43975316666668,0,0
12932e6b-3db4-458d-ba1c-a1461d62cd69,34.06762833333333,-118.29932483333332,1,0
f415d5fe-e07c-4e51-9c13-9e6955be92d1,34.06656383333333,-118.44870983333334,0,0
9e7fa946-cdfb-4de0-b194-f31224001e8e,34.0703935,-118.43976066666667,0,0
3af57077-410d-4176-a639-a9e3796289ed,33.98847198333333,-118.47097778333334,0,0
5ac25c76-b06f-4a1e-84fc-a1c1ca8d0e85,34.03437805,-118.27180481666667,0,0
d1a093e2-a7b0-4005-89ce-b976cdda22d5,34.02687835,-118.2793808,0,0
72538cc5-6d32-421f-99a2-662d6f3b44f1,34.0719757,-118.44092559999999,0,0
4eb303bc-a1b0-491e-add9-dde8f82cbc3c,34.160198216666664,-118.52889251666666,0,0
d98e0fab-bb7e-4a6e-aec2-a4a4cbe11ac3,34.076626166666664,-118.44069566666667,0,0
73988ee4-5b8a-4bd8-ac35-fccbc17e6bcd,34.01467895,-118.42215728333333,0,0
f302dacc-4817-449c-a879-1aa6865b8157,34.09533691666666,-118.35505676666668,0,0
585dc07b-2cb3-4232-9e51-4991bfe1afc6,34.048992150000004,-118.25933838333334,1,0
53036168-9307-4cc6-8811-a92b867f3756,34.042621616666665,-118.46928404999998,0,0
b6a079ed-f7e7-4e4b-9f09-316fdb552fd9,33.98582076666666,-118.44306183333335,0,0
5a29ffcc-09f9-4976-8d34-0c0f8c82532a,34.0710825,-118.45177466666668,0,0
dcf34a1f-aa06-47b9-b8d9-f40fb27764b7,34.06767273333333,-118.45347595,0,0
d1508c0b-3eac-40c0-9068-4e5a7f7a9d06,33.95525741666667,-118.38543701666667,0,0
60c6ae0d-884d-4b43-8c00-f2c3f34ba83a,34.07229233333333,-118.45281981666668,1,0
c614bf01-44e9-4aaa-8b66-9b2472e20a3a,33.955001833333334,-118.43811798333333,1,0
90f92ed6-aa74-4e5d-b6bb-3522b56303f0,34.068435666666666,-118.45149993333334,0,0
935c9c5b-6dfc-4295-8973-338eff411e32,34.0166893,-118.26345061666667,0,0
36b1aa23-0ef1-4d72-805c-2573029d61e9,34.07232666666666,-118.44071960000001,0,0
4932589c-27ba-4dd7-982f-e69005300734,34.055976,-118.23719766666666,0,0
09ea62c5-7c39-4798-951d-cc40088f3d5e,34.06423186666667,-118.45132446666666,0,0
920643d8-b7ca-40e7-98d9-607339f7a5dc,34.0485382,-118.2477417,0,0
f68eb8a5-b109-4427-b83e-5d01b78e6c23,34.02729416666667,-118.27994536666665,0,0
4227ae1d-bbee-4703-b1d7-5fbc85d89c99,34.0264206,-118.37182616666665,0,0
8784816c-4d90-411e-8574-94d8c7392165,34.06201553333334,-118.27606201666667,0,0
f130904d-217b-43b3-a23e-1d16caaea0b5,34.07027435,-118.4406662,0,0
686468a3-62dc-4929-9a72-b048570bfbea,34.0667038,-118.45388031666668,0,0
1ba47b76-8e06-4c41-9b6e-6d97098e9dc5,34.14936828333334,-118.44737243333333,0,0
ac660e5d-aabf-4fbb-92e1-4af8cdaaf24c,33.97371673333334,-118.45766448333333,0,0
e492e1f8-ff40-496e-aed0-b019fb75e3f0,33.985469816666665,-118.4375,0,0
439928c8-4ffd-41ee-bc4a-c51c6a43aec2,34.04876328333333,-118.26314544999998,0,0
7901b706-e606-4ada-944b-eb16215390b8,34.04486846666667,-118.26224518333332,0,0
7a8a27fb-5416-4e67-a683-a0bfe6d0c5b8,34.06710316666667,-118.44180783333334,0,0
30d97666-04fc-4134-b933-80dbb1b37c6b,33.996047966666666,-118.44931793333332,0,0
92d47f6a-7863-4a9b-8893-1a80380199a9,34.02212906666667,-118.28009033333335,0,0
1428c1d8-7eec-4d90-9de7-36954b5fd1d6,34.06995773333333,-118.44010161666665,0,0
789050c9-f902-4a76-a9eb-3a1a8a7757e9,34.06364821666667,-118.44342803333332,0,0
f72237f0-4fc8-4cc1-ac9a-f8212170a0b0,34.051399233333335,-118.23839568333332,0,0
90d05070-da2b-4cae-9113-a4197a251a10,34.039230833333335,-118.26407416666667,0,0
faec8361-ad6d-46ca-bfb8-8d4d36ba89ee,33.98993683333333,-118.44768524999999,0,0
ab8199d4-e003-4a5a-a561-0cf544ff6311,34.02822495,-118.28086090000001,0,0
af8480bb-b39b-49ce-9c40-c876b4c74c6c,34.072307583333334,-118.43955993333333,0,0
cafe6aca-9d85-4e6f-acd2-49dad8d3d2c8,34.056213383333336,-118.30209349999998,0,0
309eb499-c0b5-44e0-a543-23ca53bedf6e,34.03074646666666,-118.38621521666667,0,0
ce841b50-be9a-4d04-96bf-8e98dbdedb96,34.039466850000004,-118.26035308333333,1,0
9df56d18-69aa-49d2-a225-c8fe486eecc6,34.10177231666667,-118.30761718333333,0,0
314451e9-f5cd-4a05-b745-ec003aaba7f1,34.07374955,-118.43963623333333,0,0
fb9a8229-9105-4a12-aeb4-55fc66a3fcb7,34.05843735,-118.24033355000002,0,0
6b80df9f-889f-4d6b-afd8-b02739f0abad,34.020088200000004,-118.40521240000001,0,0
1e5588d6-96de-4e1f-b33c-dc3cf3c78890,33.94760895,-118.38614655,0,0
5e9b38ea-4d51-4a6b-8df7-f3bc060425c1,34.04478073333333,-118.26433563333333,0,0
a338010c-ce58-4794-9e5c-1a4d4398626f,34.042896266666666,-118.24781036666667,1,0
86abcdc7-9ffb-4eca-b567-a3c53fab783f,34.060676566666665,-118.28155518333332,0,0
c44b9507-bc2f-4891-891a-1a9ad400c55b,34.074901583333336,-118.44249725,0,0
c4128883-eb90-4209-9d84-51aacede0de9,34.038898466666666,-118.27368926666668,0,0
5e9874cf-7ff7-4814-af1b-202aac7dc820,34.04506301666667,-118.25679016666666,0,0
47c6f4f6-0025-4968-be8d-49c0666a77e0,34.02397536666667,-118.28422546666667,0,0
8e572b2c-a062-45e7-a18a-f033acc2d45a,34.06174088333333,-118.4465332,0,0
a41d0dfd-2d21-4861-abc4-07fec58a014b,34.07539748333333,-118.44181060000001,0,0
e63da414-9e5b-48b4-88f8-9482fef0e8fb,34.07298278333334,-118.44086456666668,0,0
8631f741-de2b-42b2-ade5-7ee51260f50d,34.038085933333335,-118.26127625,0,0
a7ba5d8a-e9f2-427b-9d85-ee9fcfbed2c1,34.06985091666666,-118.44207763333334,0,0
d7571b01-1d03-4550-9ada-1738355320d9,34.07595443333333,-118.25536346666668,0,0
aadecdb7-11ec-4cbe-b521-e4adbe1408a2,34.00521683333333,-118.43103216666665,0,0
04ef99a5-2b86-43ba-be59-a5da50fd6e96,34.09255683333333,-118.32288433333333,0,0
cf511420-1ec6-4346-a684-7bade08b6789,34.00074768333333,-118.40229796666667,0,0
1220fc08-76c5-4a6b-b7a7-02d1e661ed62,33.9793129,-118.46657561666667,0,0
447784dc-9ca6-4bc1-90d9-e444f5f50d2e,34.0415535,-118.24806976666666,0,0
0fe6e138-766a-4511-827e-ab6dd2f99a0b,33.994951666666665,-118.47531066666667,0,0
2e132f38-7f96-4503-83ce-8934b937c894,34.101622,-118.30089033333334,0,0
8abf55e3-c32e-44df-927a-d86d5119e041,34.04278946666667,-118.26009368333334,0,0
ecce2de1-37df-498f-88f6-1aef158677a9,34.102233883333334,-118.30919646666668,0,0
7621adfd-9972-4d99-aff6-0a50166323b7,34.06339645,-118.25978088333335,0,0
2c01dabd-2e11-40e6-9338-f56a55d873e6,34.06885528333333,-118.4390564,0,0
4d2e4d6a-d341-49a8-ae32-c06babfb90a6,34.027430333333335,-118.41009283333332,0,0
a348adfd-d5c8-41b6-80a7-6c1f642b9c3a,34.16312408333333,-118.46355438333333,0,0
e5da476f-5de9-423a-9f72-5984adf50811,34.048362733333335,-118.25241088333333,0,0
e78b137e-0926-4e12-9138-b434ea703f2a,34.06851578333333,-118.44335174999999,0,0
9e42bb65-457f-4def-83eb-3010d666cbdc,34.01843261666667,-118.40673828333333,0,0
713cb202-4fe1-44cd-8356-ae42d20ba7ab,33.9812851,-118.46303558333332,0,0
196a6d09-6488-4029-bd05-7b79d852c634,34.045867916666666,-118.26164245,0,0
fada0825-281a-414f-83ff-1588a2629677,34.07132721666667,-118.44970703333333,0,0
b1781d39-3e3a-433c-b442-d3f40bebeb81,34.06502915,-118.45017241666667,0,0
eda57eca-d609-482f-bf85-1793705c0bb1,34.04210663333333,-118.26300048333333,0,0
ded75305-f97f-4f3e-8648-aaec66ab1023,34.023963933333334,-118.28408813333333,0,0
520ede6d-4e18-496d-8ce7-79397571dcd4,34.04605865,-118.26190184999999,0,0
a8351cf1-0ca2-4800-9760-445d9c2a33a2,34.064441683333335,-118.45279693333332,0,0
5c401b93-09b4-4025-a79f-7c80e94f5720,34.083705900000005,-118.35765074999999,0,0
ff4e25d2-f000-4f86-bbfc-5f9794761fcb,34.02218628333333,-118.28010558333332,0,0
0ddfb797-d6a5-4bdc-a7eb-e0dc806771b0,34.06292725,-118.41562653333334,0,0
7cc6492a-d2a7-4b15-b9f8-96c84cd3b46d,34.062881833333336,-118.4156155,0,0
79178947-c871-48ae-8769-b9ecdfb09ebe,34.04044341666667,-118.4559784,0,0
5ed7851a-c67e-493f-b649-aa4d57ce7e5c,34.05353683333333,-118.25062199999999,0,0
ffa5a5d1-0090-401b-baac-0b874c3db8a5,34.06935,-118.45484333333334,0,0
748e32b4-320e-46c1-890e-2535d9a83adb,34.03788376666667,-118.26135253333332,0,0
dbef53c6-441a-46a3-a9b7-9cff964831a0,34.04621886666666,-118.26148223333333,0,0
fcd3de74-c0bf-4e1f-a470-9c5a0a9c0af0,34.05348968333333,-118.25087738333335,0,0
3f9daff5-bf68-442b-a4db-766742965aa3,34.0767479,-118.3028183,0,0
e6e291d2-4fe2-4da8-a75e-6813b92662c1,34.001194000000005,-118.46803283333333,0,0
3722cd7d-924a-4035-8935-8cd1acebe807,34.03705596666667,-118.23268126666666,0,0
01368c7d-2ee7-4a20-9379-d13542ad5b01,34.034751899999996,-118.23240661666665,0,0
1aa9bdf7-e885-4ff5-8ef3-cc28dc1dea7b,34.07362833333333,-118.20896749999999,0,0
02b120b5-ef9f-498e-958d-d41ad1e76bba,34.0728302,-118.36153411666668,0,0
f1ced77a-191f-4c8a-a7eb-6f2bdd64966f,34.062095649999996,-118.29096985,0,0
826ae7f6-a91b-434f-bcfb-0ac8dfc780ff,34.07363891666667,-118.20908355000002,0,0
e92dc255-603b-4c94-bc68-45b97f984eef,33.959987633333334,-118.40998839999999,0,0
8563dea5-97d1-4de7-9240-09bd93bfdfd4,33.98263168333334,-118.46080779999998,0,0
dfecb49b-b627-4b91-bfc0-19b84da843cd,34.03668595,-118.22144318333334,1,0
8db2a901-2168-43e0-9add-4bc2942f6265,34.07232285,-118.45278168333334,0,0
b6de8ee3-b581-4b1c-9a4c-80b30eecf45f,34.0490303,-118.26500701666667,0,0
d0d0a960-6f78-4db5-9b64-27d23511532c,34.073635100000004,-118.20896911666665,0,0
2051e1a6-2795-4e06-9fce-ab580234a932,33.959903716666666,-118.43591308333335,0,0
aaff1518-e542-4037-8891-60589175501a,34.023990633333334,-118.28347778333334,0,0
96b53f58-6fe7-4199-95c7-72153b4271d8,34.07902516666666,-118.26130266666665,0,0
1864200e-865b-46dc-b626-b629539e5383,34.07283401666667,-118.36150360000002,0,0
6f136e30-a977-42c4-9464-5e17b9de1dc3,34.047515866666664,-118.28874206666666,0,0
10757e69-c1ad-4bc2-aaaa-1ef87dfda3d2,34.03977966666666,-118.40641785000001,0,0
dc821ea0-1aa6-452b-9b72-ce0c1177e975,34.02418266666667,-118.28368116666667,0,0
9a30eacf-da67-40ff-b708-37ac39214356,34.05056381666667,-118.42086028333333,0,0
bd9dcee5-58b8-40f1-8f0b-56ba49263114,34.07133101666667,-118.45054626666666,0,0
eee102dc-bbfb-4f83-a23b-50e39e6905ad,34.04542083333333,-118.26613616666667,0,0
6b570c43-b5cd-4279-9127-7404867f0140,34.06165133333333,-118.43392116666668,0,0
100bf1ce-cc88-4a60-a0ea-a437f6e4e4e1,33.9817009,-118.46292115,0,0
70ca99a1-eb2b-4ccd-9d3c-d7da0fbd8147,34.072848,-118.44365916666666,0,0
b5a6253a-0650-4c0e-8cda-f58720c1f28d,34.04561233333333,-118.25997925000001,0,0
a9cbc467-97d6-46c0-8267-0cbd847547bb,34.06878883333333,-118.44120866666665,0,0
de77864d-69c4-4769-9b41-239e4f2b5d67,34.0228653,-118.27879333333334,0,0
3664640d-3aba-4f01-a003-7ea8835bd35d,33.98845291666667,-118.44607543333335,0,0
d0f7bb78-383a-4f02-8e33-845cc7025f40,34.04506683333333,-118.25679016666666,0,0
b89de52a-5cb6-4fed-9a60-023589642827,34.071289066666665,-118.44026946666666,0,0
72602616-48de-4fec-852a-1a94c41a11de,34.05083846666666,-118.46629333333334,0,0
0cc23660-4361-405e-afef-56f857f861af,34.071956633333336,-118.44091033333333,0,0
7aeb06a3-95c6-4d0f-9d03-c812137bd5a8,34.03909733333333,-118.24459966666667,0,0
40d7a3f1-e58d-4c38-81b6-ded2def1d9df,34.05066681666666,-118.43097686666667,0,0
9635bab1-679d-4645-8cbc-0dd3f5f5ca71,34.06148666666666,-118.44631683333334,0,0
625eac07-bddb-4996-a4dc-57be8dffd27d,33.956876,-118.43480916666667,0,0
53a550b5-0cc9-4f59-bcb6-a8762ce7c6b0,34.06136703333333,-118.43606566666668,0,0
3cad1dd9-3b89-4428-bc24-132790b63f8b,34.0674057,-118.45236206666665,0,0
e8f8c2fb-2677-438b-a2be-ae4e020d5b37,34.05504226666667,-118.44407653333334,0,0
b54d2daf-e4bc-48f7-9118-5db833f475eb,34.08356095,-118.31522369999999,0,0
c8ce891b-2c53-444a-a48c-05255f6bd554,34.09363556666666,-118.31678771666665,0,0
af41d106-ac73-48b4-9949-c7d8ff6b65dc,34.1021347,-118.30909728333333,0,0
40b10aac-fad3-4084-8906-7b6704e9535f,34.10058211666667,-118.32376098333334,0,0
7f08d691-82ab-4a8d-8b91-857d9f0c58cf,33.99480056666666,-118.48013305,0,0
bd9adca2-985c-4c70-bad1-336797a44687,34.02897866666667,-118.40360216666667,0,0
2446a7eb-40e4-411c-b59d-9d3f240ff8aa,34.039685500000004,-118.2463495,0,0
48fde2c5-97ef-4557-98b4-a657093d98d2,34.0711441,-118.44976043333332,0,0
23089a88-011e-478c-bf9a-71f44b97ce91,34.00665665,-118.42993163333334,0,0
8e9338c6-e41a-4ac4-bba0-adb748ad409f,34.047676083333336,-118.44043731666667,0,0
4d452183-2bc4-4ad5-a9dd-f6e9133cc74b,34.0282669,-118.28252411666666,0,0
1b93baa5-65ea-4d37-9952-30c1b6822f63,34.01594925,-118.42089843333333,0,0
3d500e49-102a-480b-94e0-046a9cbe98c5,33.99173736666667,-118.44458008333335,0,0
93a7a3d7-2656-4da4-9b34-a9e509034152,34.06044466666666,-118.44745833333333,0,0
c696c7a6-e983-4cdb-a621-7ea6f7a9e6fd,34.000663749999994,-118.42761229999999,0,0
f8c48abd-dd17-4661-a710-6e4e0804ef4e,34.04885483333333,-118.24121856666667,0,0
3e3463cb-9b81-4560-a4b6-c0b8bf11e301,34.073810583333334,-118.440979,0,0
93b28354-72bf-44cd-8402-d75831b82c62,34.04876433333333,-118.24111933333333,0,0
25ad6d8c-9226-4a0c-89cc-9cebb2408b3b,34.03193233333333,-118.37854466666667,0,0
e35835fc-c682-4d13-817b-c9927324cf1b,34.026344333333334,-118.37181450000001,0,0
fcda9278-4b6e-438c-a537-ae6e67c0faa9,34.087791450000005,-118.27582550000001,1,0
c4be532d-b50c-40a5-b1cd-e06df027ae45,34.049140933333334,-118.25990295000001,1,0
b6007652-64a7-49b6-a391-1d5f4c2d295c,34.07333755,-118.26371001666666,0,0
4873d345-1ab9-47a7-a5d0-f1f6b25f66fb,33.98647308333333,-118.45959473333332,0,0
56b868b7-e00d-40be-ac2e-a8dfc5676ab0,34.06360626666667,-118.4436264,0,0
b19dfab3-87c8-4eae-a749-ea15910aa6a3,34.06285733333333,-118.28250683333333,0,0
2a87b8dd-f793-4a1a-8f2e-1373880844e0,34.062851,-118.28251416666666,0,0
c5e92671-04c9-4519-9719-504517143d8d,34.06287033333333,-118.28255316666667,0,0
86dc0b00-05d9-4b5b-bb14-978539a2df77,34.059633833333336,-118.44430116666666,0,0
573ceece-c222-4e88-be16-250aac98fba2,34.109235166666664,-118.29032800000002,0,0
e51097d9-dba6-4c2e-8f78-9b27a7d2e2f7,34.10806656666667,-118.30849456666668,0,0
ae5dbc80-e61c-422d-8050-03df638e5eb9,33.956226349999994,-118.43862151666666,0,0
3911f7c5-081e-4139-a83f-f9741b954445,34.026500166666665,-118.39411833333334,0,0
3373bcf8-1d15-4c3a-89e0-f332c0154087,34.07350921666667,-118.45206451666667,0,0
473ad763-89be-44d1-9769-6832014b9955,34.04927826666667,-118.26950836666668,0,0
d45ac5d6-baaf-455a-a67e-06cbe6a92a16,34.041053766666664,-118.25570678333334,0,0
838e79c8-6db0-4138-963f-b280d0c18c02,34.04608916666667,-118.23355103333333,0,0
38db299f-432c-404f-9b6a-497d0576c635,34.05353928333333,-118.28901671666667,0,0
53ce32aa-5748-416d-9355-485faf745561,34.0198555,-118.40525055000002,0,0
565ed5d4-5f5d-486a-baa2-816852d7562f,34.02547116666666,-118.27692299999998,0,0
fb4aff89-2d9d-4f0a-ac37-ea72ca321345,34.030754083333335,-118.41396331666668,0,0
da4e0606-3532-46bb-a927-8510673bf62b,33.9558754,-118.38550568333334,0,0
172732c0-9c4c-4314-a3da-cd610260c136,33.9558754,-118.38553619999999,0,0
cb9ef4f1-34fa-4ac5-a9b1-2cc4495d8e20,33.956581666666665,-118.38597983333332,0,0
31eb173c-723a-43c6-9c1f-5866a384c80d,34.02010726666666,-118.25453186666667,0,0
567a19db-1530-403a-b76b-27b3de400985,34.02210235,-118.28009033333335,0,0
15c9fa46-0dd4-43f0-983e-b78037840a3b,34.04861068333333,-118.25677490000001,0,0
2c4182da-b800-4ea9-a515-9146ea760d55,33.979343416666666,-118.46648406666667,0,0
8294de08-670f-41cc-82c4-e13add337ade,34.053047666666664,-118.44356683333332,0,0
c48a9094-db3d-4fe1-a968-4fcbfef01b2f,34.04708481666667,-118.25543213333334,0,0
13aa4f17-b61d-42ef-8798-fc637185a213,34.06656265,-118.44869994999999,0,0
70eb9048-2405-42a6-80db-4831d799fd7e,34.047702783333335,-118.25015258333333,0,0
d48df050-0a3a-480f-9cf9-40eae33f64a2,34.03857421666667,-118.24748229999999,1,0
f6de3ffa-9ee8-41f7-aa4a-57b249c2f0b3,34.04930115,-118.25955963333332,0,0
a6d25977-70dc-4927-ad24-b65849ef1022,33.98749541666667,-118.47196198333334,0,0
3e4ac9e6-321d-44cb-873e-c1d483f2c93d,33.9793129,-118.46656036666667,0,0
e0196d60-17da-426b-b80c-cef91801e5cc,34.02096938333333,-118.43712616666666,0,0
1645fa01-469e-4a80-92ce-dee59b2f5e79,33.98561478333333,-118.42543793333334,0,0
ea1a1cb8-323c-4b1e-aaea-5eb8e20c7cbd,34.0544281,-118.26282501666668,0,0
fee12722-340b-4ff7-8721-0ce900a7e470,33.98796081666667,-118.47059631666667,0,0
db347b3c-a123-4a2d-81bf-9cc363371799,34.07170105,-118.45215606666667,0,0
868f76ef-5f07-4348-9e42-7c7826641b17,34.05334473333333,-118.24747466666668,0,0
49788e41-9117-407f-87b3-bbe3bf6c5219,34.01995468333334,-118.41049956666666,0,0
5d4cd88e-85ea-4c37-9fb3-22dc77b736ee,34.10029601666667,-118.34475708333333,0,0
daf0e298-3313-41e1-a6aa-5ccb564442d6,34.03365706666667,-118.28491973333333,0,0
28239a2f-ccd2-42a9-8b10-d42a33bbec10,34.094577783333335,-118.31586456666668,0,0
ab8b2143-603f-4808-be53-17db5b290c00,34.17188645,-118.44889831666666,0,0
2e0520fc-4dc0-4eca-8218-51f2112de2ca,33.98584366666667,-118.44306183333335,0,0
c6cf1ce9-b3c6-4ed4-b593-bf741a56fffa,34.074474333333335,-118.43963623333333,0,0
13121832-d1b1-4a5b-ad8d-a32e33bd90df,34.05044555,-118.24093628333334,0,0
726bea71-8284-4a6b-a91c-986a965f862c,34.102020833333334,-118.30066983333333,0,0
ecdf0832-5737-4a80-a160-64bf4ff70439,34.04507446666666,-118.25688171666667,0,0
6c66c1d7-b9b7-4d9f-b8cc-cbcaeeceef75,34.04823303333333,-118.2539444,0,0
2054009b-7fca-4139-b16e-eae5ebeaf7af,34.0704085,-118.43986533333333,0,0
593bd672-9b1f-4fd2-ab34-c5aec2f8692b,33.97631455,-118.37986754999999,0,0
9fce015f-7d0c-4a59-8f6a-86bacb81466a,34.099956516666666,-118.35896301666668,0,0
bef37666-5ebb-4349-8dfc-fadef0227152,34.097814,-118.32242333333333,0,0
49da9a67-bf8e-4463-b4f0-740503fd283f,34.067639500000006,-118.44144416666668,0,0
d88d3ee9-0520-42e7-9074-75e23d88306b,34.050327833333334,-118.24614600000001,0,0
9016961c-9c8e-49e4-b32f-1e00daee30b7,34.06770325,-118.44303131666666,0,0
73aee291-8c9c-4bed-ae98-226195ce2d05,34.046112066666666,-118.26716613333335,0,0
dcef5967-8db3-4fbc-8b35-44209f02497c,34.0594902,-118.25453186666667,0,0
e42a8164-3426-4322-8034-efa55002ccf7,33.965934999999995,-118.40556749999999,0,0
bbdb34e1-55b3-4090-b73c-f34f1b02e99f,34.06934356666667,-118.45478820000001,0,0
0b50c1cb-6a8d-44a6-866c-a384ee3e1532,33.97112655,-118.45568085000001,0,0
0d98d7f0-b1e5-4151-b9ec-7de3f28d583a,34.0642662,-118.44967651666666,1,0
c3d02350-ce35-4be6-85a1-7f7afd1d1476,34.040588383333336,-118.44342041666665,0,0
972cd2ab-e072-47f9-b7ea-23508b83b828,34.043640133333334,-118.26498413333333,0,0
a88661cd-7db2-492a-ab03-cb4224a72081,34.0676465,-118.44155716666667,0,0
b7e0ba41-4b35-403a-947c-53be08005a8d,34.050945283333334,-118.43512725000001,0,0
23731720-7c6e-47e5-a40f-92dbdb4335bb,34.04991913333333,-118.25961303333334,0,0
3ebc720b-fa2c-4f58-a24b-1871a18738ef,34.02210616666667,-118.40232086666668,0,0
b81b796b-936f-465c-b46e-41cd23a58cb2,34.03965133333334,-118.265637,0,0
8998759f-be91-453d-b39b-7bf62496c11f,34.063262933333334,-118.44907378333333,1,0
6c2ad117-9885-42f3-a8bf-827f233773d6,33.95848083333333,-118.38410950000001,0,0
b8d8151e-8da8-44f8-af9b-b55364ee2005,34.043880466666664,-118.25790405000001,1,0
8767c44c-c2f6-4f50-8482-aaa943424e8d,34.08990883333333,-118.32312066666667,0,0
c03341c2-9f56-467b-98c3-33ecff3effa8,34.02760315,-118.41363525,0,0
b4b55995-636f-4893-ac50-5d9063204365,34.15222931666666,-118.45678711666666,0,0
052e3509-ceb9-453d-a50a-f79d698c0a9a,34.04849733333333,-118.39752766666668,0,0
1fbee8e7-c21e-4fec-b5d7-3ef19bb3a0a9,34.06505166666667,-118.45014916666666,0,0
6faba3a4-373f-48ec-9715-707ed2ca5a7d,34.038925166666665,-118.26450348333334,0,0
e77014df-a040-4b82-9d06-4ea41a5769f4,34.06180766666667,-118.44435116666666,0,0
3835aa57-94ba-4e3b-9f5a-2ea2599f55d5,34.04413605,-118.25134276666668,0,0
b8a95cf3-135d-4360-a246-962261b9182d,34.06304168333334,-118.28690338333332,0,0
83920bf5-5d6e-4494-9c7f-86d964d6f838,34.06103516666667,-118.443037,0,0
da8319a7-3e8e-434f-9eb5-48fe90f601e0,34.063552849999994,-118.36631775,0,0
e8180bf7-fbe8-4cbb-91d5-d3ede16122b1,34.02788066666667,-118.37237333333333,0,0
d38fc2cd-a9dd-470a-ba1f-eabbd5c90ef1,34.02494048333333,-118.35558318333332,0,0
c632618b-c662-45ce-b4b6-15ece553ecee,34.06780916666666,-118.44882483333335,0,0
0dcd6039-73ee-40f7-84f9-ea9ca9e37446,33.96920013333333,-118.45655059999999,0,0
009c2c15-a9c5-4289-aad7-4e57c1d91b64,33.98970795,-118.46391296666667,0,0
90a55dbb-ac73-4276-8483-bf8ef04dd9b2,33.96917725,-118.45658111666668,0,0
3d0f1c40-edda-4d46-af9b-41a355b8a2f7,34.0255394,-118.41596985,0,0
5987dc6f-0c7a-4c07-bc8c-17b937218c33,33.989715583333336,-118.46387481666667,0,0
b5c50cf2-890e-480c-ac98-ed6c7ee7c9e7,33.98968125,-118.46389769999999,0,0
f3851f4f-4dec-4e10-9355-158c74254919,34.049804683333335,-118.25330353333332,0,0
0199b229-8405-4dc3-a7e3-33aa4935856a,34.070957183333334,-118.4476242,0,0
3a0dd545-ca39-4d8f-ac31-a6e352f24431,34.09991455,-118.34778595000002,1,0
48183e7f-470e-4de9-8c88-eb53198f088a,34.05904388333333,-118.42157745000002,0,0
86ebb979-d0c0-40c8-8644-c8c7ca51666c,34.03146743333333,-118.22951508333333,0,0
600e898c-b0cc-4a40-8c52-7167fcbd1415,34.025711066666666,-118.39523315,0,0
9379698e-7a87-498d-bbf3-a601b321e44a,34.06450271666667,-118.45269775,0,0
6faa1236-fd92-4d35-bf15-ae0e2512620d,34.066600799999996,-118.45320891666667,0,0
6ca74dea-779c-4aab-aca7-690b2b8c6ef4,34.033969883333334,-118.43341826666668,0,0
8034a544-f275-4405-aaa3-a7a58746345d,33.9832573,-118.33074188333333,0,0
828a22e7-0ae9-4460-a0f6-6c14fb598afd,34.0432167,-118.25502013333335,0,0
f3a992a4-1180-4f75-aa57-9f3e36d00ecb,34.04390716666667,-118.24924468333332,0,0
064c5b89-71a5-4079-8c7f-d218b6300937,34.15577766666667,-118.47499916666666,0,0
bfcffd4a-677a-471a-a2cf-d4574d006cbf,34.058960666666664,-118.42153666666667,0,0
94b75655-c24d-43c8-b085-71512a37ecbf,34.06854616666667,-118.30669583333335,0,0
e4b9c39e-d297-4b32-88ad-7d3149816ed6,34.07419205,-118.25424956666666,0,0
0fc2808b-e999-4a37-bc3d-cf7e4efa287e,34.06656646666667,-118.44898986666666,0,0
0f7b2182-b2fd-479d-9322-0b303a648ffe,34.020228833333334,-118.40463733333333,0,0
0edc030e-9604-4a09-9332-959fac3ee9aa,34.07265853333333,-118.45345306666668,0,0
7d28b113-f1ae-4c46-b62f-b51bbcb7ea23,34.043792716666665,-118.26494598333332,0,0
2fee26bb-1497-4d74-9e5d-c98fa5d19cc5,34.06362915,-118.44397735,1,0
a93cf501-2bd8-4740-a867-180c576594a5,33.999277666666664,-118.46206783333334,0,0
ac778d4a-d4be-49cf-80ab-21b1efc8ea72,34.00173568333333,-118.4600296,0,0
eb684ef1-8259-4e9a-b92d-7a5e9ef68193,34.072788233333334,-118.44969940000001,1,0
22b254a7-088d-41ef-8db5-403beaca64da,34.05758285,-118.26838683333332,0,0
088cd0bd-f029-4f99-86ab-7cc849a8f60c,34.043087,-118.38454436666667,0,0
66bc315f-33e4-4f96-abb1-a56dc63a2c0c,34.06021881666666,-118.44739531666667,0,0
908f8941-c5de-4b9f-9fe4-b373d6b441f6,34.095535283333334,-118.2943039,0,0
2a1d8a49-a0a5-42a3-a955-1ffa9d82c90e,34.06227916666667,-118.45044016666667,0,0
4ca3e931-71f8-454d-b47c-55f59812a9c5,34.04026031666667,-118.26820373333334,0,0
3b97c67a-a451-4d76-a92a-c804219b795f,34.001007083333334,-118.4728775,0,0
39b36c74-cb4c-46ee-ba6d-979cb1452262,34.01802445,-118.27527618333333,0,0
06ba9e31-b59e-4146-83d6-c758d130f254,34.05801391666667,-118.33699798333333,0,0
f22cdcec-b88a-478b-a33f-5d11a3b61fd0,34.06765746666667,-118.45147705,0,0
cb89be99-ec64-463c-9731-f6222157cbcf,34.071800233333335,-118.45228576666665,0,0
8b7fa204-37b8-4add-9cca-069bddb4b4d2,34.11211395,-118.18350983333333,0,0
8fd199c9-b707-490c-ac04-103a9e8323d0,34.07349776666667,-118.36132813333333,0,0
35713bba-c3c1-41fb-9881-3d01b088fd0f,34.06423568333333,-118.45199585,0,0
2156ed6a-6054-4e57-b04a-01c8d48ea6f3,34.020095833333336,-118.27960968333333,1,0
69733eec-4e35-4eb3-b9fd-be5a2edd0fb0,34.06365585,-118.44703675000001,0,0
32c67545-200a-4975-ba1a-1716e881127c,34.057041166666664,-118.26139068333332,0,0
9bf294cc-9190-4e02-b266-d44adc126420,34.18883133333333,-118.41842651666666,0,0
a01273ba-d905-4ee6-bb5c-f5eff0faf635,34.02563095,-118.27748871666667,0,0
edaa5cc3-a1ad-427a-a65f-a51de5583a31,34.03256988333333,-118.45375061666667,0,0
1b97c102-2d11-4311-96f8-19717c8fafde,34.02198028333333,-118.27983856666667,0,0
39154393-0477-46bd-85a9-d3503b76bac5,34.03255463333333,-118.45378113333332,0,0
dea66f5e-3b9c-40d3-9d2c-a15087a278b9,34.064342,-118.29150683333334,0,0
375e1ade-f687-41ab-a8aa-194991999103,34.03174973333333,-118.45259856666668,0,0
f696363a-bce9-49be-87ed-4747d7978ce0,34.04705428333333,-118.25518036666666,0,0
f3003fc8-0de1-4efa-92de-da34c6d604b9,34.05342483333333,-118.43726348333333,1,0
ca6729a9-901a-44b6-82ae-1c92aa6941d5,34.021972649999995,-118.27983856666667,0,0
a654e0e2-205a-4fb6-8026-e3c7ed9ddbd4,34.06634903333334,-118.44158173333332,0,0
254fefda-5dc1-4519-96a5-435537a2f5f6,34.04837466666667,-118.4190825,0,0
aecf0e50-8e58-495d-b515-f839659282ba,34.04290008333333,-118.24613953333333,0,0
ae660a94-0f6c-45c2-848b-3035ca2f6354,34.023639683333336,-118.332901,0,0
9be88be6-4f75-4737-9485-feaf5de89df4,34.04822921666666,-118.24724578333334,0,0
a48c0c06-195f-486a-9a90-9c076f024022,34.05453491666666,-118.44255066666668,0,0
dd771d9d-775e-4c67-85c5-cd99ec7d2011,34.04314803333333,-118.26387786666668,0,0
9df01900-10be-423a-86bf-156a72d6effd,34.071956633333336,-118.44088744999999,0,0
d5a0e056-5b0c-4c48-b375-e91272c523e8,34.07331466666667,-118.44197845,0,0
181a7ab5-2a86-4a32-85b1-dbb5e84b58ea,34.05846405,-118.44569396666665,0,0
92679672-a46b-4619-8db3-b60d8416b2a6,34.0689621,-118.45365904999998,0,0
3263b2f4-dc7f-457d-a87b-870f4d48eb98,34.0202713,-118.40367126666666,0,0
6ba248f0-f828-42f4-ae07-35c710e558cc,34.023891449999994,-118.28379058333333,0,0
8b76fa95-a02b-49ed-999f-1b729e2127c1,34.05355683333333,-118.251097,0,0
025f7037-ccb4-4a7b-a506-8db52e1aea50,34.048149116666664,-118.25752258333333,0,0
83a07ab0-c426-4d4f-a999-1acdf781be94,34.01097106666667,-118.28211211666667,0,0
8d4552a1-7ba0-40b8-bc0f-ab1ad748ce8b,33.986156466666664,-118.45528411666668,0,0
f7b1e99c-cf54-4d12-8eb7-b97c3866bd43,34.048000333333334,-118.26150513333332,0,0
a8dc1029-1175-4300-b475-f81530a9de6f,34.097862250000006,-118.32515716666667,0,0
d9afaa6d-382f-4985-ac23-e3df9bc2ccb4,34.09978485,-118.32490539999999,0,0
4b086153-e78f-4b06-a4ea-a797e1fc75c6,34.026180266666664,-118.27819825,0,0
d81ab380-9d16-401d-94c7-70a9e52a31f3,34.15270615,-118.43132781666667,0,0
a718b6ca-43fb-4e27-ac60-a1c12bfe645c,34.07519913333333,-118.25315093333332,0,0
872347a0-1d59-4d79-9335-28bfb334feb2,34.03001316666666,-118.33746783333332,0,0
9298513f-afd1-4e53-950f-37a45a19efb1,34.06087493333334,-118.43486023333335,0,0
fb58c8d2-49dd-41bd-a52f-6a70055f1fb7,34.05873066666666,-118.44348366666667,0,0
06f36aaf-b7b1-4927-963a-fac2d2799bd8,34.07203675,-118.4526596,0,0
dd238298-d8ae-43c4-8b65-14cb7b947f42,34.07121658333333,-118.45111846666666,0,0
49423a63-37c0-45be-af60-408e179c72a1,34.065494533333336,-118.25064086666667,0,0
eafdc8b2-7a88-47e6-8705-bca026bc8173,34.05363083333334,-118.24528503333335,0,0
7f6bfc5e-e7e8-48fa-b246-a6e40e34fa1b,34.046230316666666,-118.45695495,0,0
c6084e71-a478-4156-8545-f7c0158d7e86,34.060382849999996,-118.44760131666665,0,0
1abc44f7-32aa-4dc0-b4f0-e5f323cc7b3a,34.07473755,-118.45134735000002,0,0
a38eec91-c1b9-4d1a-b622-f509cd92a7b6,34.06121063333333,-118.23799896666667,0,0
9ca78269-f3e7-4881-aa4f-64fa84bfce51,34.1441485,-118.43126966666665,0,0
7e9e9e61-09e2-4044-bb69-cbcf8a4a2ea7,34.06670761666667,-118.45082855000001,0,0
5c47ce3a-9292-4cc5-a3d5-816eb77b83bb,33.99699401666667,-118.46400451666665,0,0
4a6b1aa1-3cb1-4654-bde1-aa16f20f9251,34.05422591666666,-118.44045258333333,0,0
1c91225f-8216-4984-bff8-240a623bbb12,34.06833266666667,-118.4433899,0,0
9ab41c64-45ad-448d-92fd-8b495c180fd9,34.04382333333333,-118.46780616666668,0,0
dfae0e9d-e848-4c89-9b75-86f44b3d9360,34.05368,-118.37862866666667,0,0
1988450e-5aed-4b0d-8f4b-d10702954929,34.0611496,-118.4356308,0,0
0ec3277b-7154-4a46-b50a-c9cf52c96026,34.07414245,-118.43866729999999,0,0
38409c99-832e-4b4c-8e25-73e3fc49baa7,33.98680115,-118.46926116666667,0,0
94958ce7-4437-4d18-9e41-ea0cc033cb62,34.0171051,-118.40570068333334,0,0
51390b19-0a15-403a-badb-b04ba3387a0b,34.05002213333333,-118.25901031666666,0,0
81ff89ea-8ae1-4f16-9ea5-a7e53042813e,34.06250381666667,-118.44670104999999,0,0
83a5ab8e-2955-48b8-adab-47ecfa143eec,33.98038483333333,-118.4648819,0,0
0a08361b-1df5-424c-9a61-b11211fb1578,34.0187416,-118.40730285,0,0
35bf3512-2a64-47e5-991d-06f2d1280abc,34.04901505,-118.43489075000001,0,0
f9c41d9c-004b-4e52-8d72-e191b659cf52,34.04727173333333,-118.27260589999999,0,0
881bd1a6-1e15-4d26-aa09-7aaa8d668288,34.06653566666667,-118.44889416666668,0,0
a38ae2f1-1092-4acd-9d00-c36e487cd475,34.10977555,-118.20558166666666,0,0
37ea8e72-35c2-459e-8113-2d8f8f38a625,34.020961766666666,-118.28063965000001,1,0
a992c577-d2b8-40d8-8369-4e42c600bfd4,34.063625333333334,-118.44322204999999,0,0
a2f00717-5a44-4854-b643-fc85d7ca213b,34.164104466666664,-118.39685821666666,1,0
1e3dce19-1473-4395-a1d4-7e8106c948db,34.0549202,-118.44267273333335,0,0
098280b9-0a13-4dda-a280-10a84ccf5b72,34.042652133333334,-118.46928404999998,0,0
6b45b129-3b44-4538-90c1-590b2cc3cc0e,34.102851666666666,-118.30919666666665,0,0
27467976-2d21-4aff-8a6f-85b7999adc8a,34.159515383333336,-118.44607543333335,0,0
20afe7ab-fc29-4c0f-a5c1-0a18dcc279a2,33.988773349999995,-118.46272278333332,0,0
08b16d3d-a3e8-48c4-84f5-c279e80c2424,34.024180333333334,-118.41228866666667,0,0
3f30043f-b9ec-4ea4-b754-04371867cd63,34.04773711666667,-118.21022033333333,0,0
c0f64482-f8b4-4300-9de5-b54403ed6255,34.072376250000005,-118.4528122,0,0
668e7bef-d36f-49d8-8bd8-146bb575b104,34.056751250000005,-118.28771973333332,0,0
443bee59-ae76-47f8-9808-f6d1688d59a8,34.02214813333333,-118.2800293,0,0
18093c1d-664b-47b7-9c83-b255f0d990c7,34.043880466666664,-118.25440978333333,0,0
1588a5a9-36c9-48ba-895f-16809a062111,34.10066223333333,-118.34602356666667,0,0
42b5a621-e33f-425c-a003-b57d76d4554b,34.02206266666667,-118.27976883333334,0,0
3846e434-dc35-4ca7-9416-215bdba52635,34.03791428333333,-118.32977295,0,0
842d6b17-10b9-46d7-b7ec-e969c221bf6c,34.02264023333333,-118.39833831666668,0,0
0512bb6a-f623-42c5-ab94-b4dd69856e34,34.07414245,-118.44075775000002,0,0
51d007ae-b42d-4a93-adde-2c8986387466,33.95905303333333,-118.43357086666668,0,0
f244ce53-5e3d-43e8-b8e0-72baf1e38dd8,34.07476043333334,-118.4394226,0,0
91c37e6e-b7e8-4cdd-afe5-1b5be67782cd,34.039127349999994,-118.26519011666666,0,0
4f82adf9-b291-4b3b-bffd-6cfbadbbb13b,34.026065833333334,-118.20670318333332,0,0
2705e205-816b-4e06-ab7d-c5b0e9dea0c5,33.998164833333334,-118.27390983333335,0,0
08bce32e-57fd-4a18-84d7-d1a69f9854bf,34.049621583333334,-118.25979615,0,0
27e1bff3-938f-494d-97c9-1187c032d434,34.05486298333334,-118.44156646666667,0,0
28813f13-aa6f-462a-a55d-ca4028646881,34.026474,-118.37239838333335,0,0
a89afdab-1e42-4529-972b-2a4239482fc3,34.073455816666666,-118.44406891666668,0,0
feb732c2-b2a8-46e0-af3c-3f2cddfb1894,34.06099701666667,-118.43523406666667,0,0
ba7cf65a-ff8f-4b66-a60a-c51a5a850ee4,34.01766968333333,-118.40911101666667,0,0
9fb44ebe-7515-4370-88c4-73811f055fce,33.98808288333333,-118.4718399,0,0
a9e8deeb-83bf-402f-a35f-758df446053d,34.05071258333333,-118.26338195000001,0,0
cc80300a-d527-4350-8706-5132bc62ee4e,34.06508636666667,-118.4508667,0,0
d09558a1-fa16-4240-b9d6-dff8b4760cd0,34.043762199999996,-118.24329376666668,0,0
23d0a535-c264-4009-aff7-832eedc324e0,33.98264416666667,-118.46079483333332,0,0
30d66a9c-c63c-4f88-9467-7ccb6efa22aa,34.073764800000006,-118.43955993333333,0,0
47cd70a8-dd44-41ef-b673-b3afa0899941,34.07344818333333,-118.43946075000001,0,0
f1a64a7c-e859-4cfd-9cc1-0826896555c4,34.03479766666667,-118.44889831666666,0,0
dbd59482-7eaa-46fd-807b-0141780e616a,34.05516633333333,-118.387019,0,0
ee3c58c7-cf41-43ff-b4ca-f64edd194c3c,34.027507783333334,-118.28498839999999,0,0
d7c5ea46-72d2-4c33-b3ba-08b25382fc14,34.07539368333333,-118.44145965000001,0,0
56538094-ed49-45a0-a168-9bd0e2efd9e4,33.98621368333333,-118.46823119999999,0,0
bf301b9e-bf01-4a4a-ad27-1a97b8159306,34.090099333333335,-118.27806091666667,0,0
3cc1c47a-252a-4a63-a639-9f6227de855b,33.997455599999995,-118.28192901666668,0,0
ec21a6a8-871e-4d7e-aed7-cf0ca4560f30,34.103824616666664,-118.32782745000002,0,0
da03fe30-bd21-4842-8214-4ec9fb44213e,34.067958833333336,-118.43904113333335,0,0
b0cc6493-b759-4676-8a78-0a6145dae52c,34.06508255000001,-118.44540405000001,0,0
d0372252-4291-44a7-84bc-e5d327f95884,34.04622268333333,-118.26303099999998,0,0
22e53a9f-8239-4c97-bc14-f2404a529ad4,34.07370376666667,-118.45002746666665,0,0
4101f47c-185c-4f52-a9bb-26d9ea5196cf,34.0630188,-118.44548035000001,0,0
3abd930a-388d-4e93-8cd2-2f81227fed5d,34.0609932,-118.25742340000001,0,0
1d1053f7-2dbc-42a2-a6f1-1147358eba8d,34.0734787,-118.45247650000002,0,0
b045813e-9280-4333-8700-115d8dbe8aa3,33.982730866666664,-118.46138763333332,0,0
71890da7-91b6-49e5-99da-72802147927c,34.09794616666667,-118.32606506666667,0,0
91cedd2e-97f8-4cf5-9900-ad5f1804df52,34.0731926,-118.44355773333334,1,0
90c9cfed-c147-45a9-94d7-3c8f6176b8a3,34.05017133333333,-118.24074533333332,0,0
df210a5a-8f8a-4872-a18d-9da88efd80e7,33.98272323333333,-118.46137238333334,0,0
b2473017-f36d-4698-9965-292af473b054,34.07225036666667,-118.45276641666666,0,0
f79b366d-9759-4232-8f5b-65cb6258822c,34.04335021666667,-118.46844481666668,0,0
06e698f7-4fc3-47fb-87a4-d78335cc3b65,34.0166092,-118.35468291666666,0,0
a58a7f6a-298e-4ed1-b6ad-dbc39d6f72ae,34.0693835,-118.45373333333333,0,0
e13c0ff1-f59f-4fd4-be14-b0f097968e0f,34.06195068333333,-118.44864655,1,0
d54f2761-fc5f-439b-8be2-8f6e906ca80b,34.09812165,-118.35420989999999,0,0
ce64602c-c4b1-4d80-b47c-9b99657f2be4,33.98274993333334,-118.46139526666666,0,0
0674e8da-fa8d-4958-82fe-87e996392f5c,33.992737166666664,-118.42390500000002,0,0
b815d7de-0b31-4365-b234-933fcc9d6f18,34.0538559,-118.44320678333334,0,0
3d69e54a-b09d-4915-afdf-a332b212751a,34.09930801666667,-118.32376098333334,0,0
aca6fa56-09c5-4eb2-ae16-8dbaa1f2b943,34.069957333333335,-118.45145249999999,0,0
efcef74d-e059-4ea7-a452-799e2040fba8,34.062793733333336,-118.4356308,0,0
a1999184-4642-472d-90a8-9cb221e601d7,34.03584671666667,-118.23533629999999,0,0
8c2d2b12-0aa1-4ec0-a3f0-77e1af246338,34.147384333333335,-118.43397733333335,0,0
b677d51d-dae3-440f-805b-1385dfcb93ca,34.03928433333333,-118.23248416666665,1,0
271cd579-1f9b-4c08-90ca-19b6ff210f00,34.04633713333333,-118.26275634999999,0,0
c57672e9-2e1f-4887-ab2a-740c56f9b9ab,34.069995883333334,-118.44058228333333,0,0
f68171d5-08a0-4fb7-9777-82c7ff554290,34.147355833333336,-118.43399133333332,1,0
5137a2c1-8499-43da-b301-7cafad854a41,34.06381225,-118.44351196666666,0,0
d75d2c53-4e58-4265-bde3-678a2f08aa1c,34.06228256666667,-118.45044708333334,0,0
d671430b-eb78-4880-aac9-913f51b5b570,34.04485321666667,-118.42050933333333,0,0
5af457dc-aa0b-4003-9ba4-6f6b79ef1b20,34.02311325,-118.39879608333334,0,0
f29edf35-152b-4d4f-8221-c2fda90042a3,34.0318489,-118.45237731666666,0,0
f8b09b41-03b9-43f3-a5b4-02fadcf7799b,34.02213668333333,-118.27982330000002,0,0
164eb84f-9cbb-45ac-802c-b2d982417467,34.0595932,-118.25407410000001,0,0
5436094d-d1f0-4319-a0a7-135bb0b51162,33.957111366666666,-118.39781188333333,0,0
b81eae7f-5d0c-492e-b23b-6faa3859fe89,33.981151583333336,-118.46369171666666,0,0
62a4711b-a54e-4f05-91db-a2ac2837fd71,34.0220604,-118.27983093333333,0,0
097e78f5-7167-4501-80f8-3a016142bf28,34.0586853,-118.44799805,0,0
2792f3bc-0638-4462-a7cf-74c8aa86528e,34.06842041666666,-118.44254303333334,0,0
f0fdc36a-cd57-4158-b799-c88212783439,34.07313156666667,-118.44981385000001,0,0
4c959454-8892-42b2-8285-36d048a0adb3,33.98783875,-118.47228241666666,0,0
141f1b2f-8cc3-4823-bd67-10621960f6b1,33.9937439,-118.45300293333334,0,0
25022910-c65b-4a7a-9e0f-4f4597dde831,34.10053635,-118.32376861666668,0,0
4549e19c-701f-41ce-9fee-462187e5a3ee,34.021644599999995,-118.27994536666665,0,0
c3b725c3-a596-431b-af6f-0c9a06078d12,34.09643173333333,-118.32939911666666,0,0
3a7449c7-9395-43c4-81af-0cea2d3f75cb,33.95793151666667,-118.42235565000001,0,0
d86f7a1d-c280-4574-b872-33d5e091af7a,34.07220078333333,-118.45271301666668,0,0
50ee803f-a96a-4bee-9fbd-e505ce42acf9,34.04837418333333,-118.31771849999998,0,0
1f772d38-3741-4593-91f0-a25045c20e06,34.062706000000006,-118.44818115000001,0,0
57c317ac-9c41-4001-925e-97e79963f8d4,34.055637366666666,-118.44364929999999,0,0
5d53139a-a20b-48d3-8807-b40a7dc020e9,34.06159591666667,-118.44306945000001,0,0
eac68736-c71e-443a-9199-286ee7246203,34.06900406666667,-118.45262908333333,0,0
0c5674b0-cbe2-4ce5-ad65-16fe14f37933,34.06981276666667,-118.4430542,0,0
05386d8e-b1c1-410c-b381-a3560a867ab6,34.07398633333333,-118.43873666666666,0,0
8006f0df-1e21-48dc-b126-cf917fed3931,34.04335403333334,-118.46839905,0,0
ce982a7c-24ea-41a5-9615-8f9c6058d94d,33.98863601666667,-118.46381378333332,0,0
b81cb1f7-213b-4622-bae4-0e30a8777f4b,34.047058099999994,-118.23452758333333,0,0
a9b912ac-26cf-401e-85fa-6df825e4177a,34.0721145,-118.45270883333333,0,0
9406ea9b-7f60-4325-9379-1c3f54ef2a6f,34.04846191666666,-118.25745391666666,0,0
9752b402-1e86-48f0-9787-0c3844bdffd5,34.047916416666666,-118.26155089999999,0,0
88487ae1-b3b4-47b6-b217-ec4b1e0567f5,33.990543366666664,-118.46347046666666,0,0
75486b9d-1904-41c4-a69a-ba0f7cba5ea1,34.02560425,-118.41543578333334,0,0
fc085e1c-44ca-4a2a-90ac-b4ee8bf0b106,33.98854065,-118.45194244999999,0,0
0cf47d45-2a86-49e5-9f54-c97cbfa10730,34.048747166666665,-118.26292800000002,0,0
ab0dcc1b-6fac-418e-9bde-5d215c9d36d0,34.036251066666665,-118.20772551666666,0,0
e639ed94-373d-4312-8c40-53423afd0822,34.05962616666667,-118.44427433333334,0,0
7e731606-5797-4819-82f1-d0293c23dbaa,33.98852158333333,-118.45192718333334,0,0
a1a504b8-aac4-42cf-ac73-c7a9f0ded4cc,33.99068451666667,-118.46343231666667,0,0
e30f8b6e-6a4d-4dc8-9a8a-f4fc2eeb1dd8,34.068828583333335,-118.45478058333335,0,0
2c5d4a95-e7d6-42a0-8252-912bd2625b82,34.027835849999995,-118.27506256666666,0,0
0ea6b006-524a-451b-88a3-0d787caf4528,34.027927399999996,-118.32485961666667,0,0
7db61cc0-fcf0-489d-9366-71431cd2d3de,33.985977166666665,-118.44770813333335,0,0
98e1e70d-4110-4cac-a6a6-62c2c7db7be0,33.9871521,-118.46504211666667,0,0
2f2f39d2-8b0a-40da-8e74-0313aa303003,34.099733666666665,-118.33235033333334,0,0
6f3837eb-92e3-468c-bc98-dfb93523b7d3,34.05397415,-118.44203186666667,0,0
f0258e4c-152c-45d0-a74a-d78ee39480d7,34.07203293333334,-118.4526596,0,0
95103150-d373-44b5-a9a7-20be75552592,34.16186905,-118.48696136666668,0,0
1661a011-1a6d-439f-8a1b-7481c54645cf,34.01232146666667,-118.34245299999999,0,0
64f5dd20-d671-4bb0-b230-33d26595da68,34.069965333333336,-118.44006616666665,0,0
50905b3a-3afe-45f3-a595-ae23e640ca3e,33.94551086666667,-118.37326050000001,0,0
258fb209-0c71-430a-90c8-b3b4729d482f,34.057708733333335,-118.29724121666668,0,0
4135b423-c3a7-43b3-b480-8353bafd9339,34.04986533333333,-118.26946099999999,0,0
40aea98a-805c-4922-8635-07358b39ade9,34.06118766666667,-118.44528833333334,0,0
aa7f7346-0aa4-47ba-9f64-ef9558f5c22a,34.06629181666666,-118.35119628333332,0,0
1bf0730a-54e4-49ed-ab0d-6d85dea294d2,34.04229355,-118.25593566666666,0,0
03400080-9244-49b6-ad9a-ffd759de4036,34.04645538333333,-118.34634400000002,0,0
824466d6-b3c7-4ba2-afc3-be875e255d79,34.069788333333335,-118.44308566666665,0,0
9870d67f-da7f-416f-9cc4-b19c16b43a80,34.0413704,-118.26499176666667,0,0
6930b884-9aa9-4683-9fca-32d46e503057,34.0681305,-118.44833373333334,0,0
2facfd1b-bad9-4869-8c2d-ee6de26e75cf,34.05926216666667,-118.43166350000001,0,0
127cc03e-8f07-4b17-8cb7-dcc36472866f,34.03174973333333,-118.45260619999999,0,0
7c020cc8-8a11-4410-ab72-dad0b33dfb5f,33.98455048333334,-118.47103881666665,0,0
6a9e530c-592a-4e4c-91ab-6366c5c29c80,34.06108093333333,-118.44490814999999,0,0
f9bd9391-2ad5-490d-b8d1-c4df8bf505d2,34.072359666666664,-118.43956866666667,0,0
3526f1f2-0317-4a55-82b4-1ba76268dbf3,34.15730666666666,-118.43987274999999,0,0
08b9996e-205c-45a8-93a2-71c6d0362dfd,34.06337356666667,-118.44625855000001,0,0
587f4bc4-0f96-4df2-a086-166b174e5853,34.0605278,-118.44747161666668,0,0
70e5c70f-0daa-461d-a655-4e193c2cff4a,33.984522500000004,-118.47105766666667,0,0
00c8cc73-2a7f-484b-954f-273404eb630a,34.02045821666666,-118.32732391666666,0,0
3c2f12ac-5be9-4a66-9608-90af8633256e,34.103477483333336,-118.34832,0,0
ab111863-5fed-42db-b848-2101b0be470e,34.18723678333333,-118.61208343333334,0,0
199f56f3-527b-489a-b6e2-52415bf1ef06,34.016519833333334,-118.34889383333332,0,0
37bc6f14-cbce-436e-9104-1323affd42d5,34.055351249999994,-118.44339751666666,0,0
66677c7e-95af-4780-8521-9d8954bea2f9,34.073722833333335,-118.45376586666667,0,0
a9952875-0ab4-4ec6-931f-cf6a8d1f66bd,34.05537796666667,-118.44326781666665,0,0
4722e909-f55b-4023-be1b-68d492eb3b14,34.033695216666665,-118.41081238333332,0,0
efcbb919-2ace-4420-addc-2d1e7c8d36f4,34.070983883333334,-118.45121765,0,0
23d891a3-9de5-42c0-87ae-e8806dae23c7,34.07052231666667,-118.45494079999999,0,0
0b416b0e-dec3-4668-bb76-c041d2138742,34.04937743333333,-118.25664520000001,0,0
cc828a7b-0353-408d-be32-627831958f42,34.0493393,-118.25666808333332,0,0
d49e3d9b-699e-4ac5-8e83-9601c4e2ccd1,34.020572666666666,-118.28086853333335,0,0
168492d2-38ad-43bb-b903-bf982805ec0e,34.04817581666667,-118.25767516666669,0,0
453d335c-731c-447e-a6fd-91d009320f4e,34.06119156666667,-118.43580626666666,0,0
da5da079-02e8-45fd-a543-d5fbb32a1ebc,34.059893833333334,-118.43535383333334,0,0
21888b37-804a-49ac-a656-f03e783e3424,34.05724335,-118.26196288333334,0,0
f5ad7162-6a24-4408-81ae-257fb429c90e,34.05278778333333,-118.25485230000001,0,0
05828fe0-c214-4144-879c-d97f6808802a,34.049255366666664,-118.25650786666665,0,0
f0609412-b89d-4bb8-a5c6-c3923f5cb0c3,34.07674026666667,-118.44076538333333,0,0
174aea1e-0415-467b-adb3-d66e394cba2a,33.98115921666667,-118.46366119999999,0,0
cd71a0db-b55b-47f2-b83b-c1ae12238423,34.10448075,-118.34896088333335,0,0
07fe419c-7197-4f91-b0a7-ad2117259f24,34.04918466666666,-118.43965883333334,0,0
7134dd82-736d-4a9d-91b0-96c7ef1f3868,33.96592711666666,-118.41699218333333,0,0
203dec5a-e16f-45e2-a3be-7afafd46ca3c,34.061812333333336,-118.47766516666667,0,0
ea1406ea-e5bc-4dbf-8531-70af3b506b40,34.08398056666667,-118.33094025,0,0
aaffe72e-d118-4fd8-90e0-02304fb287f6,34.06192016666667,-118.44677734999999,0,0
7c59296e-d525-4bf6-af56-68bc4d667772,34.026128166666666,-118.28812866666667,0,0
b9869890-10f7-4e51-8aeb-e0178983a498,34.07472883333333,-118.45133783333334,0,0
7c2d70fc-8300-4597-abed-59c4117afa87,34.07146071666667,-118.43951416666665,0,0
f1500dbc-e13d-4cad-afdc-64feb99bcf6e,34.068786616666664,-118.4456253,0,0
cdc9dfa1-f1c2-4961-8240-0e80693fdd96,34.04514313333333,-118.23555755000001,0,0
eeacd408-3faa-478a-b90b-5439d83a510e,34.02896616666667,-118.36239599999999,0,0
106383a3-ed0d-4d94-ab73-c5067de9d71a,34.067902499999995,-118.45368633333334,0,0
fd2dbb3f-4f13-4f4a-9b7b-1a62b4558039,33.96691513333334,-118.39658355000002,0,0
6f41dee1-aa0b-400c-914f-e86b695e925f,34.0224266,-118.33497620000001,0,0
c92433b5-bbd4-470b-8dd4-a7e0ed20723e,34.066580333333334,-118.45316966666665,0,0
c7db40bb-1ca2-409f-974a-6650754db46d,34.062122349999996,-118.26548766666669,0,0
00602b2d-d354-4d41-a87c-6382b310b655,33.987313,-118.45345366666668,0,0
ee15101f-85ed-41ce-9dd4-0abe4fdd4c17,34.07135016666667,-118.32185833333332,0,0
ea12ffb2-b201-4a1e-a5f1-13b6d127f5ce,34.0655315,-118.43348433333334,0,0
5cf900af-6db4-48b2-ac6b-34b57adb3847,34.16046143333333,-118.50558471666666,1,0
2cf90449-90af-4150-91d2-0fef1207918a,33.984935766666666,-118.43761443333332,0,0
69a7f164-82ab-4b39-b300-dc50fc32dc20,34.06910705,-118.43211365,0,0
3a053ba3-e5b9-4b11-b766-e523fd63709a,33.9969785,-118.45922816666668,0,0
988e4d90-45b7-4b9b-b7ee-b24fabcd2a18,34.052627566666665,-118.25527953333334,0,0
262df319-2a3e-466b-81dd-5627e18e8e9e,34.059486383333336,-118.44557953333333,0,0
86cd3b99-9708-4e4d-bc44-b688abc136ef,34.05878466666666,-118.4479985,0,0
d9161983-617c-429f-8bbb-1e9137f00ea3,33.98846053333333,-118.44606018333334,0,0
af84b8f6-b0d9-4c84-8b09-573e30143f94,34.0217781,-118.28025055000002,0,0
318fa67b-a782-4f87-95cc-8cc84e8baac6,34.09693526666667,-118.33876038333334,0,0
0958a697-b260-44df-8cfe-463e562172bb,34.01452255,-118.27249908333333,0,0
078989f6-72e7-48fa-8a2d-af6ee89d609c,34.06139755,-118.44742585,0,0
428ff926-ab95-498f-a498-29f60ebc3c52,34.06910705,-118.44364166666668,0,0
f4585981-983b-477d-8d38-ca4bcac6f298,34.036643983333335,-118.45413971666667,0,0
220ecb1b-0f5c-4e83-bf35-cbd913bbf431,34.03663783333333,-118.45413183333334,0,0
edf6e092-81a2-4122-8f46-bf336351ba27,33.989562983333336,-118.47363281666667,0,0
48f2dfb3-35a4-4e37-964d-631a0b84c23f,34.01456833333334,-118.27249908333333,0,0
b4152191-2613-4625-abd3-94510aef76f1,34.01451111666667,-118.27259826666665,0,0
320f9ea4-03a8-41ec-bae3-d8781ed5edff,34.014525166666665,-118.27252583333332,0,0
54a5fa82-8467-4948-ac3e-0860e399cf36,33.95636916666667,-118.43271416666667,0,0
50392710-d41a-4855-9c33-fdfaf4d11c37,34.051673883333336,-118.38307189999999,0,0
1cdb3a1d-acea-4956-a288-eb5b0bcab89c,34.051623666666664,-118.38311483333334,0,0
4045513a-fb82-4a29-bb8e-0ca4ab82738c,34.03752766666666,-118.25565566666667,0,0
0d406555-807f-4656-86f3-d454c0e63328,34.037536616666664,-118.25567626666667,0,0
ab1a0c9e-81d9-405d-be00-092b60a24d49,34.10195541666667,-118.34885406666666,0,0
b9954000-d7ce-4923-9366-eeae91d43678,34.10050201666666,-118.32782745000002,0,0
90cb5678-d81d-4a4b-98d7-9b96f9345a83,33.977512000000004,-118.41818866666667,0,0
142a0322-04a5-41ae-a673-939577b940af,34.042324066666666,-118.25918578333334,0,0
837797f7-a753-47b8-8215-3c7a5ff0773f,34.041816716666666,-118.30986023333335,0,0
c08550bc-4e42-4c2f-927c-1e58a9c8c466,34.10344,-118.26667,1,0
397b5504-ee32-44f0-9100-c02ade50fbdc,34.01541518333333,-118.35244751666666,0,0
6e93aab1-ba8d-45a2-8356-33c625528d01,33.945639,-118.38988883333334,0,0
c13a12da-7c0f-46d4-97b2-769baa865a00,34.034782416666665,-118.23241424999999,0,0
a9d6aebd-1dd1-4634-a417-752f5a890639,34.04671478333333,-118.24880981666665,0,0
2c22a163-db3b-40ae-bcac-16991d8bb815,34.06339645,-118.45168305,0,0
a6128f36-9f89-4c21-8821-e9477cb432b0,33.95589446666667,-118.3959732,0,0
de21c383-3f9d-48d8-99d0-7584f3125b82,34.06967926666667,-118.44032288333334,0,0
c9f04ea8-0673-497e-bd3f-c8115d3dbf15,34.064468000000005,-118.45264016666667,0,0
fa497971-e5fe-486c-9fc7-4451ed17b37a,34.05849183333333,-118.26165983333334,1,0
344260b5-ffda-4e6a-92b8-59b8bfcda169,34.06199646666666,-118.44683074999999,0,0
2c2fd517-6c7d-4f4e-a3c6-6e86cb6ab30e,34.076011650000005,-118.34960938333333,0,0
4833e2d0-df2a-471f-91a6-a98edf1e00fb,34.032642366666664,-118.45322418333332,0,0
5f6d8f32-6dc2-4863-a310-19cb9f62d800,34.0945282,-118.33735656666667,0,0
08229e5f-bc88-4cc0-962b-f3e0349add06,34.073539733333334,-118.44242096666667,0,0
7edd18bd-b6d0-48a4-9aab-2a38964788ec,34.05072021666667,-118.26081085,0,0
b18b2c6b-1db6-40e4-94d0-ee6c0700aa8e,34.037323,-118.26704406666667,0,0
fb976768-4553-4901-b0b9-7ae3041458c3,33.95614083333333,-118.39759983333333,0,0
9f68d72f-a50e-430b-9c3a-2870e479cfbd,33.955997466666666,-118.3974533,0,0
f6c3c7ee-61e9-4e9d-ad5e-c2576649eebe,33.95623083333333,-118.39773366666668,0,0
3bfe9fc1-78b9-4ae1-a259-e08df24e7acc,34.02565001666667,-118.2841034,0,0
d060ae61-a143-4731-a704-da1bf72c94bc,34.02565765,-118.28411101666667,0,0
69fb4af2-4125-4df6-a271-131b0bdd4d61,34.0256424,-118.28413391666666,0,0
debb5663-50dc-4f23-b370-72986dba7d6c,34.112995149999996,-118.18939971666666,0,0
7cc26055-ec2a-4cfc-8d3c-6beb4d1fc29a,34.0524292,-118.23175811666667,0,0
a2e035f4-a72c-460c-a77b-5e6f265a4920,34.04545593333333,-118.45172118333333,0,0
f6f78a26-0f1c-459e-a8bc-147279e4f29b,34.086791999999996,-118.27535248333334,0,0
b4e64930-750c-4235-b6aa-a0495e9ebc4e,34.050434,-118.28926283333334,0,0
b260e275-7a79-4e78-adcd-0f0cb6699411,34.17568588333334,-118.44912719999999,0,0
63f60cdd-715d-4c60-99e4-b9872ef8d147,34.06042861666666,-118.24794769999998,0,0
64b6bea6-4ea1-4ed4-8f5c-c36a32b430e8,34.0601935,-118.44396,0,0
18e8cd63-44cd-44c2-a9ff-01bcbbe79ca5,34.08877583333334,-118.34873466666667,0,0
cd8bbd39-43f9-4627-8064-f2998c615ef4,34.08560943333334,-118.31134796666666,0,0
57834fb4-18d1-482a-8f02-d6a5bc9ac55c,33.98710631666667,-118.47332,0,0
0da762cb-08af-4c3a-8d23-49e9eccd426a,33.987129216666666,-118.47330474999998,0,0
9e2eca6f-27da-4334-a5b0-bd4c02485c29,34.083942416666666,-118.3522644,0,0
c174d601-be94-49a3-b171-797d64969590,34.087211616666664,-118.34444426666666,0,0
5519c0d2-cbbb-4152-b8cf-ed14efb2da25,34.00011063333333,-118.43540954999999,0,0
42b863a0-d3d0-4e5c-84de-ec10e29925dc,34.05580138333333,-118.44393921666666,0,0
8495ca11-c656-4c27-aa61-58bea6711f47,34.03094863333333,-118.45175933333333,0,0
1d36b067-6ee7-40a9-a222-2ce4eb79ea3a,34.05989838333333,-118.44367981666667,0,0
67274ad9-ba89-48d6-8054-8a7ca0cb410d,33.9802208,-118.46546936666667,0,0
a1e99903-36e1-4c03-bf28-369a36b18e7f,34.06099701666667,-118.44572448333332,0,0
34c94261-1529-4050-bd61-80ee63655b4a,34.04705428333333,-118.25517273333335,0,0
0110cdf2-7124-423a-b27a-265b9d30f915,34.06423568333333,-118.44226836666667,0,0
7df2f5ad-ffca-4778-8b98-318e9b0ae0ef,34.056564333333334,-118.23755645000001,0,0
62905d1a-6449-4c3e-b54c-316864602971,34.056598666666666,-118.23752593333332,0,0
cda2008a-0a4b-40cf-be85-28f77b30c11f,34.04953003333333,-118.26501465000001,0,0
8f891b08-e3e4-4b16-8826-98a8a5b3eb7f,34.04424433333334,-118.25528966666667,0,0
732e4947-3fb7-4e33-ad62-f49a76854d49,34.04958343333333,-118.25066375,0,0
80e9fd88-7f0a-4c2e-a5fe-009455f8b92d,34.035228733333334,-118.35621643333334,0,0
d4ebba80-5e08-4a70-8503-0c0b725e753f,34.05426788333333,-118.25537109999999,0,0
b65dded8-960a-442a-b7d7-99c2217046c0,34.0185335,-118.40670516666665,0,0
066d0aea-8484-4d5b-bee8-1358b3c72c21,34.05127483333333,-118.43847400000001,0,0
752b95db-c557-4f8f-8b9d-9022eac788f3,34.00077056666667,-118.45748901666666,0,0
ccafc49f-0796-41c5-9606-18e81d430cad,34.07024666666667,-118.45522233333334,0,0
010e6193-9cd2-4281-a0c9-f4b000db518a,34.03503036666667,-118.21696471666668,0,0
b5cc8790-516d-40b7-adaf-00df090e5e3d,34.02253723333333,-118.35147094999999,0,0
5d08c50b-83dc-42f1-aaa0-0ef02e048d21,34.068427166666666,-118.44308950000001,0,0
488e9a1d-6bec-4cce-9f4f-618d9ce3641c,34.04595183333333,-118.464863,0,0
726a5588-3b7e-4222-be3c-474c1e0ff865,34.04497633333334,-118.26040133333332,0,0
498ba435-11a6-4ca7-97ca-559bd1e2f936,34.062492,-118.44598983333331,0,0
3be278f2-ac72-462b-a0ee-a81da4e09381,34.04946518333334,-118.26576996666667,0,0
760748fd-17b9-42b0-99c4-2174365cc06a,34.101844783333334,-118.2824707,0,0
a14d9935-390d-42f3-9db3-18364974d1dd,34.0980835,-118.34607696666666,0,0
eeb3c3a4-fbe3-491f-813a-2f6a2c6d088b,34.04343415,-118.46848296666667,0,0
d8c138a4-3bd2-46c6-8bbb-e73d455a1d10,34.069900516666664,-118.44786835000001,0,0
10d81cfb-093f-4d9a-ae6c-0546cdef66ee,34.02085876666667,-118.25463104999999,0,0
fd6bfc19-aaaf-4406-b3aa-88ad47b786e5,34.057979583333335,-118.31282806666668,0,0
a1442018-5851-4b0e-9e75-2eac72374af7,34.022051499999996,-118.25504816666668,0,0
7becf715-cfe1-4410-986a-6a696d61f191,34.06241608333333,-118.44702911666667,0,0
03ba4661-3040-434c-87b3-61d9a88289aa,34.02395883333334,-118.21449933333334,0,0
42d903e5-8f03-4e78-abbc-8ef1b23f18a0,34.062458033333336,-118.45088958333332,0,0
d973726a-c190-4969-9724-a2026952e81b,33.98844146666667,-118.44606018333334,0,0
8834ba4a-7731-44c8-b350-985edbe802cf,34.049537666666666,-118.24412849999999,0,0
118ab41c-d053-41c9-aaa7-afdef089ba7b,34.05045366666666,-118.2642645,1,0
e3bec459-7842-4f1f-82ad-a3bedd52cce8,34.04772568333333,-118.25421143333332,0,0
3fb5b907-47d0-43f7-94f7-fdd5885f74c0,34.04495240000001,-118.23557281666666,0,0
2687ae31-c98e-4861-a0da-8cd9db635bd9,34.05373383333333,-118.27558136666667,0,0
0a925747-00c7-4d87-8cc5-fb540ae7d388,34.05433655,-118.25538635,0,0
614c24ab-38ef-47bb-a185-3174f0887748,34.05423736666667,-118.25549316666665,0,0
99972dd4-366a-494a-818e-0d503adf4784,34.06815338333333,-118.24084473333332,0,0
72b9e00d-de47-41af-a795-94a1e0ba55dc,34.05417633333333,-118.25538635,0,0
550429e7-450f-4810-8fae-bf9bbefb1557,34.05424881666667,-118.25543975000001,0,0
06e0631b-931e-465c-a116-8dd96b14d4de,34.05428695,-118.25534058333332,0,0
f17d5759-ee85-44f8-9057-2e9960d7e0d3,34.04861666666667,-118.26070966666666,1,0
1ae01c2d-aef2-4414-b052-eb348b86a8b0,33.990196233333336,-118.46459198333332,0,0
12df3edc-adfd-4d0d-a49e-c35037d6337a,34.0619278,-118.44672393333333,0,0
3870379f-6f45-444a-82bd-11c94cdd943b,34.1004982,-118.33261871666667,0,0
2aa89927-959b-4df7-af2e-e93b7f92604c,34.11337661666666,-118.33656311666667,1,0
0ff96536-5e75-407c-bcdb-3185d25d76fc,34.048122400000004,-118.26294708333334,0,0
55f0a051-376a-4783-86f5-b34a0b874799,34.1580162,-118.41389464999999,0,0
ad8af3fb-ede3-4271-8ae6-cd6788021a9a,34.04117203333333,-118.26390074999999,0,0
3f46fca7-cfdb-4565-aeb1-14ef7ee02910,34.105514533333334,-118.27911376666667,0,0
a51a96c9-21ee-4b34-b362-bc7f65ba69ba,34.0693016,-118.45381926666666,0,0
613fcceb-9afc-49cb-9c45-19f7faa85081,34.087612150000005,-118.34272766666666,0,0
7a3c2606-63c6-4b08-aeb2-93b54f6c1c38,34.05902481666667,-118.44793701666667,0,0
94c2ed02-fa40-4e6c-9d05-ae422fb75bb3,34.051582333333336,-118.25646973333332,0,0
0b7eebdf-55b5-4379-afe6-885919b52c0f,34.09461211666667,-118.36148071666666,0,0
2b994e39-c12f-4369-a760-ee3f3cbb8630,34.02420806666667,-118.27871703333334,0,0
d274456a-dd76-41b9-b569-d80476420ec4,34.15245438333333,-118.45718383333333,0,0
640f9817-6d91-4609-bcdb-d23ffdf6d8e4,34.03452681666667,-118.35558318333332,0,0
460cde80-5c9d-4e2d-830f-046229d0021a,34.052867883333334,-118.24745941666667,0,0
b428b738-5c9a-4e29-8448-abf41a96e708,34.02316285,-118.2831192,0,0
0056891d-4a97-41a1-9285-68ccd4f138dd,34.068260200000005,-118.45262908333333,0,0
4ef5dc9a-5c96-4efb-9c9a-0f92bc278fa9,34.07322311666667,-118.45478820000001,1,0
d6d4dc75-b91b-4fe9-8edf-92a2f09c2196,34.10041808333334,-118.32373809999999,0,0
6b6ce8aa-5590-4f23-a76b-587a4c7baf08,34.055961616666664,-118.44360351666667,0,0
795983b8-46f6-495a-816d-67bd855c1491,33.98256833333333,-118.468247,0,0
851fc275-311d-49ac-9640-e07c6663920b,34.03049468333334,-118.36470794999998,0,0
f04bcc6b-6a4a-4457-86c9-ebe3b78b1108,34.060915333333334,-118.45013783333334,0,0
0620de64-7a58-4d18-b4fe-02e37768f075,34.0205803,-118.28099060000001,0,0
a42696d7-c524-46ad-9c77-30208b38250f,34.041507716666665,-118.26451111666665,0,0
b7497902-0f79-4f6a-b46f-7add82c73377,34.05264281666667,-118.23169708333334,0,0
dc9039c0-efe0-4fe5-abc1-e97d9a69717d,34.05150985,-118.25662994999999,0,0
d13b84b6-2037-4ead-8191-d2f8d0619d5a,34.051920333333335,-118.27997716666665,0,0
b13ed0a9-9608-4e12-a3c4-1c09ce8998bd,34.070766449999994,-118.28163146666665,0,0
24d9079f-5107-497c-a4a2-cd1552aa612e,34.044250483333336,-118.44918823333335,0,0
2d9267c6-7701-4d3a-a261-26e421ff2ab6,34.019485466666666,-118.26527405,0,0
091db8a8-e7c3-4150-9ffa-6269cf05a966,34.07131195,-118.44033813333333,0,0
6881c18f-7636-42c4-9868-8ebe91ce1293,34.07382201666667,-118.43961335,0,0
482e357c-35b3-4c4b-ab88-8f7928923e25,34.0184065,-118.28537516666665,0,0
2fdd4b18-442f-4855-b3bb-2d75847ebce9,34.05295945,-118.42725371666666,0,0
cd947bf6-57a5-4e84-9d4b-769f4e123e15,34.0730445,-118.44026483333333,0,0
5c8db608-1fc6-4546-b86b-7ec664144277,34.0462425,-118.23277316666666,1,0
904e2b8c-06b9-4733-b314-757d3fc8e79b,34.06116866666667,-118.44301605000001,0,0
fcad52ac-02af-4dea-974f-9b9bd8ec006e,34.06959533333334,-118.44469451666667,0,0
45590ae1-3822-437b-a5bb-e66445b0b808,34.06401616666667,-118.45242066666667,0,0
dbf1c3ea-88fa-4c6e-9717-a24ef8f6f790,34.04555893333334,-118.2374115,0,0
6d6da328-9915-41e9-b93c-c92e8f4f3f0f,34.06900406666667,-118.45484161666667,0,0
58b7d8e9-445a-412e-8acd-14d18de99562,34.069552333333334,-118.45504816666669,0,0
807bc6ee-5b6c-4d96-b017-a4119138a4e5,34.06460571666666,-118.45175933333333,0,0
e4680cce-04a5-425c-9d70-b55b96ccc6df,34.048309333333336,-118.23815918333334,0,0
b4ac7502-4667-453d-b7ba-faadcbcc94d0,34.04679108333333,-118.453125,0,0
f6ddcc22-7075-4efd-923f-4182d892118b,34.07263565,-118.43948365,0,0
262f1267-4ebd-4448-82e9-129966998ffb,34.1661377,-118.37515258333333,1,0
8c5e55fa-d0d1-4397-9c8f-df3e06afaaba,34.057468416666666,-118.35344696666668,1,0
7f823340-76aa-4cad-9bc1-ee89370d1ce1,34.08770566666667,-118.34974816666666,1,0
bb489852-3dc2-40bf-a0e0-14f602dde62b,34.05452728333333,-118.46347046666666,0,0
3eed4e88-bc54-4b33-893a-e129aaf96ce0,34.064582816666665,-118.44081114999999,0,0
3b438957-6bb4-4de5-a4de-cc49efb73aaa,34.05033111666667,-118.25291443333332,0,0
a95d4a57-3fa9-4751-9870-ba160fa1213e,34.05261611666666,-118.42988586666667,0,0
6b09a919-64da-400f-a095-404a5c25a8c9,34.05164718333333,-118.44656371666666,0,0
efbab94c-077a-4444-936a-872e68d03de4,34.04146195,-118.2647171,0,0
72e6625a-830b-4519-87bb-500cddab6815,34.0263176,-118.3718338,0,0
20ce00ce-8ba8-43d4-9366-9d3aa5ee2a50,34.06282425,-118.29786681666668,0,0
998808a7-e98a-41fb-b29e-fc67f817775b,34.065723416666664,-118.45012665,0,0
86336403-f214-49da-a9f9-8e7bf0ad2a54,33.98721695,-118.47168731666667,0,0
12b3d036-f765-47aa-b7d4-9d937e8354b3,34.0998497,-118.32540893333335,0,0
bb9d982b-6194-4153-882b-b4644fab12e7,34.07262801666666,-118.43950653333334,0,0
78d81738-21fb-42e2-948f-ebf8434f50b7,34.1005516,-118.32962798333334,0,0
01a84c09-a8b8-468c-af33-424b10e95ef7,34.069488533333335,-118.45050811666667,0,0
bd510e80-c00a-4502-bde7-8588d72beb6e,33.98714446666667,-118.47166443333332,0,0
21f6ef98-4d90-41a4-9382-341ab1efc734,34.19140783333333,-118.44744633333333,0,0
192d5ff6-05f5-4538-9b63-1f7403a3f3e5,34.046875,-118.24105835,0,0
7b7b5992-94f5-4078-8d2a-dbce437042bd,34.04458236666667,-118.23276519999999,0,0
ac84f24e-d30f-4f86-807a-bed0eafef13a,34.062065116666666,-118.24658966666667,0,0
b04c920c-3991-4742-a6cc-df516e85c4cc,34.08722686666667,-118.34528350000001,0,0
5010314c-5807-47ac-a661-9e38b38a6f63,33.95615005,-118.43414306666666,0,0
9bbebe8e-2e2a-42e9-8c15-92bc7998ec6f,33.98085021666667,-118.46347046666666,0,0
4ac21a4e-360f-4e4d-9bb4-72829edecbb2,34.06045913333333,-118.44743346666668,0,0
d193915d-697b-444f-bd58-e2607fd7fb77,33.96702575,-118.39707946666667,0,0
4836b874-f115-487c-834a-308a1b32532d,34.069877616666666,-118.44203186666667,0,0
d1daac09-a07e-41c6-8892-70a9775a3206,34.03281403333334,-118.45332336666667,0,0
02f31ac0-9d56-42a9-bb35-577aa493f800,34.06193233333333,-118.45003716666666,0,0
2ca5b41e-7b7a-43f3-810a-21ca38927a8a,34.06182083333333,-118.30767583333333,0,0
f8d93dbd-bd92-4fa6-822b-5828999514e2,34.0738945,-118.43875885000001,0,0
37705c61-9c9a-46da-a63e-299f553c4f31,34.0585556,-118.24678801666666,0,0
86a4df33-2e03-4139-b64d-1726193cdbf4,34.066967016666666,-118.44548798333332,0,0
232da2ad-e3ce-4c5a-afd1-1dded8d8ae2c,34.075344083333334,-118.44090271666667,0,0
653d179c-9d07-4a29-aea9-5f1be28195a3,34.07375335,-118.43994903333332,0,0
b22019bd-57be-47fb-ba80-222fb722112c,34.04098891666667,-118.44389343333333,0,0
22ac0b7b-e870-487b-84f4-34100b0a83c8,34.042297366666666,-118.23274993333334,0,0
9f3d6756-2498-47f3-8cb3-2b4a563baf7f,34.03165055,-118.45313263333334,0,0
0e9a96c2-1660-4eee-b58e-8cd1f0784bd2,33.993721,-118.46818541666669,0,0
a04f5f5a-5583-4207-9a42-c0d22768d010,34.06692123333333,-118.44188690000001,0,0
95398452-c6f1-4ea2-8fea-66ff3b4fa9ae,34.06868743333334,-118.4403534,0,0
7bdf417c-fe37-4731-a668-126724105923,34.03377016666666,-118.45207066666666,0,0
a07af536-81ab-4472-ad88-a47896260b97,34.06851578333333,-118.44176483333334,0,0
cb95b3ef-b18a-47f7-a079-8781b50c0227,34.11135733333333,-118.33319683333333,0,0
762b3695-b2ec-432b-a8a0-b46275536f89,34.08008193333333,-118.36160278333334,0,0
007ada79-2953-48b8-bdad-c8902eaf3af0,34.08317185,-118.31030273333333,0,0
dff4f995-f5bd-4901-9629-b3d49cbab1e9,34.07259016666667,-118.44367283333334,0,0
1caa1748-6492-4504-9772-2a1fce583d58,34.0641098,-118.23751831666665,0,0
b114136f-f556-4b65-b55d-93ee0f44f64d,34.02830483333333,-118.40707083333334,0,0
db60ba17-4613-41a8-8de0-83f10b23a839,34.03614806666667,-118.3864975,0,0
2bf53aae-156f-4ae2-9f13-d7d829267307,34.06325983333333,-118.4136305,0,0
2b5677ef-8b06-4772-99dd-80a919153242,34.061828616666666,-118.44428253333332,0,0
051d7714-0cc7-4ece-ac3a-b4125b1da40f,34.057197566666666,-118.4179306,0,0
bee5f3fe-24b4-4bc0-96d6-407658572550,34.03305435,-118.3304596,0,0
c608492a-8bb1-437f-922d-15fdd4cd80f6,34.073810583333334,-118.43962096666668,0,0
1d522b88-d3a6-4db4-a14c-f671ef5e56e1,33.99822998333333,-118.47742461666667,0,0
4241b482-7ee0-441a-8d0c-4ed3d4e0cd70,33.99822998333333,-118.47742461666667,0,0
6bcc2ca4-3652-419a-b8f3-120bf94dcebd,33.998214716666666,-118.47739410000001,0,0
d75dd70d-3ea6-4b89-9f01-3ae35f22ae93,34.1005745,-118.33498383333333,0,0
1d9c445e-5414-4a6d-baf0-5c2a7a612793,34.08549166666667,-118.36171783333333,0,0
850211ef-40a6-4c1c-8f70-aa008a86025c,34.067619316666665,-118.44248199999998,0,0
6aa418d5-0002-4961-b3ab-3fa32e7bb68e,34.07343266666667,-118.37290833333333,0,0
fc35ccce-e61e-4be8-bd93-2ae1da6d1c6f,34.048866266666664,-118.4413681,0,0
8a25e660-37c4-44bb-9528-a2aac0f7f11c,34.04693066666667,-118.43001583333334,0,0
6e89de87-d67e-4bc7-a4af-bea812fa87ea,34.09988403333333,-118.32963561666665,0,0
72229aaa-9570-4cc5-9459-4883b213812f,34.07420783333334,-118.43873200000002,0,0
fcb31ccb-2572-466a-9488-fe2c3d4305d9,34.05276108333333,-118.23295593333333,0,0
4860cd4b-876e-4402-a677-36708fc58771,34.07852555,-118.46970366666667,0,0
f97e2bd4-4d68-4f84-8d9d-8d1fd4ac564f,34.06184005,-118.42465973333334,0,0
7c334a48-9144-41bb-a6be-4ea298393e1e,34.06928253333333,-118.45376586666667,1,0
dc111991-7250-4a9a-bdf4-e494f07c381f,34.0192566,-118.24159239999999,0,0
979c304f-cd56-4acc-96f5-1a4e4ad7ad49,34.07231933333333,-118.45272449999999,1,0
ebe1b5e1-4e9e-42f6-a153-93395a5b4e6b,34.001094816666665,-118.42477416666667,0,0
364f1933-db84-4d30-8b6d-38a4b688fe15,34.06132506666667,-118.43393706666666,0,0
f3ac374b-6a57-4991-a815-929c4bc485cf,34.01916121666667,-118.4071045,0,0
439ca168-c803-4e2b-bb31-344a409d8f8a,33.9955635,-118.47898865,0,0
393f6581-96a0-44dc-baba-c55e4821a98d,34.0579071,-118.29551696666667,0,0
4c784e05-ce33-4967-850a-35016fd1211d,34.0318718,-118.45243835000001,0,0
a53ecfce-787d-4b54-9dee-7e89cd5e7f8f,34.074298866666666,-118.44392395000001,0,0
c53644fe-7069-4bbf-acaf-b76427d2f2ab,34.10532378333333,-118.3085556,0,0
890be870-97df-4a87-96b4-cbcd988eb6bc,33.99533843333334,-118.47954560000001,0,0
73923c15-aefe-45ff-a543-ada21bec6169,34.055095666666666,-118.25281525,0,0
c378f922-dcab-4636-a42d-855da91bcdb2,34.047082,-118.25320516666667,0,0
3984fa0a-d7b0-4b4e-86d1-e3f04b935e0d,34.05321883333333,-118.24724578333334,0,0
05267c8e-8cb3-419f-9d62-a238ece371f8,34.042561666666664,-118.45803533333334,1,0
f1ddbcc8-7513-4080-972b-f544d7d6b854,34.02915191666667,-118.40914153333333,0,0
548e5983-6173-4951-bacb-e357aa023719,34.06781386666667,-118.44174956666666,0,0
adbd31b7-1a7e-42ec-b119-f45dbefd1698,34.154036166666664,-118.45487883333332,0,0
b9e3c18e-9cf8-4829-9a6e-3015b216aa1f,34.048081833333335,-118.46113233333332,0,0
b5b232b4-dbea-4cc6-accc-76af2c6fea5c,34.052958833333335,-118.2530965,0,0
cc214888-7da7-4503-8e88-137ea119148a,34.04820633333333,-118.25543975000001,0,0
62a46992-ad14-4c0c-8584-487b49cc06bc,33.996418,-118.47706603333333,0,0
1bef71ea-534b-496b-a2d8-324134636e39,33.99645233333333,-118.47705841666667,0,0
aa629d3d-8766-4173-89d8-a3f42b229560,34.02474213333333,-118.28396606666665,0,0
27c2d048-34ff-4a10-8486-6a01850510d7,33.996437066666665,-118.47708893333332,0,0
c12eab43-fa0b-478e-b7cf-a2170afaf947,34.0474739,-118.26284026666666,0,0
a67d08cd-b6db-48f9-bff6-de8c85b296ec,34.059009550000006,-118.44795226666665,0,0
9ff7c200-2978-4422-99ed-d84fac8f6b30,33.98702621666666,-118.45438385000001,0,0
9fa573b4-ccbc-417d-b5a9-d172bcc65d27,33.95634133333333,-118.41659866666666,0,0
5bb8dfea-3bee-4af7-bc47-d37db552c97b,34.055809016666664,-118.2374649,0,0
aed87817-e33c-4612-b7bd-06a82124786a,34.0738678,-118.44001770000001,1,0
a92fa2ea-e607-422b-a823-c0a14f79099b,34.052932733333336,-118.44587708333331,0,0
79fd465f-5aea-43c2-9d74-0954fd59aaa7,34.016700750000005,-118.25595855000002,0,0
88532f4e-a4be-42af-94c6-77c27b2ec15f,34.07334518333333,-118.44317626666667,0,0
4a1a9ded-a797-498c-b01f-be47c62e1781,34.100612633333334,-118.32373046666667,0,0
f6b7f649-6a19-4d0e-a34e-b1b0d09f06cf,34.06655883333334,-118.45272826666665,0,0
3481abd1-25fb-4cb1-a3c0-3824cceba381,34.2391243,-118.44792938333333,1,0
83d6c7cf-f91d-47a9-89e4-623fcc185df8,34.06959915,-118.43840026666666,0,0
7e56e2c2-ddd4-4aa6-a6d1-acd0a4d98f42,34.045809500000004,-118.23254583333333,0,0
779b17b4-d87f-462c-9b34-d8fc128e346f,34.074745183333334,-118.44209289999999,0,0
3e4fe199-72bb-4aae-9a5b-5e3e50312271,34.06189166666666,-118.45000816666668,0,0
907eab11-1437-4950-82be-1ace8669c40f,34.0261879,-118.41447448333332,0,0
8e1b0759-b15a-4f4e-ae56-f9ee561a49bb,34.07386398333333,-118.43962860000002,0,0
e1af8e61-b236-416a-aec1-9390cfa1b874,34.05895996666666,-118.27209473333332,0,0
2164c4d6-e536-4a13-bd60-510444194a3d,34.054370883333334,-118.25152588333334,0,0
c516dc5d-57cf-49a2-908d-a872037fd89a,34.01735305,-118.42687988333334,0,0
073636df-9cf5-4a4e-996d-9cbbd5564e7e,34.02484893333334,-118.29679108333333,0,0
c783fcd6-0c2b-4fa7-ad63-191b20dd74fd,34.08010101666667,-118.36158751666666,0,0
0ba442ec-a058-442f-9b4d-3503b9c19735,34.157413483333336,-118.46723938333335,0,0
3ff7c670-477e-4596-861d-83d6f89722bc,34.073947833333335,-118.43797866666667,0,0
abd3301d-bc04-416a-9254-80b37d0eb609,34.03944778333334,-118.46092986666666,0,0
52b0eca8-6788-455d-875a-589d52df9e41,34.04110718333333,-118.26474761666665,0,0
2427f503-7674-43e3-a2d6-e0265e8b862e,34.041091916666666,-118.26475525,0,0
59d1f38e-c828-4b51-89f6-cc0e68b1558b,34.04108383333333,-118.26467983333332,0,0
c2d882a8-b790-4fc8-b6ce-b1fcb95f507f,34.04107666666666,-118.26461028333333,0,0
ffe7a8ba-c718-4b58-a4fd-429ed0d15815,34.04081716666667,-118.26473216666666,0,0
ffc28bc9-189c-45c5-96e8-ddb69a7a5e48,34.05021916666667,-118.24208816666666,0,0
287f86a9-c8f3-49b9-80f9-98c288c44434,34.05501556666666,-118.26895141666667,0,0
c232e1fc-3007-4331-bc0e-013d8d271301,34.02676433333333,-118.35152716666668,0,0
6638a844-c7af-4125-9d33-bad600e5411e,34.098319999999994,-118.31351471666667,0,0
416e1bbd-6e5b-4d0b-927c-bb94479dd985,34.006073,-118.33920288333333,0,0
bda2f04d-7e9f-464e-8384-2b79c7c83f8d,34.07026291666667,-118.43865966666665,0,0
434df716-8349-4118-a415-af8c7b1f2315,34.0605812,-118.44738770000001,0,0
33d064f7-ba9e-46c1-9c69-cbcad6ce40e6,34.0461998,-118.25566863333333,0,0
8dd22433-65bd-4dbc-8f9d-1d55ecd51d47,34.01942061666667,-118.28168488333334,0,0
fb6b7313-a9d5-412f-997d-8c408ff5c051,34.03876495,-118.26287841666665,0,0
22479f06-e770-4e5e-8f07-9ec083ad9bb8,33.9691391,-118.41509246666668,0,0
bb47129f-23b2-4c62-86d7-1b9281fd3217,33.98671721666666,-118.4712143,0,0
422db53c-1b3e-49bc-9f33-2f503229f07c,34.09693145000001,-118.32373809999999,0,0
574fb6ab-4220-4700-ad3d-75765a2feef5,34.04589461666667,-118.23573303333333,0,0
0c06f934-0ee6-461b-800f-4b70a81cf754,34.0744667,-118.43792725,0,0
9d70a3c3-4c98-4baa-bb17-922e571a08db,34.0388298,-118.26293181666666,0,0
d289a7a4-8568-4aef-931f-b9faa50dd84a,33.98699188333333,-118.2902832,1,0
38b51270-9b0a-4e6c-a371-e130e3c708f4,34.179016116666666,-118.43862151666666,0,0
cbc1dd4f-f288-4104-84fd-602f427f3200,34.095355983333334,-118.29479218333333,0,0
db18cc77-e193-4d38-8367-43f96520cfbb,34.07042366666667,-118.35118166666668,0,0
ae81cb48-275f-4d4a-8f5c-de0ec3f3a517,34.095540166666666,-118.34528916666667,0,0
30ed94d3-6d31-4e6d-a819-127d91496afa,34.07231521666667,-118.44071198333334,0,0
9fa2f099-bbce-4c35-a2d4-9e79701f9eae,34.05558395,-118.27037048333335,0,0
1ae9d0db-d169-496d-b509-7f005f6cabbc,34.09988533333333,-118.324159,0,0
649b150d-cd88-4b88-b270-5b20039e3ba3,34.07108688333334,-118.44065856666666,0,0
3ab4cd5d-924c-422d-bbcd-438b0ca429d7,34.07398986666667,-118.43866729999999,0,0
e7994b8f-b57d-45a6-93d9-17ade15fbe54,33.954967499999995,-118.38064574999999,0,0
cc142988-984b-4162-a2b3-771cb8dc91f7,34.07043075,-118.43974304999999,0,0
1e28c090-a805-43b7-88ed-4c4c45c0ec89,34.073841099999996,-118.44096375,0,0
181baed0-42a9-4945-a358-fb4f56e4c47d,34.0727475,-118.44447966666667,0,0
3dbcaee5-3ab1-4425-bf0a-89392153d2c3,34.066612250000006,-118.453125,0,0
292b175e-0497-44ad-8d84-58f93b6fb12b,34.02472983333334,-118.39608633333334,0,0
7ee8652d-5021-4c5a-af33-86e6be6c2124,34.074714666666665,-118.45124053333332,0,0
1b8e0780-1ee3-4514-9eda-b7e5f59b0c4b,34.075419000000004,-118.44177083333334,0,0
6d6f1492-1964-48d8-9ecd-ecacba44294d,34.05117035,-118.26947784999999,0,0
e6ab2a55-258c-40bc-9627-8150ed653421,33.966056816666665,-118.41654968333333,0,0
0eb22ced-beac-40ea-a814-5d5fdff1dbaf,34.031383516666665,-118.41935729999999,0,0
d135f6f2-8bbc-4b23-84fb-2f706772f8a3,34.0405426,-118.26818848333332,0,0
f7f38b17-960b-4e6a-8007-bd55800741d2,34.06749343333333,-118.44301605000001,0,0
f6a689bc-c304-4a9b-a173-32bcc4ad377e,34.085681666666666,-118.33209166666666,0,0
3ec57f79-40c8-4825-a8c1-ff9cc4886042,34.0549515,-118.44228666666667,0,0
5c3ceefa-b074-4b22-ae06-e010b1b4dec9,34.05630875,-118.2500763,0,0
e9839f30-1a25-4e89-b86f-91c4ef254baf,34.06866073333333,-118.44044495000001,0,0
63298421-be09-439e-8fb6-f663f7a52a8b,34.04971695,-118.21525573333332,0,0
c02f17db-1ebf-48ad-a42b-bd0578345750,33.99020005,-118.47415923333334,0,0
559e14b9-169d-4a63-891e-6825c45f8cfd,34.07023883333333,-118.44068983333334,0,0
c4c049c4-200f-4a41-866c-c85378efe0b9,34.03800583333334,-118.26151275,0,0
05fccda8-f2fc-48cb-b656-4eb03c13433c,34.04506301666667,-118.25694275,0,0
c9c605b6-5543-4f40-9135-33c9fcfc61c2,34.05374033333333,-118.44311333333332,0,0
b61abe82-60b1-404d-be9e-277c82ebcf64,34.06656646666667,-118.4526596,0,0
d340739a-b024-4ac8-aa41-8f4f7a079f26,33.9895725,-118.47364933333334,0,0
1e388fd4-c09c-470f-94b6-596e67dcc51c,33.95303166666667,-118.4320805,0,0
c40c833e-3386-4dca-9b4e-c5f86a4673d8,34.049533849999996,-118.24343871666666,0,0
026946e6-2e98-4e12-8d74-16ec79d49520,34.067627333333334,-118.44296633333333,0,0
175f10f8-3be5-4329-a4f1-6394ea6c3725,34.07301711666666,-118.45454406666667,0,0
d830f464-73bc-426b-9265-f10e2c3c9aa8,34.063411716666664,-118.43305206666668,0,0
8f9d9ce5-58b2-42c5-ab34-1f63e6cd006e,34.10188293333333,-118.30911255000001,0,0
9729fbbb-5cda-4163-a5cd-ea320fcc9d66,34.0729599,-118.45453643333333,1,0
a230f6f7-a336-4ae2-9b96-aebc54247629,34.059745783333334,-118.29103088333335,0,0
e4162e00-4abb-4ca6-8585-75db3725d1d2,34.02420733333334,-118.40289783333334,0,0
dec8cbd9-94ab-4153-981f-02ec713ff6da,34.02524566666667,-118.39498901666666,0,0
2bfc7617-020b-4a5f-a569-9df69be648b9,34.044898833333335,-118.27001983333334,0,0
001ce580-ea13-463e-9b9d-695cdb68cec3,34.02045821666666,-118.4042511,0,0
a0a36ada-2ad9-45b9-a1e4-b2a9a0be3a63,33.97111893333333,-118.45571900000002,0,0
72dddf92-02ba-46f9-916d-9d5dbf2701cc,34.068710333333335,-118.44019318333334,0,0
578d89f8-ba9e-4226-984a-6ed6f0015b67,34.087570183333334,-118.30632018333333,1,0
c21e708f-11f1-4bb6-a477-cf93b5f61699,34.07405853333333,-118.309021,0,0
a4f4e6fe-ef74-452a-813f-812dcc52f312,34.062706000000006,-118.44680786666667,0,0
6b69cbdd-6ceb-4434-973a-304c6b6e07b1,34.07359695,-118.44242858333334,0,0
d6a7f9ac-6a55-4ecf-a9d0-bf3b7a7db51b,34.028079983333335,-118.40582275,0,0
70e33003-29f4-4b29-b88b-cd50085ca90e,34.069339750000005,-118.44860840000001,0,0
75e093f5-b1bc-42dd-9388-a06b952fe568,34.05883633333334,-118.44381733333333,0,0
3c177ba4-56ab-44e8-bea4-78012cd698ca,33.979373933333335,-118.46646881666666,0,0
a2061dc8-8255-432e-b30c-53064250f02e,34.062004333333334,-118.44685016666666,0,0
82166ca1-bb38-40cd-a0ba-929c5303dc86,34.05096833333334,-118.44451216666667,0,0
d96eae96-8daa-4ed4-9f20-4b723715a0ed,34.07235336666667,-118.44071960000001,0,0
ab372d8d-d589-4387-b17d-0a1a2c88aac2,34.044120783333334,-118.42669678333331,0,0
d2377e2c-8b4c-4a92-9751-98e2460c7485,34.060562166666664,-118.44208033333334,0,0
bef60b18-a5a4-49a7-a752-12f128c1bbe0,33.99473571666667,-118.47581481666666,0,0
b61d6080-b855-4d42-9e27-fdd838e0c82e,34.083583833333336,-118.33181,0,0
329b9546-b2a0-4888-b26d-aec4ba2e218a,34.04272066666667,-118.45304916666667,0,0
cfe31eb1-dcd7-4526-832f-02327bbd7572,34.03589633333333,-118.41381483333335,0,0
e9cf58cf-e0e2-4963-a49e-9e4f0db29914,34.04195785,-118.26328278333334,0,0
ab616dca-ce6d-4f6e-bc00-0d7fbfc16aa0,34.019329066666664,-118.4067154,0,0
d9628fd3-2154-484a-b8e7-521afd487f22,33.998905183333335,-118.47298431666668,0,0
4763c42d-1a17-415b-bbb0-8624a3586851,34.07352066666667,-118.44171905,0,0
b255d29c-35a1-4862-b237-5c3bb7109db5,34.0311135,-118.29023716666667,0,0
c52cb448-172b-4c81-8431-b47ee5f851d2,34.0726738,-118.44149780000001,0,0
ac1bfc24-1205-404f-b630-4bb45219f4d9,34.06887436666667,-118.27976226666667,0,0
012e3c41-e1e0-4c57-bcfb-1df9c39e7074,34.04453278333334,-118.45464324999999,0,0
933f3a05-fce6-49f8-b851-812b0f6bee5b,34.059327,-118.26627416666666,0,0
63f97d91-14ba-4bd1-8dcc-570920d3b49d,34.01853943333333,-118.30912779999998,0,0
38d2082a-4169-445e-95c9-8709c88d9a90,34.106632233333336,-118.34230041666666,0,0
1ef9cbd9-b9e2-42dd-b488-a39c1f183a6d,34.10258101666667,-118.28730011666667,0,0
1520aec4-1044-4cf3-b69c-c6fa117fc2ca,34.036320333333336,-118.44403816666666,0,0
f7d38d70-cecf-43a2-acce-615dcf5d0e58,33.985862733333335,-118.4430542,0,0
1738fe23-f17d-4438-b8a9-1eaf702319ba,34.06549835,-118.2509842,0,0
8ef0f51c-195a-4f2b-8d31-bdd35e67bf33,34.09955215,-118.32771301666668,0,0
f09304ab-fa51-4561-8b33-dc906e8377b4,34.05672383333333,-118.42725866666666,0,0
8b68b071-7024-4275-85cc-3bfd59d27364,34.00967788333333,-118.44984436666667,0,0
5ad28790-b44f-4c99-88a4-ff72b9b51fe1,34.02764893333333,-118.4098053,0,0
5350bb9c-2c69-4d4d-9c4e-5449687355a4,34.000679016666666,-118.46907806666668,0,0
3738315f-7727-432c-a0ee-a12bc7517be2,34.04808426666667,-118.2854309,0,0
64784778-4cd2-487a-b911-9a30169c3e56,34.09984588333334,-118.32785796666667,0,0
f925440f-6f5f-4c68-be2d-3e0ed75bb090,34.09066233333333,-118.31287866666668,0,0
61e72587-8fd3-4ffa-bedf-62afe2530928,34.03128533333334,-118.35363683333335,0,0
0c0cb12b-04d2-455a-802e-889aafa8276a,34.0518303,-118.25242615,0,0
91c9d258-0de9-4e64-aec2-0720f5c5b58c,34.00556183333333,-118.27883148333333,0,0
76044089-dc2e-47c7-a23f-fb3f591c5ca1,34.043648833333336,-118.45298983333332,0,0
3193c939-b071-4ca4-8583-1d41c06226b4,34.066783900000004,-118.43068694999998,0,0
00106077-8767-41cb-b9c3-ba16b7848f67,33.987033849999996,-118.43994903333332,0,0
9bd2f01d-85eb-4367-aa75-6b86df9dbf0d,33.98698425,-118.43991851666667,0,0
acffa83c-14e4-4c48-b292-67817cebed83,34.05002593333334,-118.24740599999998,0,0
875f6c1a-c163-4348-a16d-936344e11af3,34.0272255,-118.29815673333333,0,0
8df29740-2bed-4bee-8f5e-9df1ce5b76ec,34.04611968333334,-118.27571868333334,0,0
7697b7d1-6548-448d-9ee3-43d15535fb3f,34.074775700000004,-118.45130156666667,0,0
7df8d823-7e56-4516-97a3-6c7e918d6fb7,34.0982666,-118.29593658333333,0,0
bb0c971b-41b5-4526-823f-7aa2ebb803cd,34.04333115,-118.46840668333334,0,0
61dd3674-3f75-41a3-9350-84da53972fad,34.09994888333333,-118.28996276666666,0,0
4ee7c71a-9a3a-468f-899b-28914de67ebc,34.00313186666666,-118.24331665,0,0
d6a856a4-392b-4e13-b9a0-cff19c6fc786,34.04843521666667,-118.24227141666667,0,0
b7681efe-fac6-4039-b117-a5cad6066fcd,34.04907226666667,-118.24837493333334,0,0
f8ba2948-1b47-4b46-9020-4d62c0adf3a8,34.05994183333333,-118.42181216666668,0,0
3cd4b11d-878a-4c8d-acd7-0afbb62fe199,34.07574433333333,-118.4347495,0,0
1103f0ef-3e23-4079-b508-eb91e333c42d,34.04871816666666,-118.24193966666665,0,0
cd9e97f7-729b-4c67-9d3e-c42aca5e1448,34.07148361666667,-118.44085693333334,0,0
a312f585-f2e3-4f57-8bac-dd7711f9afa2,34.06844711666667,-118.44310760000002,0,0
6a361132-a10e-42e6-aeed-bcf29599ddb9,34.045915,-118.26461766666668,0,0
d48dfe0e-d745-45d9-8d22-43bc9571e870,33.99596786666667,-118.30205536666666,1,0
4124c1cd-29b7-46b4-b647-1878e32bd3db,34.064686,-118.25798250000001,0,0
e2e0929d-44a2-4327-b33c-a3ed68a03796,34.04348373333333,-118.26093291666666,0,0
ea29d2b3-56dc-456e-b4a2-e047bbc2c057,34.0437584,-118.46051788333334,0,0
dbc4e9f3-d0b1-4331-acff-0b6b10fa64d8,34.06589233333333,-118.45233266666668,0,0
a6d1787b-2a0a-4063-a2aa-35c0cd1b7465,34.02928161666667,-118.40335846666667,0,0
191e45d4-01ff-4ba7-83ce-3f53c076577d,34.10453796666666,-118.34902953333334,0,0
04777620-dccf-4060-87a9-f5e42da38ac6,34.0616684,-118.44799805,0,0
b82d51ce-d824-4d12-8b31-743d86f1bf59,34.08539963333333,-118.34725189999999,0,0
bf2552fe-7a3a-481a-aead-9f14d5ac0b7c,34.01878738333333,-118.40718841666667,0,0
f74333bf-bc9a-4550-a318-77680bbba079,34.06853616666667,-118.44508416666667,1,0
dae3d8f4-1900-488a-a7f9-7ff9982e6208,33.960019833333334,-118.39650449999999,0,0
b98187a7-86bf-46fd-a1c6-c7f6bd53e92e,33.988178250000004,-118.45638275000002,0,0
f61fbf0a-5f59-4cfe-aeb1-7ad521ef5753,34.06493378333333,-118.42752074999999,0,0
067a5651-7909-4599-90c8-2d0e5c875f73,34.05140686666667,-118.25267791666666,0,0
a0403711-cd7f-45a9-a1d6-570f930ffc2c,34.04903411666667,-118.25147246666666,0,0
692b191a-4f58-4bc0-bcd7-c38901d1a943,34.0460167,-118.26470946666669,0,0
f7a8c72c-50ad-437d-868f-a726b047bae3,34.048400883333336,-118.25649261666668,0,0
104945f7-98d0-4c4f-a252-e8ed99e544fd,34.050294,-118.41045366666667,0,0
fee950df-827f-4efb-b7ab-5895549547a3,34.0620308,-118.44687653333334,0,0
c1e26ca7-ae25-434a-b5fa-102d7b85f009,34.09766783333334,-118.36299016666665,0,0
2433a5d1-9408-47b9-b105-bfc6b03295c6,34.097708,-118.36291283333334,0,0
e3898337-76b9-4f8a-8587-d8a431e23239,34.09766483333333,-118.36296616666665,0,0
1e13a7e9-d727-4925-aed5-332e5a03c689,34.097649833333335,-118.36296666666667,0,0
e410c01b-d2d3-4fe6-be48-462ec1a69bcb,34.097661,-118.36303333333332,0,0
c68935f1-cfd0-4e8f-bc05-987116d9c5fb,34.05612563333333,-118.28250121666666,0,0
48fc903a-b351-4de6-b852-34be3a29de8f,34.09629433333334,-118.33875000000002,0,0
70ce4d3d-2102-4dda-a294-168e03673f7c,33.98705673333333,-118.43992615,0,0
b36ab72b-8c3c-4f36-97e5-aa12bb4dff76,34.07345533333333,-118.43946033333334,0,0
3030638f-e04f-4a25-91cb-48ce29a91ddd,33.99618911666666,-118.47797393333333,0,0
d169a221-2c62-474f-8112-9d621d1e1c39,34.043613433333334,-118.26158141666669,0,0
e38ab53b-19b3-4a69-8ec3-5b9b6b105d14,34.05581665,-118.23743438333334,0,0
0c1198cc-d9dd-4c0f-b94a-1eeadeb2c93f,34.09532928333333,-118.34040833333331,0,0
301f2e49-5a38-4d93-8df4-36b68552f52c,34.05057143333333,-118.42055511666668,0,0
cfe6724d-eb59-4155-b125-37179b293228,33.9905243,-118.4656601,0,0
ad8a9638-8dc7-4db1-a157-d244232731c7,34.058635716666664,-118.44567871666668,0,0
75109668-6e69-4611-a09c-c36455cc70d3,34.06356233333334,-118.46093116666667,0,0
d02cbbd3-b1a0-4b7e-8a00-261e30056582,34.09787368333333,-118.36459349999998,0,0
119df89a-b5d1-40ea-9222-94c5a903b6e1,34.07027816666667,-118.44069671666666,0,0
6c0cb119-ef25-4885-ab56-85c28289ccf8,34.0359735,-118.24015533333335,0,0
6bb5385a-6de6-4988-b3e5-4bdf643f16ae,34.052452083333336,-118.46429443333334,0,0
22dca363-b77d-4179-b326-88f56f267d29,34.09735033333333,-118.32238683333335,0,0
16bae350-8908-4831-aeb0-589f9d7addf9,34.0979271,-118.36434173333333,0,0
0142e922-713f-4bd6-b42c-be83eeba15f4,34.097942350000004,-118.36425018333333,0,0
939a7f68-0aae-4b23-b7a8-c9c699f232f0,34.04435933333333,-118.45521466666666,0,0
5f9b8475-f681-4ddc-9731-dc4e6347f328,34.09985733333333,-118.35198975,0,0
ce7d72cc-6fff-4e62-83dc-12004ec63945,33.989562983333336,-118.47364045,0,0
7e5f48bf-1aa5-4dec-9286-be5159716d26,34.097559333333336,-118.36453349999998,0,0
53033123-c8ef-4772-888c-366ca1614b52,34.09759903333334,-118.36454773333335,0,0
1ac72419-7218-48e0-b1e3-3e4567b100a9,34.09760666666667,-118.36460876666666,0,0
38fa5be1-8ce6-43b5-92ab-94b2787e7247,34.09758758333333,-118.36455536666666,0,0
e31aeca4-7562-437d-b432-3b88af759325,34.09762191666667,-118.36458588333335,0,0
e6bef898-1ca8-451a-ae6e-02f8955ef08f,34.09763336666666,-118.36454010000001,0,0
f8a61821-c26e-4bdb-8b7f-6f85639dff6b,34.025279999999995,-118.27857971666666,0,0
abe3a41a-0102-46fd-b376-fa50fcc9e280,34.0766182,-118.3648529,0,0
352b2cc0-6a71-486f-a179-f53cd0f0b299,34.06221008333333,-118.33507538333333,0,0
6337e4d0-d38a-418e-93ce-bf95a4b2dbb4,34.041809083333334,-118.30339813333333,0,0
bc980410-871a-467c-85f6-67ef1bc3fa88,34.04167938333333,-118.25295258333333,0,0
ef603869-276b-46c5-b9ee-42287481d273,34.04069916666666,-118.44334916666666,0,0
d4c4f419-79dd-4017-b715-61ecf2663d0d,34.03927231666667,-118.26428985,0,0
5b0531a4-4917-4558-af8c-c86c0cb1bb75,34.0402298,-118.46385955,0,0
7dd4deb8-3edc-4d40-9b80-481abe7f432a,33.989835666666664,-118.46140650000001,0,0
f5acdae5-d4a6-4008-b1d7-f840b0c9767c,34.04679108333333,-118.25374603333333,0,0
52995b5b-fe22-4c6d-bdc7-0bd101ed2f5e,34.02039083333333,-118.28116683333334,0,0
873f00f5-8a51-4500-8b4c-352cdcaf674e,33.96558761666667,-118.41869354999999,0,0
77b1fa28-ba14-4814-bcf7-10de426a6fa0,33.99494553333333,-118.45494079999999,0,0
a41a0538-4c4a-499e-9132-23b8755e7c50,33.99491501666667,-118.45494079999999,0,0
e45a7d93-5893-44de-9f31-4fc4713655fc,33.986286166666666,-118.44229888333332,0,0
afe509b0-623a-4ad4-97f9-934ea0906a9f,34.14813613333333,-118.42588043333332,0,0
cf921f5b-bef3-4a33-be12-57cf9ba4a525,34.071403499999995,-118.4394989,1,0
b7bc4927-88b4-41d7-b566-00e6c8b1c580,34.097911833333335,-118.35712433333335,0,0
a35c464f-434e-4cd8-b8c5-b588a7527389,34.097876166666666,-118.35674816666666,0,0
777915cb-de1d-40e8-b1a2-42899574aa15,34.09789658333333,-118.35718536666667,0,0
80d6ee57-e070-4be6-9e22-e27f288117c2,34.097862250000006,-118.35716248333334,0,0
d0347db3-a69a-43e9-863e-1c9d5e8e92a7,34.0607872,-118.44418335,0,0
b8c1e4d1-2732-4ad4-87c9-8d25612add93,34.10356903333333,-118.34766388333334,0,0
8d5cfff3-1de8-434c-8fa2-c59360cab39a,34.062580116666666,-118.41600799999999,0,0
05bbbbe6-59e7-44db-9568-df1107d36cb5,34.04878235,-118.2613678,0,0
5c1d236a-92b0-4fc7-81f1-5639084149a7,34.03829193333333,-118.4592514,0,0
5c5c2e8a-47c8-48f4-b458-264920f0c349,34.06261825,-118.44893646666667,0,0
6e9d4f27-4eec-459a-b3fd-6c6d6ce36340,33.9603653,-118.39601898333333,0,0
560f93cc-9faf-4ee7-975a-3a1f98f8723a,34.050048833333335,-118.36138916666665,0,0
46269d48-4950-4e76-a465-fe93503082ec,34.04759979999999,-118.24726868333333,0,0
f13535e8-be8f-497e-a46d-f5615d0510ed,34.06111908333333,-118.44898986666666,0,0
68d7c551-a56a-43b3-bc8a-c1108b16c60b,34.09812926666667,-118.35120391666666,0,0
d018cf18-b6e6-45f8-9409-f33c1f88d707,34.09817123333333,-118.3512268,0,0
5d79d086-adf5-45f6-b529-f8b01b27b82e,34.09815978333334,-118.35121918333334,0,0
e7d3deb5-caf4-4c3e-962d-b6765d9a1b32,34.098190300000006,-118.35119628333332,0,0
d65f39f3-8041-4bc6-880f-d4924c1f4d56,34.083667750000004,-118.32653045,0,0
b73220bf-7beb-486d-b518-74be0e2b0eb2,34.10525131666667,-118.31915283333335,0,0
285e8181-0992-4f19-94cc-b10dfe97d6ce,34.08704376666667,-118.32975768333333,0,0
2008b6d5-e429-448f-a11f-5dc7ba94f785,34.04611968333334,-118.25614166666668,0,0
97b12606-1b1d-467b-b784-8e7396f0cc0e,34.0981865,-118.35088348333332,0,0
3b5be567-49ff-4831-af67-c5fb05678256,34.098152166666665,-118.35087585000001,1,0
ba824b13-a2a6-43cb-ba8e-0862aa3b128a,34.038261416666664,-118.26877593333332,0,0
2632eb22-790a-4d11-befc-227b77f4ef46,34.03936386666667,-118.26422881666667,1,0
4893a947-2503-4089-9077-50919f4d3183,34.07933066666667,-118.25917333333334,0,0
b8d824ca-3d9d-4bbe-8a3a-16ad032e165a,34.04643631666667,-118.25373839999999,0,0
7fe3d40d-9385-473f-a23e-6033c4bfc0c1,34.09972381666667,-118.32965088333334,0,0
12f2fd4b-11ad-48c4-ae11-5f94fcf05bd2,33.95976256666667,-118.40829468333335,0,0
4c981153-9fdb-4fba-af73-2df6ee3e6b74,34.0559625,-118.44366716666667,0,0
593e8159-8f5d-4021-b28c-20167e1c8b8f,34.07428733333334,-118.44282566666668,1,0
77028c5c-84d8-4fda-b0d0-a0bff4d5cb6c,34.00048065,-118.46962738333335,0,0
72cecd31-b3ef-4d65-b5fe-816d0cbaf2a0,33.98851013333333,-118.45377349999998,0,0
18b8c2c8-3e21-443c-9205-80bec5f56496,34.00030136666667,-118.4696045,0,0
6c38e4b6-b21b-42bb-95fb-01903847a3d7,34.049255366666664,-118.25287628333332,0,0
7df8b010-2917-44d0-a92d-c77abd0372db,34.00471496666667,-118.43119811666665,0,0
19da0f7a-3ea5-4e74-8f55-8c6a9388ba7b,34.06235503333333,-118.44761658333333,0,0
d0d02d1b-69e5-4517-83b1-300d27e6aa01,34.044754033333334,-118.26232146666668,0,0
aea62cd9-8677-4a6e-8c68-35ac35a63fce,34.04470443333333,-118.26274108333334,0,0
7f17dbd7-9f51-498d-ade8-e00ff5e50c3f,34.03736133333334,-118.26943566666665,0,0
16779d27-aafc-4534-bbf0-18b32af2ff87,34.03501128333333,-118.44860076666667,0,0
3fcabd00-b3db-4c09-a28c-415550836e93,34.01901626666667,-118.4070282,0,0
5fb4f0b8-75f1-4893-8957-82cdab20c8bd,34.053134916666664,-118.41020203333333,0,0
300464da-77ec-4ec8-801f-e20c1e2763de,34.09837341666666,-118.34147643333333,0,0
70b91621-8cf6-4283-be43-7181dfa1ded2,34.100399016666664,-118.34235381666667,0,0
0095b529-c483-4054-9ff4-942622542ee7,34.0983963,-118.34145355000001,0,0
af74ac53-d7ee-4205-9c3a-ea9df69d89dc,34.07308196666667,-118.28085326666665,0,0
b349b00f-5c9b-4de3-b911-7edae9446e06,34.100898750000006,-118.28688050000001,0,0
9051d124-b671-408a-9b57-71cfe162d1df,34.100708000000004,-118.32376098333334,0,0
8f6ae5ef-013c-4ce8-8dce-c52f074642e4,34.02568435,-118.35600279999998,0,0
05b9e546-8b18-40d7-9893-d857f9ed7474,34.073786166666665,-118.43972950000001,0,0
e1e3ea74-0b12-47c8-a13e-42f494b17c2d,33.9894371,-118.30030059999999,0,0
d8f35df0-4736-41c4-a176-cf57935e5af8,34.066200249999994,-118.2377243,0,0
f3bff099-8116-43da-985c-ec5dd68769ca,34.066223150000006,-118.23774720000002,0,0
efe4c241-7411-4baf-b086-9349e4d04748,34.07081223333333,-118.44431305000002,0,0
1f490b3b-cd42-4e5e-8d62-bee1a64ea99b,34.06991958333333,-118.44203186666667,0,0
82486864-dc5b-424e-bc4a-1037f9dd7b9f,34.04932403333333,-118.26046753333334,0,0
24b20c24-a194-466b-b3c0-216d4a17b760,34.05941391666667,-118.44584654999998,0,0
6fdad83f-a88d-4b5f-b9de-654dbad75139,34.10044861666667,-118.34324646666667,0,0
37762906-3f42-4786-b6fc-eb8a2ee1b868,34.100517266666664,-118.34326934999999,0,0
bad7593d-e6a9-45af-9311-a2e9269d79c0,34.100471500000005,-118.34323883333333,0,0
b2988d88-aaf5-4761-a0a1-1958005655ba,34.097820283333334,-118.32649993333334,0,0
2948ce4e-55ea-4510-943c-df671e4e415c,34.06258566666667,-118.44721583333333,0,0
6e642aba-742d-4e4e-81c9-04e164f11418,34.07430716666667,-118.44280683333334,0,0
0153b846-c176-41a9-9a1e-b9769828ecd9,34.05312728333333,-118.41679381666667,0,0
988cd2cf-b704-43fb-9bc3-f1cb2910693b,34.05655288333333,-118.38243866666666,0,0
1786ff61-040a-4154-96bf-b623c1fe29f8,34.02282715,-118.42180633333334,0,0
f3b3743c-4642-4361-b424-3a3ace194b85,34.149327,-118.444541,0,0
593bf413-3b7b-4543-96c9-6d6edca0f155,34.059417716666665,-118.44597625,0,0
b0ad1246-5595-42e1-a649-74b552400eb3,34.041996000000005,-118.38479615,0,0
a845695b-c462-4c91-94d0-68ed001ded7d,34.02977753333333,-118.23007965000001,0,0
110915e4-4502-4e9f-ac79-33a89b90d01b,34.10046005,-118.34121703333334,0,0
14b8900e-7ff2-4034-9959-5b0e16931bad,34.100517266666664,-118.34132385,0,0
dc4299a4-2b64-495c-9e24-046c69865188,34.05652516666667,-118.37950616666667,0,0
6a6fd30e-3f5c-4f25-8c3b-1b47930fb826,34.070297233333335,-118.44087981666668,0,0
595caf42-82ac-4285-a573-74c5fe41091b,34.06543633333333,-118.44208566666666,0,0
da2c5a49-72dd-4eb4-af9a-78949b692da3,34.04698563333333,-118.24843596666666,1,0
31ca5dd3-f5bd-498b-80fa-d5ed25d7baa7,33.959708666666664,-118.40828566666666,0,0
32a3c20d-9ce1-4fbd-b60e-0112198a5c26,34.05077361666667,-118.25704193333334,0,0
33e60cdc-79c3-4769-aec7-d037cb58aaf6,34.044345666666665,-118.26458149999999,0,0
5cdbabd6-0723-40eb-b6e0-be60058c1efd,33.94726766666667,-118.38219233333332,0,0
eb9d1f17-2333-4b83-b27d-bc371f489a80,34.069900516666664,-118.44109345,0,0
01d17c54-6aea-4d30-b0b3-913007d1f3df,34.04477166666666,-118.26402316666666,0,0
dad379e7-946e-4806-b227-ee1c7acbda68,34.10033416666667,-118.34130096666668,0,0
90b71790-46db-446e-95ce-8d6f9320a4a3,34.10033798333333,-118.34124756666667,0,0
12bc9f3d-87f9-4f8d-99a0-50381710bf41,34.074535366666666,-118.44169616666667,0,0
f26404f2-0c00-40fb-9b9d-8be6590ae41a,34.06269073333333,-118.44558715,0,0
068d7ead-7555-4b36-9289-0412b7a38fd4,34.04504013333334,-118.25026703333333,0,0
f487f632-2eb2-4d72-b1a6-ef23b336a80f,34.06105423333334,-118.4473114,0,0
fa7d1050-2c10-43ff-88c8-0cc970c5c30f,34.02859496666667,-118.28268433333332,0,0
c0aabdff-51d4-4fdb-b0cd-47b005e12bc4,34.06857681666667,-118.44358824999999,0,0
53fd1d53-df24-40e7-b47d-c4d49772dff0,34.09775543333333,-118.32652283333333,0,0
6af85d24-efa2-4f98-904e-6a5539119963,34.06798935,-118.44148255,0,0
408f9769-8cb4-4b09-87db-837917890aa5,34.02542366666667,-118.39915466666667,0,0
3f565c2d-5a30-4fc3-9bf3-ea0179fddbc5,34.071236,-118.43954566666667,0,0
c32468c2-24a6-403e-8bd0-c46e4fad24ce,34.1434822,-118.44135284999999,0,0
f00b2dee-64e6-4e0a-b420-e9daf7c79091,34.04881286666667,-118.24067688333335,0,0
ff8b5f49-11df-4cd7-a17b-6c63af74d712,33.99030685,-118.44799805,0,0
b48fa33b-fa41-4b67-9573-e3a000f5fc60,34.0915718,-118.32679748333334,0,0
98c54694-61ad-4e2d-84fb-109c5fa4474d,33.96009063333334,-118.39644623333334,0,0
7cf08a11-c7e9-4b6b-b6e4-b8b1c56ac259,34.0460167,-118.45385741666665,0,0
f2219d45-b02d-4360-b8f1-a5bd46a97de8,34.05099868333333,-118.25495148333333,0,0
fe2e4de9-79a2-40bc-8086-d11cc362cc10,34.07245255,-118.43951416666665,0,0
0376f8ad-b0a7-41ac-94ce-37d0d6edccb4,34.02758026666667,-118.36291503333332,0,0
9fafc6d5-52f4-488a-888b-d1a22c68618f,33.97150803333333,-118.3753357,0,0
2cd3eb03-1358-4eaf-a0bf-b88b49736d3c,34.19955445,-118.46912383333334,0,0
67b1be1e-6a00-4fa1-8b93-2ba8d7e15d15,34.0500679,-118.43151093333333,0,0
5533cb1a-326d-471e-bbea-7f212218d5e0,33.98773956666666,-118.47098541666668,0,0
592debde-5732-40f2-beaf-9662bd8de7d2,34.07410811666667,-118.4407425,0,0
03e0f433-da04-430e-bd0e-f4093b961370,33.989955900000005,-118.46366119999999,0,0
0fc1aab1-95e6-4ab5-ae39-17ec95bf9ffb,34.04696273333333,-118.25875855000001,0,0
3bbdb99e-5096-4572-adcb-d13479169d4d,33.98989133333334,-118.46365616666665,0,0
0f880654-1515-40b8-8163-6f97a72a299a,34.04183196666667,-118.25207520000001,0,0
5878b41d-7e01-474e-ba16-75ad40cec46d,34.041816716666666,-118.25208281666667,0,0
8403e8b5-5cdd-4580-89bc-eac76df97d53,34.04182053333333,-118.25207520000001,0,0
ac55aa5c-bb18-4a7d-816b-cdb884fe66ff,33.98994445,-118.46363068333334,0,0
adb401cd-20a9-40b8-9266-89494bed3f47,34.070234166666665,-118.44068783333333,0,0
dc921b30-5f5d-4862-9d90-eae5e03b46ef,34.06703948333333,-118.442276,0,0
eef52089-7028-4c95-be48-cf7ea442c683,34.05200195,-118.24888611666665,0,0
d4c9449a-f5bc-4be9-8ff4-bcc432f6b4dd,34.044479366666664,-118.25222015,0,0
120bb6dd-4267-41c9-8818-541e9adf7d74,34.00934783333333,-118.42531266666668,0,0
637ab026-e5d3-4677-a277-6d8f61e3058d,34.07665633333333,-118.44065856666666,0,0
cd2a6ab8-06c1-43c7-a7a4-8145793befd9,33.99422666666667,-118.47118016666667,0,0
c87c621c-dab4-4156-9512-27e109b36bb1,34.0095025,-118.33936083333334,0,0
7d2e0609-4d95-4dc3-ac87-7a9b5bc28567,34.07396583333333,-118.43873333333335,0,0
26fc52cf-7a16-426e-9e2e-f693d4338b3d,34.1495781,-118.43957520000001,1,0
3b9ad871-caf1-4a8f-8504-5a93c11cff9c,34.098152166666665,-118.32862091666667,0,0
022367af-dd16-464e-8555-13cbbe39030a,34.06753921666667,-118.44244384999999,0,0
495aab1a-25e3-4404-af4f-e0a80749a8df,34.074439999999996,-118.44050598333334,0,0
482cbe98-b29a-47b8-84b2-c8b31cb77b90,34.07382965,-118.43960571666666,0,0
c09e0b70-2232-4390-8e31-b87f9617ebd6,34.0694809,-118.43878936666667,0,0
2b173130-5d62-4ea7-8c38-729d971d12f4,34.04908751666667,-118.46694183333332,0,0
ef587542-4eab-4149-9c11-554c39b91191,34.1046257,-118.34882354999999,0,0
9e75f95b-88dd-419e-a43a-7fdf432526fa,33.995224,-118.45536041666668,0,0
739d8519-2150-4c19-97c8-8076b4c9badf,33.94566016666667,-118.3903225,0,0
08c76466-4175-4493-96e5-e93280a20373,34.096191399999995,-118.32793426666667,0,0
4ab43efc-fb78-4a26-9f31-a0a71f706685,34.068675999999996,-118.44044495000001,0,0
7dca057b-67d9-4c5a-baad-8c0eaa7a0e57,34.07307053333333,-118.45330048333332,1,0
08fc991c-4691-47b3-977e-9b296d24f129,34.06865566666667,-118.44050033333333,0,0
96520771-fbce-445e-b1c2-dbd5f602647a,33.94565033333333,-118.39034666666666,0,0
e7478145-cefd-4c6d-ba88-056efd879730,33.9800682,-118.46578216666667,0,0
fa35daab-4d28-4bad-ad47-6b086df1627b,34.02463531666667,-118.32927703333334,0,0
c25e3b44-9b22-4788-a79f-8c2f3cd1978b,33.98004913333333,-118.46581268333333,0,0
ed265bfd-f551-4808-9b92-37739b6f74a3,34.05035781666666,-118.26123046666667,0,0
3b7db591-e9f8-4e11-a9c0-43d7f4ead586,34.07740166666667,-118.43947933333332,0,0
c96e32ce-e950-4eee-b0cc-89f1a602c559,34.04277966666667,-118.24621516666666,0,0
c258d40d-6e05-4907-b008-e24ff771448e,33.980781549999996,-118.46442413333334,0,0
46586fff-eec0-4262-a37f-b9db7cd249ca,34.07382965,-118.43959045000001,0,0
478978f2-c864-486f-b86d-9cc7c1700d82,34.045688633333334,-118.25414276666667,0,0
ea7e674d-73c7-488f-a62f-d9473271190d,34.04938683333333,-118.24205683333334,0,0
46bd9dbf-3075-4250-91bd-aa2580bcd690,34.038509366666666,-118.24019623333334,0,0
d2105b59-d09c-4767-b627-37d79cafd915,33.971141333333335,-118.4558625,0,0
8d0382e8-4a73-44f6-b4e3-49c345b03ecf,34.07378768333333,-118.43962096666668,0,0
2047471f-9483-460f-b91f-c4131f0338e1,34.03886413333333,-118.26078796666667,0,0
b6c29ca0-a2ac-43e0-8094-057abd7a60b7,34.14738083333334,-118.434021,0,0
10f7d39d-5fe5-45ef-b816-00a9a4282222,34.09820175,-118.29601288333333,0,0
0da39d23-c6e3-418f-a6d3-80a07e44f13f,34.0171318,-118.40560150000002,0,0
55f415dc-4803-4f45-86de-2c2b3c8c7a5d,34.06230163333333,-118.44752501666666,0,0
0a35eaec-ee2d-4582-961f-d4ce356e88ec,34.09617615,-118.34693908333333,0,0
fdbc5421-eacc-47b5-a93e-435042753a6c,34.073781333333336,-118.44095916666666,0,0
3515b448-f6b7-421d-8d5e-efcd671c9e02,34.062686916666664,-118.44558715,0,0
e389ece2-5473-4921-adf7-2d1282a6dc38,34.070926666666665,-118.44065856666666,0,0
4c2ab6a8-1e69-4344-b5d2-78500346a06d,33.98947906666667,-118.46290588333335,0,0
546571aa-b4c0-4825-8558-fdca0f55f6b3,34.05140305,-118.24520111666668,0,0
2093ee6e-868e-40f1-9a3d-858173b2c370,34.07336045,-118.44190978333333,0,0
bbfbb206-97c3-4091-82cb-da5928890b11,34.07742691666667,-118.43943023333334,0,0
3f3148f9-9ea2-41fd-8bba-289669901428,34.077423100000004,-118.43946838333335,0,0
3d098a40-70ea-4e1f-ba6e-80e7bc5ee907,34.03553483333334,-118.45725599999999,0,0
5f929089-3bea-4eb6-8678-87bac7564a9f,34.051422116666664,-118.25642395000001,0,0
db4b483d-95f5-4dca-92f3-3e3a1ad0656d,34.0857048,-118.36161041666668,0,0
c6bda36c-6a4f-4ff3-85df-2930d66a54da,34.096382133333336,-118.34400939999999,0,0
054c0777-8c65-49e2-a018-397b0ecacbef,34.05213783333333,-118.25555083333332,0,0
bb91e6c6-ce44-4b38-b1c3-5c8cb5f83fd3,34.041024,-118.26471833333332,0,0
d78f1f6f-c82b-4c53-9ea3-c041f3a49843,34.046337333333334,-118.43399583333333,0,0
7770dd07-ea7b-4eae-be82-9048ec11001d,33.98924255,-118.46253966666667,0,0
29b11982-c85f-482f-a02d-366f083b207a,33.987720483333334,-118.472435,0,0
ad91efad-89b2-4122-8501-fe8719e6c384,34.07035716666667,-118.43977283333334,0,0
87e0e4f5-d518-4cac-9040-f5b4e0b5dc61,34.095174166666666,-118.2591335,0,0
cb6d0456-0202-494d-a48d-b46133701209,34.04621483333334,-118.25435383333334,0,0
29b5bf32-8449-4a9d-8b3a-624114d8dc36,34.05799485,-118.44208526666668,0,0
de028832-b497-413b-a587-95d6176ef7e4,34.0411644,-118.25336456666668,0,0
06837a33-2276-4108-bc70-296cbc5e3a3f,34.03357696666667,-118.27997588333334,0,0
bce0d9b8-3ff6-4ac7-9837-0313e93f027b,34.060447700000005,-118.24501800000002,0,0
8133371a-ca8a-41fe-bc6d-b04849513f50,33.94575881666666,-118.3859024,0,0
0a29ead8-b05d-40d9-9401-b30f9cef8c0e,33.98281096666666,-118.46495056666666,0,0
5fbc3c05-6158-4fdf-8d98-630d69dd8440,34.034721366666666,-118.23279571666666,0,0
68a4cb76-20a5-43f1-b59c-dd93dc8e4f78,34.06203841666666,-118.44680023333333,0,0
ad91ca16-15f2-4e13-abf8-8e58ebac5b59,34.11033583333334,-118.33296533333332,0,0
4658e956-f760-49b4-bbab-a8e0fc871e4d,34.07384871666667,-118.43984221666666,0,0
d0e81c56-dcd2-41f9-bf95-a975ce066e4d,34.02262483333333,-118.27484583333334,0,0
f2878771-eaae-4a72-8e81-9dd479c8ef0e,34.06384583333333,-118.45020766666667,0,0
b996cbf5-2882-40cd-af05-90d773f2bef0,34.061672216666665,-118.44693756666666,0,0
4cb1872a-7c71-4c4e-b9fb-234d7351fcbc,34.07425516666667,-118.45519483333334,0,0
4864cc51-e51b-43e0-a7c1-6012889787d5,34.06351471666667,-118.29754638333334,0,0
9f053a20-814c-4b99-8e88-a832e326b473,34.105372833333334,-118.32054316666667,0,0
e35864fe-7c56-49e8-9c60-9eda8ac5c375,34.06887436666667,-118.44201659999999,0,0
f16c2d53-3994-40f0-9be5-9c66ed82ccfc,34.1505661,-118.44558715,0,0
9bde2b0c-50b5-40f0-a583-a948d2269118,34.039380333333334,-118.26871416666667,0,0
f5c8975b-7b72-41a4-bdc7-3c06f123668f,34.05231856666667,-118.31516266666668,0,0
6d554304-b1c4-4f01-b8b8-9512b345a46e,34.0547175,-118.38407683333335,0,0
2c444e18-1e18-44c0-8ed0-3490811076bb,34.0530243,-118.25124358333332,0,0
5ee68916-3c51-48b2-926a-251326345f91,34.05308915,-118.25131224999998,0,0
01a264e8-9e81-4444-9490-1b33ff94296d,34.0530281,-118.25115203333334,0,0
2e97b6cc-84e9-463e-8bbb-73ab06eb7600,34.053085333333335,-118.25116729999999,0,0
ba6782b6-c44d-4e26-8261-c7a853e40d3d,34.053110833333335,-118.25118483333333,0,0
61999569-ee69-45af-9725-19e7655ee153,34.06002045,-118.44715881666667,0,0
2172e446-3720-4b53-83cc-d4a5c7ffc09d,34.101745599999994,-118.30754851666667,0,0
6bb411f8-b497-4f98-be05-a197e2d82557,34.000801083333336,-118.40218353333333,0,0
bcd495a5-1f99-4206-90db-c05b7cfd3dff,34.046352383333335,-118.23988341666667,0,0
0427ff79-1da7-42b4-b8d5-50224b22a8e6,34.065094,-118.44415283333335,0,0
e5ebbeab-41dc-43de-97f6-ddf113c1b8b2,34.02749633333334,-118.28569029999998,0,0
b3e2c80f-aeef-4743-9414-23138b68181f,33.971130366666664,-118.45565796666666,0,0
4e2b4510-a4c5-4d4a-a5bc-2ab234673ed0,34.06201171666667,-118.44685363333335,0,0
1c8f2512-db51-4710-a50b-05a508c362a6,34.07313466666667,-118.43931249999999,0,0
d02133c1-9b4b-4ee6-8c0d-aee1daec603a,34.068708666666666,-118.44048516666665,0,0
696e4e9f-0a93-4b18-ba8a-74d63de23323,34.00489806666667,-118.26183318333332,0,0
0997a54e-a430-4865-97f8-10e8cd9eabc1,34.0981865,-118.29603576666665,0,0
c72f3eaa-77df-41a4-8975-aa75eaf51540,34.074745183333334,-118.45127105000002,0,0
3dc2c255-3d09-47e0-bd80-eea8b234ae33,34.10444616666667,-118.287585,0,0
4ef24329-f409-4ee3-8fe3-f113a41894f4,34.06999206666667,-118.4410553,0,0
65f82cb5-8da1-4d88-8c3a-44b0e734947b,34.06640243333333,-118.26615904999998,0,0
03d36aa1-a811-4dfa-8462-852f0c98cc29,34.04683383333334,-118.34179633333333,0,0
f33432ed-18d2-4900-8c75-3ec7dec907aa,34.031982416666665,-118.44352721666668,0,0
128fbc73-1a3e-43dd-ac90-933ce7b68845,34.06422616666667,-118.45161883333334,1,0
59e28a80-bd2c-463c-ade7-10284955e2e0,34.07338566666667,-118.45255466666667,1,0
75ad44b7-432a-49da-b91c-faf3229ccd67,34.16393661666667,-118.48555755000001,0,0
f57688bd-a03d-413f-b40c-a53b4b395a7a,34.061527833333336,-118.44701866666668,0,0
a4f7af5e-6eca-4317-8dc6-52df27de8eae,34.076599116666664,-118.44071198333334,0,0
b9e513d9-a4d3-4eaf-b7ce-caa67d833504,34.06068801666667,-118.44674683333332,0,0
654c2ecb-4bd1-4d4a-8f7b-c35c9f45202d,34.09819283333333,-118.31924583333333,0,0
b024a52c-0d06-4f26-8713-68c1e22afbb5,34.16424178333333,-118.45735931666668,0,0
43b8426a-07a1-4840-a8e8-aaf3e865076d,34.16664886666667,-118.46691131666667,1,0
211237ac-87a7-466f-91e8-59a44ba76e15,33.95365525,-118.39494323333332,0,0
c39445f5-426d-46ea-8785-773332b0591f,34.075382233333336,-118.44093323333333,0,0
c1d4e962-3edd-4dd4-a2b8-a95c6f631fba,34.06269836666667,-118.24617005,0,0
7740a3ba-3bdf-4a61-9ae1-cf40d0344542,33.959984166666665,-118.3920845,0,0
cb01a18c-476c-4e15-8d87-2c7263f5b347,34.01851273333333,-118.40782928333334,0,0
0cf78911-e14a-4765-a08f-5e4b80442913,34.05694198333333,-118.23521423333335,0,0
f6d7d3af-d74c-4012-ab38-057aa837dcef,33.98890305,-118.46240234999999,0,0
0245187b-0907-4ebd-ad46-3bf10a50fdda,34.045631416666666,-118.23770905,0,0
de4698a5-4e54-4ba3-ae0f-2cb9e2366629,34.04558563333333,-118.23770905,0,0
69725afe-9b5a-4c1c-ac21-c36b3418b862,34.045597083333334,-118.23770905,0,0
f16d9df8-34e0-4894-aa73-5e982c927882,34.045600883333336,-118.23759460000001,0,0
d8d104b8-36ba-48cd-8181-ca22fd546459,33.94755555,-118.38612364999999,0,0
d120ad6f-e4a0-471c-be12-930d63770da3,34.04714203333333,-118.25540923333334,0,0
465212b9-d6f2-4c9e-ae35-d47cd06889b5,34.049297333333335,-118.26069641666666,1,0
bf6db74c-424b-4534-a8f8-ad5ed682bebe,34.04094315,-118.24300385,0,0
5ecf9075-53f6-40e7-a5dd-365df44cfc84,34.05751038333334,-118.44483948333333,0,0
d79fa624-60b4-435a-9173-2680b50c4106,33.972610466666666,-118.46010589999999,0,0
8bc54a40-5e9b-4a0e-9fe3-f8c1f6f684fb,34.073844916666665,-118.43965148333334,0,0
af2ebaa5-b73f-4bad-b94c-fb3d1285ca18,34.0699501,-118.44017028333334,0,0
308d76fc-fede-4420-9897-dc9fbdb875ae,34.044315833333336,-118.24418599999998,0,0
cbb94326-1ac9-4917-8909-490e4ba902bc,34.065243333333335,-118.44421033333334,0,0
ab1342da-10e9-4565-9a15-c48d405af6ca,34.073513033333334,-118.43952941666666,0,0
f1f5c059-cb1f-4e82-959f-35826a1d6d79,34.06846916666667,-118.29431000000001,0,0
1d2f0a16-de17-4e49-98e9-ae80eacf44c9,34.04775238333333,-118.25388336666668,0,0
369e3aea-ffcd-4d81-8007-b88302baca87,34.08638800000001,-118.28697616666668,0,0
d7198bde-a80e-4c7d-821e-e03941312218,34.058731083333335,-118.42172241666667,0,0
709d9780-97fe-4661-9318-a40509be96f5,34.068637849999995,-118.44046783333333,0,0
f6ed606c-fb9b-433b-8d64-868a62f5f0c4,34.021353,-118.40924066666666,0,0
944e9e4f-ea14-4baf-8a95-e4ea3d136efc,33.98538971666667,-118.43711853333335,0,0
33ffe8d5-8912-4a4a-ae7a-d819e0a0f73a,34.04933566666667,-118.23918450000001,0,0
4d7c994b-d325-488f-9b7c-01cdc1ebe5a8,34.04021071666667,-118.45145416666668,0,0
26de930b-891b-4315-9f7e-564fb4e39bcb,34.04195785,-118.40238953333333,0,0
eba9d690-248a-4b0d-a339-14afb88517a3,34.07662201666667,-118.44075011666668,1,0
36a396ef-0fb8-4118-b178-bf32e6ab27ff,34.04434585,-118.23318481666665,0,0
c4074c48-a738-426c-afba-5f1674b77173,34.0664177,-118.44184875,0,0
0464f3e9-8982-4cda-b50f-d9c1f28631cb,34.0402832,-118.2336731,0,0
9a6591fb-8da2-4b5b-9b2f-3c6e091330a7,34.04584503333333,-118.23421478333333,0,0
e4d0d9f9-bf54-4ea4-a06a-fdd092ef6790,34.04450225,-118.23271179999999,0,0
01c5c0c3-5b75-448e-95e0-61b40d08cbd1,34.05591201666667,-118.44230651666666,0,0
1f22251e-94f3-401d-9002-14764e6d8ad3,34.04915236666667,-118.44429016666666,0,0
6f5b2999-344c-49cf-9b20-ab7031d2bd79,34.049209600000005,-118.44436644999999,0,0
bcdca3fe-5e58-4dcc-9337-bdf103fcfecc,34.07378006666667,-118.43965911666668,0,0
0ee19e80-0d80-4033-9e2e-969316901caf,34.04530616666667,-118.23580466666665,0,0
843659ef-92c4-4602-ad7f-7357983a9b48,34.07383728333333,-118.44091796666667,0,0
fc55f8d9-6c05-4432-a98a-cabadcda4df1,34.06124878333333,-118.44725036666665,0,0
bd390553-7d0a-4b63-8c74-42425eacfcd7,34.005187983333336,-118.44763183333335,0,0
c245d7dd-6753-453a-a7ff-53e32c5c9c2d,34.03874206666667,-118.26787566666665,0,0
5636aca8-86c5-4b73-9b19-63cd32db56f4,34.005153650000004,-118.44757843333333,0,0
9880a5e4-a45a-4a31-a3d9-45aacce881ab,34.04452896666667,-118.23270416666668,0,0
39994eff-0bea-420c-a42c-215810a54b4f,34.06054683333333,-118.44740583333332,0,0
de1a0907-4d50-4c26-8d0f-0bba0b8fff2a,34.04451683333333,-118.23268750000001,0,0
e0e27fc3-78be-41bc-9cf9-1c237a937dbe,34.07328733333333,-118.43973483333333,0,0
023a9691-395f-404e-8cbd-fa8e2eca931b,34.06081008333333,-118.44572448333332,0,0
c9ca77bc-4028-4f33-a409-041f1ad70560,34.05701065,-118.44602966666667,0,0
86867fd5-dde7-43e1-be6b-ce218ddef46f,34.074413299999996,-118.44052123333334,0,0
114018ed-c061-4365-bef2-e8978daf27e0,34.04453278333334,-118.23274231666667,0,0
b01b29c7-3a18-4c54-b5df-b1bf145e2b4e,34.044452666666665,-118.23259735000002,0,0
b3967d23-0726-4778-83b3-c1922caefc32,34.044487000000004,-118.23274993333334,0,0
5e69606c-b401-4da6-96b3-2dc7b0390f6f,34.02386856666667,-118.28376770000001,0,0
dbdf3b8e-be16-4dc4-8761-624ddc0763fd,34.0528183,-118.26759338333335,0,0
8090c75d-1d86-4ba3-9d5a-a4137a6a0e6f,34.0642395,-118.44519806666668,0,0
e81a9009-79a8-4b94-9ed4-05d1fb3b0657,34.044452666666665,-118.23272705,0,0
3b957272-0e91-4d8a-b58b-d3fb96656a0b,34.05879211666667,-118.24034118333333,0,0
4a36e1f7-097a-48a0-b177-108f9a1a067a,34.04439163333333,-118.23264313333333,0,0
7cb3d93f-df6b-4320-9a3f-b49ce4100253,34.04437256666667,-118.23261261666667,0,0
a2b56b13-1119-4dc1-b85d-382f7d226ce3,34.04438018333334,-118.23277283333333,0,0
1638152a-fd0f-417d-b2bd-ec9c4faa8a3a,34.069767,-118.44483948333333,1,0
8dcadab3-3a44-4d75-b438-f7313ef37f68,34.10027313333333,-118.34126281666667,0,0
799190d0-574d-4e3d-9378-c23004f36dac,34.06693566666667,-118.44172033333334,0,0
d6661e8a-90ff-4f9d-97a3-213d628d0632,34.0364875,-118.22973133333335,0,0
4a3fb4d0-93ef-4f93-8ded-8ba0ee87565d,34.04408645,-118.22768401666666,0,0
05fba914-9fc8-4d9c-8b84-fd59c0a15e8c,34.097881316666665,-118.32978058333335,0,0
0b429ed2-9ae3-4157-9605-38db7325854d,34.06046295,-118.29536438333335,0,0
748f2601-af63-4398-ae10-5a79aa43972e,34.07456966666667,-118.45509266666667,0,0
9ba73a9f-7343-41e3-b4fd-7731224db1cf,34.019279483333335,-118.28152465,0,0
9759a34b-d491-43dd-a0c2-0b9877578a59,34.06632233333333,-118.44190216666667,0,0
1ec49861-c2d0-4c9a-a7b5-4c239a192242,34.048818,-118.416446,0,0
1a4f60c0-9289-4f19-931e-4bfbef0ef60b,34.04453658333333,-118.23274231666667,0,0
38ac58d2-f4a1-466e-9b45-e9c9ba0ad168,34.1018982,-118.29200745000001,0,0
5fe53a5d-95de-4844-8779-20b76fe8b935,34.101456666666664,-118.34531083333334,0,0
8a4a6e6e-1f2c-4d5e-97bf-6063c58b2b12,34.10189056666666,-118.29201508333333,0,0
b15130ac-c3c4-4936-9682-b4d4f2d80722,34.025870000000005,-118.35698233333332,0,0
fb52f413-5013-4252-b66f-731773ca8cb6,34.05843353333333,-118.25102996666668,0,0
676d7992-baaa-4046-a417-78be7d48ff8c,34.07635116666667,-118.31583405,0,0
b4d1abab-b5bc-4abb-892d-128f5c16af76,34.15207016666667,-118.45214066666668,0,0
f25bfa10-a5f2-4560-a0e6-b0fe3bded63e,33.9894104,-118.30026244999999,0,0
1fbc2200-506d-452b-b310-06483632b10c,34.06649398333333,-118.27079010000001,0,0
c825bdc0-8ca0-4d6e-b881-e013b7ef2484,33.98296966666667,-118.46073066666668,0,0
fa0639a9-9a86-4a1a-8bfa-40ca9452aeed,34.099292750000004,-118.32376861666668,0,0
0d8ffb68-b589-44a3-86c4-9950b4074ca9,34.05327225,-118.3764801,0,0
fe47b426-8d9c-4a20-9adb-6ded87e909ef,34.097942350000004,-118.33087158333335,0,0
b3249387-3883-4d87-bb61-4999389b5ab9,33.98296333333334,-118.46076466666666,0,0
efd71804-f67f-414b-976b-b5f76b608de2,33.98265075,-118.46076964999999,0,0
fc9d54cb-a0b6-41f7-b654-226bdb015989,34.09809416666667,-118.33525900000001,0,0
1dff5cf1-80e9-49a2-96af-4577f8831354,34.0256958,-118.33433533333333,0,0
10b5d0b5-e09e-4a0c-996c-1aed858bf90a,33.99657821666666,-118.42761229999999,0,0
fb29f984-d05b-49b2-ba9b-cb7b623769f4,34.0979309,-118.33091736666665,0,0
918f4a69-ccdc-470d-9ffa-26fc0dd33601,34.03946305,-118.41433715,0,0
3cc2b3d9-850f-45c1-8d1c-92c564dd5cc4,33.98295211666667,-118.46076201666668,0,0
389f08d4-4949-46a2-9d42-6c9c64eb99a6,34.068489066666665,-118.44204711666667,0,0
7621ffc1-b7b6-4883-860f-b41296a3293c,34.033481599999995,-118.27246093333333,0,0
94b2942f-35cd-4d35-b6a6-b336bbd57486,34.0511055,-118.2515564,0,0
d04c074c-e8d4-4f3f-89ef-01fe2c59cf6e,34.097908016666665,-118.33091736666665,0,0
2badda04-7098-47ea-a472-0ee770ab1d6b,34.097911833333335,-118.32975768333333,0,0
c0843b26-5f2a-4275-bdba-6500dc064f56,34.068675666666664,-118.44472750000001,1,0
6a88e6e5-ecca-4c1f-ae54-54e6f58c7cb1,34.105587,-118.31793975000001,0,0
fcf644cc-9668-4631-8da8-658f7bc6960b,34.097911833333335,-118.33087921666666,0,0
c5dbd487-ff55-40c7-9446-8c3eb1407ab3,34.07251358333333,-118.44088744999999,0,0
90096248-30c4-4162-ab95-c9d1ea075980,34.051365499999996,-118.26146966666666,0,0
92e4640e-5ae5-443e-b38f-13ce57484fc1,34.072906333333336,-118.44150833333333,0,0
65b9a505-e395-4912-bb07-4699a188f620,34.06994628333334,-118.44279479999999,0,0
6744103a-0f1f-4d4d-a2f2-9cec597f1836,34.06252288333334,-118.44512940000001,0,0
ca02d231-5ff2-4dce-a6a0-52748b3e7760,34.07043456666667,-118.43978881666665,0,0
11a440e0-662d-48b1-b5d3-c25a2c99da95,34.02394866666667,-118.27789306666666,0,0
f3dbf254-dcc9-4ab9-8f63-206a24784e12,34.07134683333334,-118.45341933333333,0,0
a4a30730-cadf-4954-9a37-28e0b16b1992,34.048908233333336,-118.27056884999999,0,0
ed5bb9e8-fab6-48db-ab2f-c3fe658947b7,34.069995883333334,-118.44106293333334,0,0
f154d204-9af7-4fb8-8989-f06d02a07093,34.054069516666665,-118.38040161666667,0,0
c32434ea-dc82-44ea-8bf9-2231b07212c9,34.053625333333336,-118.37810266666665,0,0
86bf2b2e-9dbc-44e4-b42f-1b2508ff8074,34.05364066666667,-118.37814466666666,0,0
88e27d4c-b894-4f34-8392-3eddd1156e7b,34.053768149999996,-118.37861633333333,0,0
2bd2fd6e-bbc6-4434-af37-a42cc12983f2,34.06703948333333,-118.44174956666666,0,0
05d3a3fe-1b9a-4726-8311-3289118fd5cb,34.09284266666667,-118.25836,0,0
9afda33b-9226-4617-8a73-e8f9afd94560,34.055091850000004,-118.24410248333334,0,0
602eb45e-4f94-45fb-9385-ab50001589c4,34.025711066666666,-118.28413391666666,0,0
20766ecd-0a89-47b3-9ea2-82cacff7f856,34.097908016666665,-118.33089446666666,0,0
a4e3c40c-7d61-4b35-8f0e-8165ce21a770,34.05070495,-118.24990081666668,0,0
eeecd482-348c-462e-bb18-2fe7557181e0,34.04912566666667,-118.25727081666668,0,0
b4db4d42-014c-466f-baf4-554e84d4ed33,34.06773376666667,-118.45464324999999,1,0
2261f854-113c-48b4-b750-a15d7cc249fb,34.07395171666667,-118.35961913333334,0,0
0084caf2-ba94-408b-8dc0-da88fa00a03b,34.025348666666666,-118.2841034,0,0
2f8aa776-4f7a-4b29-b638-f89a743767d8,34.16327833333333,-118.44912866666667,0,0
30ffbf52-e694-4ff3-bbd0-cc692b5f05c7,34.071743016666666,-118.25710296666666,0,0
3de97c9f-a5ab-48e8-b42b-d8410c5f6fa2,34.06597518333333,-118.25520325000001,0,0
17a05c37-d1f0-4ce7-9386-24aab840a63d,34.0359459,-118.43457031666667,0,0
25cbef51-5a71-480a-98a0-f67e17f5bcc7,34.04556656666667,-118.26142883333333,0,0
c126aee7-97db-4ea8-82ef-4a7b974bbbfd,34.07733916666667,-118.25712585000001,0,0
451347bb-480d-4df1-b344-0427bd2ed50f,34.09973526666667,-118.32967376666666,0,0
b97ce614-0e6d-4d4f-9b82-54e072a0e172,34.061916350000004,-118.44676971666668,0,0
6decdfec-675f-4374-bbd1-0f3cf1c1eb05,34.025573333333334,-118.39533483333335,0,0
69da962c-4b4d-44c8-a597-f5fd141e18e4,33.99888991666667,-118.44454956666665,0,0
cbe0f77e-4997-42aa-89fe-0db6531b43b0,34.07373046666667,-118.43963623333333,0,0
aedccc0d-e816-4b69-baee-98ec20aa433a,34.06239816666667,-118.4514255,0,0
5e29de94-ba4f-403b-aecb-3fe9b8573f69,34.05700301666666,-118.42390441666666,0,0
3fc998fc-29ab-490e-b8db-30db4c7eb3fc,34.114811333333336,-118.31927566666667,0,0
df83139a-61d4-4470-85a4-037683f2f3ea,34.073802949999994,-118.44093323333333,0,0
772ea169-a81e-4b85-8950-3034df6a2a74,34.07587051666667,-118.3627243,0,0
d133949f-bf35-4cd1-8169-fe6281bc719c,34.08385848333333,-118.35118103333335,0,0
126d943b-5dc9-4c5e-a6a5-25b6762fc54e,34.05237198333334,-118.23941803333334,0,0
648055ea-525f-421f-a2c2-85b219aa628a,34.07385253333334,-118.43969726666667,0,0
6cbad681-7c1c-45d3-ad0a-a8acbfc14949,34.072765350000005,-118.43953705,0,0
fe357962-a0f1-4e6f-ac0f-f6957d33d7fb,34.07344055,-118.43952941666666,0,0
46e954e0-1861-4ae9-8823-0ea8b1e2c86a,34.078380583333335,-118.36157226666667,0,0
34c14523-f869-41e6-bc97-893ab022c1b2,34.01708221666667,-118.40566253333333,0,0
2276aac1-51d6-4297-8db6-7ef51fced447,34.04359818333333,-118.23386383333333,0,0
8bca69da-c120-4974-8265-b2736eaa9954,34.07530211666666,-118.44230651666666,0,0
0b2c7977-e400-40f7-bfb8-a99b302806b8,34.0990705,-118.211955,0,0
ab92a934-a2a3-4234-9b79-9f5541f4418f,34.055179599999995,-118.38973236666668,0,0
e62a8f2f-474b-4e55-bf18-268bff27c9e1,34.05519966666667,-118.38979833333333,0,0
c3861f7a-8761-4409-8ef2-a6f7074a20c6,34.05516433333333,-118.3897171,0,0
ff707048-da67-4fac-98dc-81fbe3246444,34.05516433333333,-118.38947296666666,0,0
c61e39eb-4801-4b64-857d-c3c37d9adeb2,34.08821486666667,-118.34269715,0,0
74e3845d-ecbb-49ac-8d6c-f8470a3cd459,33.98765181666667,-118.47245788333333,0,0
478ac020-3638-4299-93d1-fd27d65d7220,34.068675999999996,-118.4403534,0,0
86e86d50-ed30-449a-963f-152b008c40d2,34.05101816666667,-118.24990966666668,0,0
435391f6-9b5e-4617-b190-2dde48a63bf9,34.05104065,-118.24994659999999,0,0
8b98c1ca-0546-462d-8251-74371d7f8a5c,34.07226563333334,-118.25096129999999,0,0
f3e49763-eea4-41f0-ab0e-5a2457be9498,34.166597833333334,-118.46849616666665,0,0
2f3bfc8b-c5f1-4cd5-b14d-9847b7405f5a,33.94753646666666,-118.38612364999999,0,0
8a75435d-d1d2-44af-af1d-4db9cbd03a96,34.09780121666667,-118.32978820000001,0,0
4d15808f-fd83-43ab-9dae-b60e67dbf51a,34.01924133333333,-118.28150939999999,0,0
08c468a7-0d4d-4295-9fd9-f39b8915db21,34.062366483333335,-118.24630736666668,0,0
837f6bca-01d1-400f-b178-c79c76df23a2,34.05058288333333,-118.24835205,0,0
e0d73cf3-1c81-4292-90e1-4c104ee0a4d8,34.055248266666666,-118.3929367,0,0
8e771164-b938-490c-a01c-cf0db7ef6e2d,34.0551835,-118.39506016666668,0,0
338111a9-a617-4163-8ef4-9e9d6894dcee,34.09977,-118.32972,0,0
60b8c68d-8b4f-4bbf-b7ed-1893091f578e,34.05378723333333,-118.26687621666666,0,1
87dedead-4256-46d3-842b-0167eeda3603,34.055358883333334,-118.44194029999998,0,0
c2b0269a-0bed-44ba-b6aa-4127cd6c7607,34.03860266666666,-118.25191650000001,0,0
fc778e02-26f9-4f56-b122-e34531e8c517,34.12011336666667,-118.32224273333334,0,0
a37f56a0-59a7-40d6-8533-07e1742d253b,34.04304505,-118.26218415,0,0
85f2df4b-e9d7-45b4-a3ed-cee037b093b9,34.07557678333333,-118.25450896666668,0,0
8a0f816e-b0b0-48f9-a05c-73aebd5a4889,34.07050323333333,-118.35199738333334,0,0
46aba6d5-f3ad-4afa-b54a-fd0a8df2aa60,34.05517196666666,-118.39501190000001,0,0
c6130e83-6949-430b-abdd-7e89e56e066e,34.055210116666665,-118.39499665,0,0
d29c455f-2fba-4b42-b3d5-a2a48b6146ca,34.05516051666667,-118.39503478333333,0,0
12ed25f8-f835-479d-807d-30e7536c3034,34.05518216666667,-118.39503433333333,0,0
2673d5be-2f96-4e2f-b139-42647f03a9d7,34.06629561666667,-118.44171143333332,0,0
bee6fd33-cb94-444a-bbc4-b6b8ce0a4de9,34.04278946666667,-118.24624633333333,0,0
8887c629-27c3-4480-a382-2abfa8d5474c,34.055100833333334,-118.39505516666668,0,0
de53ac49-a2b2-4757-94fc-02a01e03bd3c,34.0551567,-118.39501953333333,0,0
a3bfb1d2-d272-4966-a171-24dac3e621ae,34.055160666666666,-118.39500933333332,0,0
1524f0c7-9a00-46d0-bbea-0ee2e775fefe,34.050576666666664,-118.26320150000001,0,0
048a6610-f6d8-4c22-b7f7-a634d39be734,34.1005516,-118.32378386666666,0,0
24aaa422-614c-471f-895d-11a368b74bb7,34.073577883333336,-118.44184875,1,0
b65f1f7b-4648-4da7-9dfd-414567e4abb6,34.17759705,-118.5362091,0,0
5062540e-5ad9-4eb9-8fd4-ceb778019131,34.07781601666667,-118.25805663333334,0,0
9b7a6017-4a87-4ccf-a560-c4ef9eb07737,33.97368621666667,-118.45760345,0,0
46494f0a-0809-475f-a65a-334d3f7b2cea,34.083553316666666,-118.35931396666668,0,0
2bd15b88-e6b1-45fa-a97a-89f628757d16,34.1571579,-118.4194107,0,0
1bea98bb-e8e0-41e5-8541-cf74552332d2,34.06301116666667,-118.44545746666667,0,0
ae14bd66-d314-4a1d-aee9-1528d80e4dee,34.0667305,-118.24974823333332,0,0
6aabd7a8-0e53-4fe1-9763-2eef86ff736c,34.05869866666667,-118.23989433333332,0,0
f988042a-62c9-43a2-8e5a-37608841f829,34.058597166666665,-118.23978749999999,0,0
56f5f4d8-efa0-4228-b9c7-b9180b76be93,34.05859866666666,-118.239784,0,0
145f751b-4d2a-4b0a-9def-371ce0808b64,34.09888458333333,-118.34550476666666,0,0
dadb3de3-bf25-4c5c-bf9f-214406534861,34.06641388333333,-118.44179534999999,0,0
775c220a-0678-4508-b02c-5e667b73f1db,34.12008285,-118.32080841666667,0,0
9c093922-eb6a-4234-a581-9683b2122e6a,34.035091400000006,-118.23229979999999,0,0
8527e088-9b92-4b80-a67c-80502ff19e15,33.968078616666666,-118.41874695,0,0
cd22159e-1bab-4f45-81fc-2c527f50bf83,34.072307583333334,-118.44071960000001,0,0
cfe22156-5109-4ae3-9717-b178390b88a2,34.05630493333333,-118.23735810000001,0,0
8d28d023-ee16-4ecd-a2b2-4525f038432b,34.05630875,-118.23732758333333,0,0
80a5e1ec-baa9-484e-9717-c07eee576010,34.056320183333334,-118.23737335,0,0
f4d78714-4334-4c30-a99c-746836009ab5,34.05628205,-118.23731995000001,0,0
ddd76100-efbe-4688-b9d2-b96264a90ef3,34.05630111666667,-118.23734283333333,0,0
30767d65-0e9b-49dc-a794-c730c1b29f68,33.99873733333333,-118.46435546666667,0,0
9ff15acc-d00e-488e-9a25-e32078c514e1,34.056800849999995,-118.23727416666667,0,0
1a57be38-212d-4fd7-bd59-095fc24ff5a4,34.0433693,-118.26097106666666,0,0
36036453-ee7a-4cfa-b3f4-03f5c5d506b9,34.07144165,-118.43952941666666,0,0
cbdfa940-e509-403b-8800-26169fe27161,34.068675999999996,-118.44155883333333,0,0
9249d580-d1fa-46e7-b603-710434192ad8,34.0684135,-118.44310300000001,0,0
28e7b985-f044-44be-be47-6820479dac1c,34.05578995,-118.23748016666666,0,0
d577615f-1fa7-4ff6-aa68-1e1df64c4492,34.051277166666665,-118.25505828333334,0,0
d5d87c6a-4777-4c6a-b229-65d7e723826c,34.083995816666665,-118.36161041666668,0,0
02ce653c-a0fb-4f04-9861-ce882354a1fd,34.0532608,-118.24092101666665,0,0
dc02cab5-bd89-4768-b512-a5386467563e,34.08695221666667,-118.34158324999999,0,0
9302129a-b079-47c4-9456-9bcfa1773f85,34.05061366666666,-118.26345333333332,0,0
74af3478-af2a-41f8-8f98-f66c37505be7,34.06544876666667,-118.44209289999999,0,0
8bc4b038-77c6-40de-b574-6bf2849095f0,33.953271666666666,-118.39279133333334,0,0
4f6d2dd8-92d5-4424-b516-2cd4b18f2b7f,34.06442883333333,-118.44258833333333,0,0
73fd5a75-e7e9-40d4-ada7-56acc262532c,33.98735916666667,-118.4726705,0,0
1817de06-c322-4ec7-8bca-2ce9b6722023,34.062667850000004,-118.44633483333334,0,0
130576c6-2049-40f8-b155-91dfbb8468bd,33.99638366666667,-118.43888854999999,0,0
a69d85a9-41fd-49de-b4e7-98174cf32bf8,33.94656753333334,-118.38216400000002,0,0
383c6a3a-f8a4-4ed7-807b-d8bddcd33e21,34.076519016666666,-118.32379913333334,0,0
974444dd-fbfa-49d4-a9ba-2cf2eb2b78eb,34.07838821666667,-118.3616333,0,0
3ad4a68b-3c01-493d-8f1a-0cf7fc9b0444,34.03873825,-118.24382781666667,1,0
4e3c4e0c-1324-40b8-b444-a16f3ea3d3cb,33.96602248333333,-118.41656493333333,0,0
f26c7ae3-ae64-464b-bc2e-d3b0843d6c7f,34.077442166666664,-118.43949126666666,0,0
72eb2e2c-c279-4387-9c05-73ff9fa1de19,34.02922016666666,-118.40391716666666,0,0
f5d0767a-068c-49a3-aed8-e647d3fdef3b,34.07343673333333,-118.43951416666665,0,0
fea63186-3b60-49ec-83d4-d5e3f23790d3,34.05744033333334,-118.44320933333331,0,0
75cae960-863f-443a-99aa-81851ef3e30c,34.05007171666667,-118.24295043333335,0,0
67d9d545-c27d-4bfc-b002-de333b384b6f,34.05000686666666,-118.24302673333335,0,0
6efef780-64e1-4f68-8576-b4874f25ad4c,34.050045016666665,-118.24298095,0,0
7063d92b-1a56-4322-bc70-39805a272bd2,34.050045016666665,-118.24298095,0,0
e1cf977e-e565-49e8-b683-6999fc9e3558,34.05005265,-118.24295806666666,0,0
66ebe1d8-2678-4aeb-b447-5e6020aa77bd,34.06820296666667,-118.45060729999999,1,0
73402e39-3c4a-4c35-8ed2-ea6fb47190e8,34.045421600000005,-118.46173095,0,0
62fe25f6-4ba0-44c4-9a3c-72f977836ef9,34.066123966666666,-118.44150543333332,0,0
2905bdd0-69be-413c-a35d-15ab103f683a,34.088989250000004,-118.32862091666667,0,0
64d09b17-6878-4cac-a962-15527914304b,34.05725478333333,-118.44483948333333,0,0
4e193bfe-d4e0-45b5-a564-b6e2f344e5b3,34.045116416666666,-118.26017761666665,0,0
6f371889-4f61-42f4-8207-cfbd629b1b18,34.0383873,-118.23862456666666,0,0
400c41e9-30a0-4259-8bfe-327afd329408,34.030769,-118.38619249999998,0,0
b7d3f775-208d-484d-b16b-0e6625505e33,34.042861933333334,-118.45377349999998,0,0
f2ba2316-e3ed-47c9-a34d-24ec23c929f3,34.075260166666666,-118.43919373333334,0,0
a223d08e-ff41-49dc-88ee-f401bffdff8c,34.07000351666667,-118.44107818333332,0,0
ed23be9b-62b0-4990-8f13-4c9d1ec95d47,34.04550551666667,-118.23220061666667,0,0
2475dcbe-04e7-4cd2-bf33-a16585779479,34.04072951666667,-118.25431823333332,0,0
8cebd824-437e-480f-9b79-1dd163fe92f6,34.02664566666667,-118.2819519,0,0
6001f585-6a87-4d7c-b206-6afe23df3fff,34.09714126666667,-118.33882141666666,0,0
d5cc32f3-d7db-4031-9673-808858e9bfc0,34.065219883333334,-118.23680115,0,0
136c15f6-44c1-43f6-ac86-bac790d23bc3,33.945662666666664,-118.39511583333334,0,0
52fa45a5-1e39-4064-942e-ad7350c51334,34.04588318333333,-118.2339325,0,0
231c1c24-cff1-4947-a7c0-9074f8d21217,34.04538916666667,-118.23754416666667,0,0
663c0387-143f-48ea-b9a7-8c739918dbdb,34.04541778333333,-118.23760223333332,0,0
94f2fb62-40be-4fe3-a5d3-e2d14cdb506c,34.04538616666667,-118.23756466666667,0,0
99750764-b78b-40cd-9993-2f9591142383,34.045440666666664,-118.23757935,0,0
f29c31c2-3c69-4840-b105-b0de3fcd25fa,34.07286071666667,-118.37329101666667,0,0
21794aa7-6c87-4db8-ad77-1c2d4011a972,34.099479683333335,-118.33242798333335,0,0
a3bf1d70-510b-4c8d-92dd-b84e7437159f,34.034740449999994,-118.45803833333333,0,0
9a082fb6-d284-4ed4-a725-b6625f459cb6,34.03076316666667,-118.38621683333334,0,0
789cdc62-1095-4b89-86f4-1bbd020366e7,34.06055068333333,-118.24780273333333,0,0
cc1794a7-968e-4ac1-9be8-6547755ae8a1,34.068672183333334,-118.44054413333333,0,0
0f975dec-e1fd-4d37-a075-bf5dc41b744d,34.07043838333333,-118.43958281666667,0,0
26dc3b21-d569-4180-8d5a-f65995c43f74,33.97968673333333,-118.46596526666666,0,0
9ec671f7-7618-42ce-826f-e739b2aaab91,34.0206735,-118.28049333333333,0,0
7a2f9ce8-83de-41c9-82da-c14289c97b82,33.97968673333333,-118.46595763333335,0,0
8e46e5d2-6434-4cb8-a36a-af93c685cb2a,34.09798813333334,-118.30876923333332,0,0
7b372be0-a79b-476a-9d11-5d9df5d150d0,34.056213383333336,-118.44206238333332,0,0
b331203f-e9ae-4bb5-8db4-c9cb16c43408,34.01431656666667,-118.28294373333334,0,0
30d670b7-fb96-4c99-af82-185be724ee01,34.04545366666667,-118.25729733333334,0,0
42204ef7-24f0-495d-878d-ce69d73f9a99,33.95228195,-118.44184113333334,0,0
76945e07-e8b4-40cd-8e3c-eb14dd9deb5b,34.02670083333333,-118.35172883333334,0,0
0aac9eca-ff5c-4c8c-845d-b659fbd30a0d,34.0292511,-118.40392303333334,0,0
98f405e8-4491-4674-b12f-0d7ae29fe3b7,34.071453166666664,-118.43948966666667,0,0
2973277a-f2e8-471d-af2b-d5e4d5d9105a,34.083557133333336,-118.35540771666668,0,0
6bd21143-a3d4-4c6b-8c78-7061f95c36d5,34.09790038333333,-118.33859253333334,0,0
e4ae47c1-af96-4051-b523-e871832b19ad,33.94558715,-118.37124633333333,0,0
7f0ad405-451c-4325-8034-90779eec922f,34.10039138333333,-118.30718993333333,0,0
84ba922d-70df-444d-aff0-d6922cc77dfb,34.011264800000006,-118.33475494999999,1,0
a819db5b-bcfa-4fc5-bf1c-d9d598d08923,33.98001098333334,-118.46577453333333,0,0
5204f204-3ab8-443a-8c72-ac674ec47dc7,34.075584416666665,-118.25452423333333,0,0
c08d893c-76e5-4740-9022-629f4b5c2fd8,34.059353,-118.4446045,1,0
09d7a347-b507-4dae-8c6b-90b8e7ccce2f,34.066574100000004,-118.44519043333334,1,0
6cfc9b23-adba-4e2a-9263-5c01bb1b26d0,34.10517883333333,-118.20223998333334,0,0
2e856d48-b80b-4de7-a04b-520ac1b48d28,34.10515976666667,-118.20225525,0,0
b9d90b21-f573-4d3a-bf3c-919161fb096d,34.02763266666667,-118.27510433333333,0,0
14d20bc4-53ab-4ff6-8621-ce3beeb0e873,34.07382965,-118.43968199999999,0,0
78d1d178-70b3-45e4-9f38-b6107c331bee,34.098072050000006,-118.32844543333334,0,0
2c6fc07d-cd47-4aa3-99d6-1525c1e90543,34.0028038,-118.43583679999999,0,0
41267687-fd2f-4466-9178-66a4d650a93c,33.97111893333333,-118.45574951666667,0,0
e24d5c15-8659-4cac-8ab1-1a0f4393e7c6,34.02012883333334,-118.40532366666666,0,0
e5647ac1-b3d5-4ef8-9d72-c21090b8365b,34.10068511666667,-118.33098601666667,0,0
5428a66b-6f2e-4409-aeac-a299ab3153b9,34.06521683333334,-118.27677383333334,0,0
6b503748-0b84-4407-bf23-b05f667e68bc,33.968765999999995,-118.45730416666666,0,0
772b78cd-436c-448e-9086-6d5338257adf,34.04373783333333,-118.25772316666668,0,0
a2368d71-dc27-44a9-ae64-f03e8dbbcba6,34.05546188333334,-118.39278411666668,0,0
07d98599-1fea-4561-92f9-c364e4ca2a39,34.0573616,-118.44527435,0,0
5e7f3ddd-2f7b-4227-94c8-73d584b6ca03,33.9874916,-118.47193145000001,0,0
5319fa0c-a6e5-43d9-aa6d-cac40b9381ef,33.98608398333333,-118.43862151666666,0,0
7c745b13-a5fd-4038-9925-8f01d6695f18,34.10613766666667,-118.19958816666667,0,0
20236b11-7d6c-4e1a-b3cd-d79509def6c8,34.10610198333333,-118.19958496666668,0,0
70b6d692-f5a8-44f3-87ad-3668369eec88,34.106113433333334,-118.19959258333334,0,0
e45be34b-6345-4021-a7ca-86a5bd10e386,34.10610198333333,-118.19961548333335,0,0
9f77742a-1fcd-492a-8ab6-a843994aae75,34.10610198333333,-118.19960021666665,0,0
ec346661-4485-4eb4-8183-022cfebdd269,34.042411799999996,-118.25437165,0,0
e5a2db35-c211-45e5-9e17-d377d0b71f8e,34.0724144,-118.43954468333335,0,0
d05c357e-41ef-4a7b-b429-8a4726662225,34.063553166666665,-118.44779883333334,0,0
ccf8db45-db1d-4998-9e74-89b5f78f3f3a,34.05222701666666,-118.26335906666667,1,0
17588d3e-3400-412f-a807-a0484a7845f5,34.069676333333334,-118.44034549999999,0,0
422d49b2-ad1a-4374-96e1-da1c3a735429,34.069129950000004,-118.44204711666667,0,0
e8fd2b66-3abb-4810-b103-07e919a6f8a9,34.05594253333334,-118.23744201666665,0,0
f4b17246-7db8-4bbd-9bc3-79a02fdde9fd,34.02865981666666,-118.39276123333333,0,0
2243a225-8306-4005-be31-72a560adb394,34.05594635,-118.23743438333334,0,0
95392f03-1b21-4e65-957c-0011537cdefd,34.07304966666666,-118.44028216666666,0,0
40390a35-ba4f-47de-b7e8-adfcd137afe3,34.09563828333333,-118.28826141666666,0,0
ed1e927e-0cf7-4dd0-ab80-9ea4eba914ef,34.05630283333333,-118.23734633333333,0,0
614b4b63-3439-4a6a-8bb1-f3694d353874,34.05627823333334,-118.23738861666668,0,0
f00fe302-9a05-4ef3-bb48-1273560b1080,34.07370758333333,-118.43962860000002,0,0
54b27b24-0d8f-41c7-a22c-d3efe7b0d231,34.06292716666667,-118.24637233333333,1,0
4fbe2a61-51c8-41aa-a6a6-fae49844b866,33.98025131666667,-118.46505736666668,0,0
c48dbf90-e6f2-43d9-b070-55f94033c06c,34.06945038333333,-118.44176483333334,0,0
de29e8f4-692c-4eca-be92-f6b9467ee91c,33.987663266666665,-118.45338439999999,0,0
6d94cbd7-d43e-4c9c-8987-cdcd36cbb4c7,34.03578186666667,-118.23262023333334,0,0
58b403c1-6850-4867-becb-33501085c813,34.072399133333334,-118.43952941666666,0,0
049ab523-de3c-4565-ad22-15d0853ccff5,34.07379531666666,-118.44097136666666,0,0
c795104d-7c6f-4d30-bfa9-168ae3000649,34.02953338333334,-118.41166686666665,0,0
8b161ed0-23ae-4f32-8d27-1019d8dd3d89,34.05991363333333,-118.44639586666666,0,0
efceacb2-c758-41ed-a76e-2508037604b2,34.10153961666666,-118.30293273333334,0,0
2efd6256-ca62-4c4a-a419-9d9d359b2f6c,34.100345616666665,-118.33096313333333,0,0
30c5c061-aee0-41b8-a5d9-b73e5933af93,34.08371735,-118.35337066666668,0,0
23efc1cf-08ff-4bf8-94e4-455e78748eee,34.074298866666666,-118.43791198333332,0,0
3b126287-5350-431a-8cbd-5ea1bd11f7bf,34.04089736666666,-118.44279479999999,0,0
e3871d69-7a31-4b69-bced-0056064f3b94,34.073810583333334,-118.43971251666666,0,0
47e9ef4b-2241-4b3c-b4f4-b88b29278655,34.091908333333336,-118.33093333333333,0,0
4c9c4b8f-6fdf-40e3-b080-6e8ce85b7ae1,34.06848526666667,-118.44326019999998,0,0
6bb4c131-5132-4d16-9717-ae73900622f1,34.068038933333334,-118.44120788333333,0,0
2f7b01f3-bc99-4475-bd8a-5e14f1b2ed1d,34.07191085,-118.2271347,0,0
e3688c29-a179-4f2e-a5ca-d720f8843a06,34.07386398333333,-118.43962860000002,0,0
64f99178-323d-424e-86aa-bd5704a18de1,34.074097333333334,-118.44072050000001,0,0
dd3ffad9-d73f-47e5-bb71-ebcd73e218d6,34.07244491666667,-118.43955993333333,0,0
fabad7ef-3c75-407a-8bf9-0676290db85d,34.067290666666665,-118.44428083333332,1,0
7b29e573-dba7-445b-a15e-1292e07e181f,34.07379913333333,-118.43968963333333,0,0
b6a0915b-7f3e-46d4-ba24-2beb6204eff4,34.066922500000004,-118.44170216666667,0,0
a0640d8b-205a-41b9-9086-87f63cfe4353,34.069995883333334,-118.44108581666666,0,0
1f063c9e-3658-4971-a9f2-05e91f185d54,34.07022476666667,-118.44072723333332,0,0
4833db99-9e7c-428f-a9fa-c86ae2b5ef98,34.07001733333333,-118.44106833333332,0,0
69dd5213-0617-4e3f-a43b-e48cd2d866ee,34.069969183333335,-118.44117736666666,0,0
9c6dd7e9-b22b-4a6c-94fa-ee5c709026f9,34.04774633333333,-118.28596816666668,0,0
42f08b90-40b1-4774-a751-6081df6d1f05,34.073802949999994,-118.43965911666668,0,0
5b061f37-8f1b-43da-b34f-dfa4fa8b9f05,34.07144546666667,-118.43945313333333,0,0
7a2da695-b8ee-4a29-b9a1-6cc54cfe3e2a,34.03977966666666,-118.26538086666666,0,0
13828c36-e11f-46aa-8d83-d35613991351,34.07596206666666,-118.36332703333333,1,0
f60f0bc0-fec8-410d-ad95-2a6a9ffac750,33.99201201666666,-118.47057343333333,0,0
3567e5bf-0c87-4eb2-997d-0e6d2460b261,34.07297896666667,-118.4390564,0,0
f375afad-06ad-46bf-9362-55c6ccef819f,34.06992721666666,-118.44187926666667,0,0
c369e6d5-e120-492f-b5f1-82d0f1478648,34.069999700000004,-118.44107818333332,0,0
6fb15518-35ed-4f4a-86bb-7b9f1aa0cde5,34.0463295,-118.43448638333332,0,0
b8b4068f-1d77-4156-a80f-28379ce59943,33.999465949999994,-118.46123504999998,0,0
d091d1c5-4895-47f8-a5c7-6f72d28bdc54,34.057922366666666,-118.27167511666667,0,0
a55ac4f2-50df-4afc-938f-3f4ef544e383,34.069675999999994,-118.44036883333335,0,0
77fa3859-c25e-4cb2-85c4-78b27e15d0f1,34.10030365,-118.33257293333332,0,0
1556edf7-b218-4e4e-b8a9-0e245ffccd08,33.98890305,-118.46859741666667,0,0
1fd0620b-fc05-4d3b-bc9f-6d2652256e17,34.05602666666667,-118.42432333333333,0,0
cff0175b-bd2c-4588-bbe5-c833259fb6c4,34.07376098333334,-118.43961335,0,0
fed1fadd-7e7f-453b-8839-30c35c5ae16e,34.07358551666667,-118.44241333333333,0,0
a83f7f27-0dff-470f-993e-6478c58fc4d2,34.07265091666667,-118.36911773333334,0,0
30d0d97f-b1f1-427b-800d-9aacde8a8be1,34.15411376666667,-118.4480896,0,0
547d6639-6db3-4393-af33-a19e2709a604,34.024898533333335,-118.29386901666666,0,0
069d8b1f-a6ac-45e5-87d0-bcaba56e38f6,34.037609100000005,-118.4406662,0,0
44b054c9-9eaf-4bb9-85c6-4571cfb9f84e,34.073802949999994,-118.43965148333334,0,0
a66388be-8f7a-4b4e-a5b0-67a291849da9,34.07026116666667,-118.44068833333334,0,0
ea934db6-3f18-408e-8212-df0c2748cc50,34.09071633333333,-118.29209783333333,0,0
96d44c35-72d1-4490-8c8e-7f15ea9f439f,34.090820316666665,-118.32015228333333,0,0
fcec0315-a7ea-4b8c-9f93-0436124501a5,33.958580016666666,-118.39125061666667,0,0
1ba418f1-d7ed-4cdd-ad28-62f5b04e5f99,34.071319583333334,-118.44073486666666,0,0
fd69239f-97a7-4cc6-b1c8-7a0b5cda69b3,34.03455353333333,-118.23287201666666,0,0
3017eefe-fc8e-4999-a5aa-c0ddf5e8d0d6,34.04687118333333,-118.25279236666665,0,0
d293c096-7a23-4acb-a981-21c4b16beaaf,34.072429650000004,-118.43955230000002,0,0
72920dc2-9815-4eb1-84bb-6c831c50d1b6,34.07422638333333,-118.43880463333335,0,0
3a27d86b-cbe0-4b5d-bb5c-3a553c0caa3f,34.07557678333333,-118.25453948333333,0,0
7154afb0-f00c-4f0d-a354-73842640690b,34.0742569,-118.43793488333334,0,0
d07442aa-771e-44ac-8505-e78dfe9ab1fc,34.071319583333334,-118.44013976666665,0,0
4d80cb59-586c-48c1-8fe3-fa4a3a3e961f,34.097763066666666,-118.35515595,0,0
b3e7dd0d-6a63-42fa-83fd-86ab4342891c,34.07382583333333,-118.44290923333334,1,0
93354116-ac2a-46ab-aa9d-6479504045a8,34.035354999999996,-118.37524333333334,1,0
8bc47414-376a-4a06-bf88-98e2f1a8b743,34.04101166666667,-118.26846583333332,0,0
cdcaef1a-2dcc-4668-a9ec-919b42f45815,34.073806766666664,-118.43963623333333,0,0
b46834f0-dfc5-4401-8e95-76931bca01f4,34.10154716666667,-118.30039450000001,0,0
73e3df92-7e34-43ca-8b4a-efc2b7ec0397,34.073692316666666,-118.43977356666667,0,0
dc12b930-f7c8-41f2-a897-5de93c3942ad,34.09804066666666,-118.29804983333334,0,0
a76a7d19-c84f-4e71-9454-723c7dca6975,34.18155333333333,-118.439155,1,0
683cb0c0-c3ad-4f91-b6e3-921df94276fb,34.05593871666667,-118.23716736666665,1,0
375fa578-6d32-4066-a519-5e49ae5f15e3,34.05282975,-118.20381926666666,1,0
75935185-bf58-48b8-a681-d5d5dda9700b,33.987728116666666,-118.43953705,0,0
92420dd4-a977-4dc0-80cb-39321f8660fd,34.03353118333334,-118.2431717,0,0
46b7718a-487a-46db-9d20-92186afef986,34.067478666666666,-118.26665983333332,0,0
84aee31a-310e-46cb-a7a5-7d36fdc5717f,34.10054778333333,-118.3237915,0,0
c0c69078-71a8-44ca-86e9-38f6ecc74995,34.06668471666667,-118.44036865000001,0,0
8b7e598b-90dc-4e28-b023-49495e6f1254,34.072441166666664,-118.43954166666666,0,0
685a3dd7-f252-47fc-935d-dfdedfe71515,34.042083733333335,-118.25646210000001,0,0
0268482e-ffb8-4a09-a61e-3ca961849f24,34.0823021,-118.36477661666667,0,0
c21cdb78-cdcc-4efb-be50-98856b56936c,34.0228653,-118.27295684999999,0,0
bf58596f-029a-46d7-be16-5783846c4034,34.07559585,-118.25450135000001,0,0
519c98ce-caf0-4d08-9ed1-4f5fc068a442,33.98726653333333,-118.47074126666666,0,0
35a8e3c8-f367-4101-9fd2-3ed560dcebea,34.03591536666667,-118.23261261666667,0,0
c3433136-b3e3-4be8-b856-289f668de7e5,34.01769638333334,-118.40911865000001,0,0
e5555f9f-3b8a-4f7e-bad4-4ef34a931931,34.0682869,-118.34980773333334,0,0
34d8f5f1-e24c-4ff3-8e1c-40889cd4d3ac,34.05735,-118.445317,0,0
0093cf0c-f860-4c2d-8c52-a8006573afed,33.989467616666666,-118.46300506666667,0,0
58ae556b-2d6f-460f-85ea-cb9f730262a6,34.02269363333333,-118.33466338333334,0,0
7a4c9135-2c40-4709-b7ac-31788be81e26,34.048754333333335,-118.2629465,0,0
2199d7d7-8426-4ee4-bd96-83ab05b44dee,34.04354858333333,-118.26167296666667,0,0
d1fca436-2829-41d5-a912-fd20ef988afb,34.15013885,-118.44216918333335,0,0
93007dae-5cc4-402e-9ace-602c6feea144,34.08299255,-118.2736435,0,0
b2c67c74-a449-4e5d-a1d0-75ec44785a09,34.06537628333333,-118.23678588333333,0,0
51cb3be8-0afd-43c7-8de8-11c856856d37,34.066822050000006,-118.24394226666666,0,0
cfd261b4-791a-45e3-8bfc-30ab4685af5e,34.04480361666666,-118.26054381666667,0,0
6f1fd84c-a3b1-4c79-9803-e1c5c566726c,34.053264,-118.46283566666668,1,0
ef4933d5-afdf-4c4c-9c5f-8b4dbffb6f7e,33.97911835,-118.39363098333334,0,0
3c38f7cb-2470-435a-a87b-12f906e8d80f,34.096241,-118.35297393333333,0,0
82d65c9e-8e0a-4a40-8b7d-b1c0228360a1,33.9457016,-118.38703155,0,0
bbf21ec9-74e0-4110-99b1-88c21ec95304,33.998157500000005,-118.47418975000001,0,0
0b270507-05e9-4c91-8728-413bbec70de5,34.04525375,-118.26022338333333,0,0
93485a03-5a1c-4e43-b15b-6449f3def3c5,34.0497551,-118.24002838333332,0,0
fbaa6e1d-960c-4576-90e2-a1d3b7aabf19,34.07388305,-118.43975066666665,0,0
cb32b51a-2000-4fb2-b41a-c383bce3b9c6,34.07779311666666,-118.25939178333334,0,0
a6fb3611-a353-4a1d-99fc-c01ca9236eae,34.042767166666664,-118.23398716666667,0,0
48dbc071-5c02-4dca-8bbb-0e00c99d2d3e,34.033681666666666,-118.27262950000001,0,0
a932c41c-baed-4f2e-8ab7-43f359a600ea,34.072643283333335,-118.25101471666667,0,0
586b6bec-2e94-4b0d-bbcf-de2d2739af32,34.072647100000005,-118.25101471666667,0,0
d7572df6-b9d3-4848-aa7f-75c128b24d35,34.04643466666666,-118.26274583333334,0,0
4126502b-150f-4b10-a09b-e10c30083fdf,34.073451999999996,-118.43952178333332,0,0
aca3909c-c815-4877-b3e1-db91ea2ba91e,34.032527916666666,-118.32359313333333,0,0
5321ca27-58c2-4d5a-a660-1d73fd92f50b,33.98079333333333,-118.46349033333333,0,0
693b0390-b9a2-47bf-8692-6673a9f1e4d1,33.94744716666666,-118.39303816666667,0,0
e243d9d0-ec47-49d3-b5a2-0bb8e62aa998,34.0724678,-118.43948365,0,0
644c94f8-8dc5-4043-b81f-1f20252155e6,34.07265091666667,-118.25100708333333,0,0
711f06df-d805-49e5-af28-cc5a2815c9ce,34.0738945,-118.43879700000001,0,0
9aa25ddc-41ec-4358-b6e2-529183acb054,34.0967865,-118.31225586666666,0,0
afef3fae-b5cd-47e8-b2e0-6c5ebefb202d,34.07359733333333,-118.35643983333333,0,0
fa701084-26d4-42b8-b11c-2e5d3b9b4460,34.07373428333334,-118.43974304999999,0,0
ad5c417a-c130-46d2-8d65-bbd2ce630701,34.05632883333333,-118.250108,0,0
52015d1c-507c-4c29-a3ac-b057bdf0c934,34.066421516666665,-118.29550933333333,1,0
ec5f6134-9218-4ee1-b33d-23cd0b1355b6,34.06999206666667,-118.44106293333334,0,0
4e2dcff7-760a-4038-a937-2738e76daa3e,34.07037383333333,-118.45339683333334,0,0
fc583ac2-eb80-4d1c-a29f-88cd0415457a,34.07121276666667,-118.44077301666667,0,0
451f7305-531c-4deb-af89-1ed9d950e78a,33.98584746666667,-118.44282531666667,0,0
d4c6f70f-c9e5-4e58-af20-0dee175a5e0e,33.989402766666664,-118.44962310000001,0,0
feeaf1de-04a9-4953-988d-973ec618510f,34.058654833333335,-118.44520733333333,0,0
6981ecc7-f8a7-4437-96a4-ef2dbb1457a9,34.06848145,-118.44358824999999,0,0
3808e81d-e92a-4e68-bfb7-44609c25c337,34.073539733333334,-118.44178771666665,0,0
123884eb-0bf4-48ad-9605-658ddc0bea88,34.06625366666666,-118.44184875,0,0
4c000d73-dde6-4c1d-9f62-ce410e810d63,34.069243166666666,-118.44044283333332,0,0
62dfea8c-8564-42a9-8c7e-520d06f37b3f,34.073036200000004,-118.44006348333332,0,0
1af5ebec-4e46-43e7-b048-788869e2713e,34.07240295,-118.43948365,0,0
ede9d6d8-e80d-4b28-a5b5-21b8e9646448,33.989529166666664,-118.47205133333334,0,0
413e9731-d3be-4dc7-8e80-d33da3418833,33.98945236666667,-118.46298218333335,0,0
c46949bc-99f6-4492-bdf6-e90a0dddc4c8,34.04561615,-118.26169586666668,0,0
cebd8311-7e5b-4eaa-95c2-e7d108991580,34.023433,-118.39988466666667,0,0
93b8f9ad-4201-4e93-8e2c-c892cdc9eaeb,34.06666565,-118.24978638333332,0,0
2fc7d2bf-c376-4199-834d-a28259cae1d6,33.99560546666667,-118.41877746666665,0,0
7c1baf5e-7d07-4546-bea2-2fcb824a7b9f,34.07339858333333,-118.43951416666665,0,0
2257dd30-59b9-463a-a54d-8e8dd3f06c14,34.07373428333334,-118.4398346,0,0
7bd6c63a-114e-4c2c-a31c-4029936c5699,33.990703583333335,-118.45558166666666,0,0
9496a295-6e75-4609-b9f3-a264eab7c4a2,34.02567673333333,-118.35704803333334,0,0
4ba81141-8860-4e80-b0cc-91fa99b9d548,34.0408783,-118.26618958333331,0,0
347c9968-51a5-40ec-92c8-3a266f407659,34.04083633333333,-118.26620483333333,0,0
2bc42741-fbee-4e48-a8b4-192341724a6c,34.04078293333334,-118.26626586666667,0,0
f4300492-e064-4a41-a7c5-ecc925a244d7,34.04089736666666,-118.26624298333333,0,0
cbcd2ef8-58f5-40b5-a3ed-e22bed97246a,34.05898285,-118.42148590000001,0,0
e31c195a-713c-456b-8b56-7900c7bc1806,34.07374573333333,-118.43969726666667,0,0
a82a6c65-8dea-466d-954c-1f623a63912a,34.0737381,-118.43972778333334,0,0
b7c7ae91-43b0-4fdb-9fac-24c31c82e452,34.039047233333335,-118.26266480000001,0,0
ddf8d984-24ed-46ff-bf06-03f018b34390,34.07238006666667,-118.4394989,0,0
1f0e8cb1-aa02-44ed-be34-694bafd158fe,34.0665245,-118.44187926666667,0,0
c344de80-a07e-4b9b-9c45-4741ebe00fc4,34.211323500000006,-118.45742,0,0
00847788-a465-4e12-9a23-9eecc057a873,34.073813666666666,-118.439655,0,0
22d2c5aa-02c3-4b20-a145-1e3332ce7ad5,33.979426,-118.39985633333332,0,0
3dfeff51-5a09-4c19-a9ea-5274ee9e2c4d,34.07021331666667,-118.44092559999999,0,0
c941434a-4c5c-4fd2-a78c-909365718932,34.07317216666667,-118.4400685,0,0
4455f0c3-948d-4414-a0e0-7a25140cb642,34.15033583333333,-118.44209433333332,0,0
949fa306-9b12-4f20-9f96-9c6dffe33fb6,34.095901483333336,-118.33533478333332,0,0
a97af748-0bbd-4c64-8cdf-9c1111a40e20,34.04407501666667,-118.26306151666668,0,0
207e6062-7d4a-42b3-9363-eb5b9be133f4,34.044063566666665,-118.26320648333333,0,0
0ef7debb-89e1-406f-b0fe-05096a4fc1fd,34.04408645,-118.26308441666667,0,0
be046aa8-efbb-48e2-a3fa-d3c5daf4098d,34.05651855,-118.33295439999999,0,0
6c56fbac-b228-47b2-9c5a-1dff2eb08701,34.073425300000004,-118.43955230000002,0,0
02947f17-69e3-4103-91d5-14e2d8670307,34.07511116666667,-118.25323666666667,0,0
ceb908e9-e309-48b3-92eb-d4bbc9d390eb,34.04422378333334,-118.23265074999999,0,0
f022809c-3951-48a2-b74c-609a8e52c444,34.03609848333333,-118.25384521666668,0,0
6ff1ea8f-4f7e-429b-8117-c9d6c645ae66,34.078441616666666,-118.3616333,0,0
cf23612e-a88b-4c0e-88c1-929de304bb80,34.09955716666666,-118.32529066666666,0,0
6aeef2f5-dbaf-4b6a-aa88-e7e6c7b2c55a,34.150298666666664,-118.42410333333333,0,0
d5ee96dc-744a-4912-a2db-c71b3e9401ba,34.0932045,-118.29846955,0,0
f82ad837-64c8-4a7a-83d3-54b32b6d4ebf,34.099288933333334,-118.30963134999999,0,0
9387777c-b046-4048-919d-36c46def7f78,34.07514953333334,-118.25331114999999,0,0
5ea985ee-f3de-4b7d-a5df-eccadd1554f3,34.040821083333334,-118.25977325000001,0,0
32f45300-d6f9-4c7b-a84d-5cb621c46a1a,34.08311081666667,-118.34523773333333,0,0
12ba7f48-4493-4cae-a8c2-2809ca8aa680,34.02765273333333,-118.25779723333332,0,0
5c3f7a24-aa19-4781-b955-6b5d8192a2e8,34.04452515,-118.46097565,0,0
c9910a0f-1833-44a2-a237-2633df7255c7,34.07427596666666,-118.43948365,0,0
9e79cee8-b1ad-4f19-99cb-482dbb5891d0,34.0666771,-118.24965668333334,0,0
918f28eb-0b77-4d8b-b8d6-ff70ae18efeb,34.07380083333333,-118.43978999999999,0,0
c158fc7c-3d22-407e-9550-3e8b057ef7fc,34.04807663333334,-118.22122191666668,0,0
b30efef5-546d-4d05-9ed3-8c4422e8eb37,34.04434585,-118.22759246666668,0,0
f87adad9-506e-47c7-a8e0-449497dc6465,34.045767833333336,-118.25759433333333,0,0
a55f331e-6b08-47aa-9f8f-af42a1955eed,34.075592033333336,-118.44158173333332,0,0
cfe891f4-51b8-4f9d-a0bc-fb5282d54773,34.07041168333333,-118.44064331666665,0,0
03636cd4-782b-4a3b-bc54-1b07f3d03cd9,34.073823833333336,-118.44096633333332,0,0
04edc01a-c579-4591-9b4a-f8336186e571,34.02392196666666,-118.28375243333333,0,0
de82b08d-dc1a-40a0-abce-b26a12a280a4,34.049739833333334,-118.46080779999998,0,0
af7beca6-f351-4b79-9dd9-8c58561d729d,34.06424713333333,-118.44258118333333,0,0
ea304f6b-92d6-4a5e-bd69-18a7f6ad9b79,34.045600883333336,-118.23391723333334,0,0
9ebeceb7-8188-4c2a-891a-a2e69004b48b,34.1057434,-118.31811523333333,0,0
fb8d9a62-28ec-4bb8-9b2c-9d572cf50954,34.04029083333333,-118.23370361666666,0,0
594efd2d-a1bc-471b-969e-f1dcb19144af,34.034420016666665,-118.23229218333333,0,0
2c7888f1-6c9a-4be8-bf35-880bea31c8cb,34.101696016666665,-118.29337310000001,0,0
0755a06c-ee42-4a02-bf58-26368c3edb3f,34.069747916666664,-118.44483948333333,0,0
80f5aaa5-bfcf-4416-8eef-f3789c37ee83,34.073814399999996,-118.43968963333333,0,0
e280b579-71a4-49b6-9f3d-ae73e88ffe26,34.073696133333335,-118.44065093333332,0,0
eb5fc73c-b170-4764-b9e2-45cf9bacbf82,34.06993103333333,-118.44104766666666,0,0
936fa31a-a4a4-46de-ad64-42a9a6cea6a9,34.0986023,-118.3467865,0,0
3acedaa1-2a9c-4a5e-ac8e-2c205b829968,34.073814399999996,-118.43965911666668,0,0
3be44547-dc52-4ce1-b4c2-0b4ce5e227c8,34.073814666666664,-118.43966716666667,0,0
60245bfa-32dd-49f9-bbe7-32aa958d0ad1,34.072669983333334,-118.44157410000001,1,0
3a41a53b-18b5-42d8-9740-8afcd34a690b,34.02391051666667,-118.28378296666666,0,0
d6135e74-9aeb-48b6-ab5b-ee17c167f124,34.042764166666664,-118.25103033333335,0,0
8d0c5d9c-54b5-4f5e-a511-845b27fc9a20,34.052143099999995,-118.2522583,0,0
0d4f8fb5-22da-4904-8c17-2a7dfeda5b3d,34.034864166666665,-118.23244500000001,0,0
bec65004-ecfe-45e8-a075-2ed5f0a3c9bb,34.04552841666667,-118.46172333333334,0,0
f1b6b33a-a213-4387-93e3-021ef64e34fd,34.06979751666667,-118.44187165,0,0
c84307ae-dca4-4fe7-83e6-26cbad3d86b7,34.06983185,-118.44197083333331,0,0
66ddf56e-6e3f-47a9-a4ce-38c4a1c798c9,33.97375488333333,-118.45765686666667,0,0
e5218b01-fcbf-48b4-a3c4-cfe8216a482c,34.0697136,-118.44043731666667,0,0
8a24a4e3-1f89-4557-a530-6b5e213c8859,34.055572833333336,-118.444463,0,0
917ac016-2e74-48e7-8454-27a22e6a5d2f,34.066288,-118.4417572,0,0
66ec0341-01bd-42ca-9d12-74248518d44c,34.07023733333333,-118.44069866666665,0,0
a2b81353-96e0-46b3-b79c-72c2d0de5e1a,34.062545783333334,-118.23835755,0,0
51c64172-a738-4826-87c7-a882f1598340,33.98777771666666,-118.47192383333335,0,0
dcc72a89-f339-4e97-be97-614e0d060ceb,34.04972458333334,-118.45964813333333,0,0
9f486e87-4503-4154-b3d8-f0fc6e3088c8,34.097394333333334,-118.30324833333334,0,0
39256b8f-977d-49f0-a421-f4a2a24eed9e,34.076876,-118.44380133333334,0,0
67d0f7b6-00bb-479c-aeae-c12779604088,34.04159926666667,-118.25120545,0,0
ac75e217-7953-4260-8e70-aaccb45ef0bb,34.062751766666665,-118.44551086666667,0,0
0b6cb337-765f-4bb4-a934-720a02bfc173,34.06987381666667,-118.44212341666667,0,0
d3014949-99f6-4ef7-b0ef-c863c353588b,34.06635666666667,-118.44186401666666,0,0
da5fc506-dd21-4185-9293-3e1f22d593e1,34.06862258333333,-118.44046019999999,0,0
aad52fbb-32a0-4202-ab19-b350a7632997,34.097911833333335,-118.36180366666667,0,0
bbd47a09-1ec2-48d3-bd8e-63af83b7512e,33.98768996666667,-118.45332336666667,0,0
8529b45f-f4bb-4bc8-b078-70d0bf533662,34.051067350000004,-118.25497436666667,0,0
bc923a99-5715-4f6e-bebf-6ae335dacc15,34.05454635,-118.25177001666667,0,0
8a0e7736-daf6-4ced-9b52-4b5c4a0cf901,34.07146071666667,-118.43950653333334,0,0
819f768e-b27e-43fe-a552-64fbc24c0553,34.02572633333333,-118.33389783333332,0,0
f702f166-721a-45ee-af9e-2bad0faabfb1,34.09270683333333,-118.31133683333334,0,0
411bb18c-4a0e-4ce1-85bf-8cf128ae2f44,33.980514533333334,-118.46408843333332,0,0
e9dd1d79-f854-4b74-a065-8e779dc74cbd,33.980548866666666,-118.46408843333332,0,0
d8ebfef0-7df4-4f9b-95fe-2e5a215ba3f3,34.10416031666667,-118.33328246666666,0,0
518c3872-084f-4657-a225-3991d40c01e6,33.97933196666667,-118.46643066666665,0,0
75234648-5f93-4995-b690-b0ed071f71b2,34.04806518333333,-118.23944091666665,0,0
f93c579c-4435-4f71-b121-534ac8eccf10,34.07553481666666,-118.4402008,0,0
1d52df4e-b7b2-42d5-a7ac-8c2bcf8a5883,34.0460167,-118.25769806666668,0,0
ff8aee36-aa61-41e1-9764-f35c39ca85a8,34.07021331666667,-118.44065093333332,0,0
3c24d28b-094d-44e6-a4c6-43611f929ccb,34.10331345,-118.33857726666665,0,0
e5ba876a-a10e-4d29-a584-4b221abdc8bc,34.03425598333333,-118.27142333333335,0,0
81d570a5-8d58-40f4-82f9-8ded2081c326,34.04971916666667,-118.26511983333333,0,0
3e173c72-97d9-4220-8290-a6bccd00a592,34.02921416666666,-118.4033335,0,0
6612b130-fb1c-4639-9c3b-a7af2fb612ad,34.07377866666666,-118.44096416666667,0,0
e3c532e3-082b-4c80-97ce-cc598327b7f0,34.065979666666664,-118.24946566666668,0,0
0c97c047-9b6f-4f90-afae-4e602d03cd36,34.06850051666667,-118.44197845,0,0
32ae4795-c780-4b42-a0f3-03e4d19abca1,34.06848145,-118.44320678333334,0,0
77faf344-d436-40a9-b469-8a28f308d4df,34.05774688333334,-118.44614410000001,0,0
76016305-1911-4180-8133-1c9d8efacc1c,33.96981048333334,-118.45481873333334,0,0
11700342-2e17-4a82-bf60-a1b2e14543c1,34.07662201666667,-118.44070435,0,0
210323c2-ff8d-43a0-baad-7682130fe259,34.05936116666667,-118.44600433333332,0,0
3cd0e69b-25fd-420d-b254-2beeb04c38ef,34.045569666666665,-118.41930266666668,0,0
14910c7f-b1aa-466b-82c0-f51038825427,34.0737381,-118.43991851666667,0,0
bd2d8d2f-79d6-4c18-9b89-4bcfa453067f,34.11998366666667,-118.32100676666666,0,0
33f40c7a-5f02-4304-9519-725d7db7e7d4,34.072480166666665,-118.43875516666667,0,0
f4076137-f26a-46f4-9ea3-9efe96b69c7f,34.093441500000004,-118.31084866666667,0,0
b15d290d-b23c-4650-b7a8-83576ffd5485,34.059787750000005,-118.44450378333335,0,0
fe59eb3e-900a-4cdd-997b-496541c07e26,34.07382201666667,-118.440979,0,0
ecb5cea9-8285-46d8-a374-f8d497278952,34.06632995,-118.44184875,0,0
9357676f-c7b7-41f0-ab80-e8d648cf4540,34.06573105,-118.45039368333333,0,0
9bd7bd4f-1e1b-44d1-b94e-4f96f5665080,34.027365833333334,-118.40939116666665,0,0
7a0d292a-ebca-48bd-b668-db4ec789eeb3,34.07416535,-118.43967438333333,0,0
974d6087-9e99-4264-a4ce-a84ad9241671,34.073806766666664,-118.43976593333333,0,0
fbe972b2-54b5-4b7e-bd69-832cfde24115,34.069236749999995,-118.44060516666666,0,0
d64afbc4-39ad-4ae2-870c-91224e9725d8,34.0799408,-118.22604369999999,0,0
f53c516d-d0a9-484a-a7aa-5dd96e0c9e12,34.06853866666667,-118.44332123333334,0,0
a8362574-1d71-404e-bb9d-7aea1f9c188a,34.06218516666667,-118.25452883333334,0,0
5e976037-5d2d-4cd6-bf40-4c1a6bb77629,34.06999206666667,-118.44108581666666,0,0
4e9de7e3-99fd-4a43-bfc1-01beb1877238,34.03967866666667,-118.28426966666666,0,0
eb507abb-3138-4dd7-843e-924dc993de95,34.039673666666665,-118.28425966666667,0,0
2020a4e7-796f-4ec6-843a-c738c4f8c2af,34.03969955,-118.28431701666665,0,0
6d921608-af5e-4dce-87fa-eb3d1594a6f2,34.03973006666667,-118.28426361666668,0,0
187367fd-2c5e-486b-8752-90dc84b94236,34.03969193333333,-118.2842865,0,0
8b52c6a0-7265-49ad-bab3-1be1fe30fd69,34.03969955,-118.28426361666668,0,0
580229af-0ea2-486b-994d-ae7af59eaee0,34.06856536666667,-118.44326019999998,0,0
807fb0d7-54ed-4b62-a564-eb5b16bbec35,34.06662866666667,-118.24981133333334,0,0
b2957955-ba10-4105-828a-1859a0976767,34.06863403333333,-118.44046019999999,0,0
e52bbc94-e068-40a6-80bc-ce9ec9558051,34.0671463,-118.44173431666668,0,0
3ef41ba4-ccca-4ee8-a369-bedd274652eb,34.066949666666666,-118.44142666666667,0,0
908d4de5-8033-4090-ae88-0bb307c7cfaf,34.04940033333333,-118.26500701666667,0,0
5a76e72c-ed36-44d5-accc-ac1bc6daba21,34.02513885,-118.2783966,0,0
17c4a697-0095-4121-a5f6-d566641a6f21,34.035022733333335,-118.45693969999999,0,0
5352b97e-ef6f-4216-941d-0e4cbf88c254,34.0437088,-118.23300171666666,0,0
4defdf02-60d2-4b39-907d-e43453fa84cc,34.06270981666667,-118.44579315000001,0,0
e634acf3-b132-46f8-9550-39443619283a,33.95659066666666,-118.42775316666666,0,0
72844a60-deb5-4419-9df8-884a3747f665,34.059009550000006,-118.25450896666668,0,0
d02e0762-08c5-4d6e-8331-2f355205f7f2,34.066543583333335,-118.44884491666666,0,0
812f1f41-c28a-4900-947b-7bac9c7fb09a,34.02692033333334,-118.37189116666666,0,0
d553ecd7-07c9-450b-a657-54a48e4a648c,34.07383728333333,-118.43977356666667,0,0
2fc1ee3f-624f-4808-b754-0ab6e3ea1c15,34.151576999999996,-118.45305633333334,0,0
73240b5c-1569-4193-8c63-fd92f3048fe3,34.06057740000001,-118.4440918,0,0
470e796f-bf93-4132-84b2-ff1fda95a69e,34.01854816666666,-118.40670066666668,0,0
375ec4f1-8af2-4cb7-9eee-bae2abd113f6,34.1513175,-118.45185983333334,0,0
45b85d19-e0e7-482b-ad18-71871b94cd0a,34.03452783333333,-118.23296233333333,0,0
27601033-8690-4172-86ce-e3d0f2172181,34.02882385,-118.42985535000001,0,0
d0237965-d64a-444f-99c4-698bab519a3d,34.064617150000004,-118.44424438333333,0,0
f353abd1-0113-443b-b8e2-5ef2c914ab03,34.04993438333334,-118.4200821,0,0
206d5a97-25ac-4f6d-899d-dc8f5655200c,34.01711733333333,-118.40563516666667,0,0
f1abf813-751d-4c6d-bfef-18262722c4b9,34.06373215,-118.44223785000001,0,0
46c19d3a-15de-418a-bdcb-b787302e8854,34.00214005,-118.46661376666667,0,0
4d8acdbf-c71b-4401-9713-ab2116874226,33.953685766666666,-118.43399048333335,0,0
12e666ae-0c64-4c92-85c2-87ab3b54fcb1,34.06779098333333,-118.44100951666665,0,0
ec83343d-316c-42b8-b8c5-0dd7f1d22426,34.06060791666666,-118.44411468333334,0,0
ead95877-a523-4b79-b133-4cea3f5e34b8,34.04940716666667,-118.25261116666667,0,0
67f863d1-7121-470c-a0fb-601922a0f0f3,34.019771666666664,-118.28157000000002,0,0
b94c89b3-0f89-4838-a504-755f31affec6,34.02635933333333,-118.37181883333332,0,0
ff163b5b-d287-43e3-ade4-b17685e72500,34.01973533333333,-118.28151416666667,0,0
d81a0705-6a7e-4d0e-a963-b3799500544c,34.054874416666664,-118.2321167,0,0
4304e712-d9c5-4f7c-b74e-c92ab00f2b31,34.05877303333333,-118.25247955000002,0,0
93dbeed6-61d7-4f69-913f-53437a5988bb,34.02492905,-118.35464478333333,0,0
efca455a-df6c-4bdb-a77d-ff2c3dcac3e4,34.07346016666667,-118.43952983333332,0,0
5c05b9b6-3852-4793-aa97-be0fe7fe9b9f,34.00125503333334,-118.43904113333335,0,0
f14af0d4-e2be-44b2-8373-1d10d75ba391,34.06859333333333,-118.44045683333334,0,0
f78dccf3-6b8b-4d4b-85b8-21c5e28937b2,34.04096985,-118.25695038333333,0,0
5952599b-d92e-4d03-a69e-1b75efe47b87,34.028774266666666,-118.26985168333334,0,0
3afd117e-06db-47ba-a50a-ed0ee16a8b3d,33.99985503333333,-118.44901275,0,0
f20f8b95-e531-4e86-b25c-1b0ed4c7e69b,34.02434158333333,-118.32954406666667,0,0
5bad4b98-96bb-439d-8f0d-d23e4361141c,34.05168151666667,-118.25214386666667,0,0
774a1fc2-bc12-4ad1-a5a7-9114e7aeafa4,34.053611749999995,-118.25221251666666,0,0
a423740e-ea6f-40f2-8789-ba4c1d81882f,34.07149123333333,-118.43951416666665,0,0
01cf4007-6a2b-4926-85ba-4c01eabfec7c,33.95982741666667,-118.41915893333335,0,0
7548f6e4-20b2-4e00-bdb9-665955c62ab2,33.959388733333334,-118.38632965000001,0,0
bee59b20-e254-41f7-985f-933e2f6ab3a9,34.05640411666666,-118.41874695,0,0
34f6ea41-1227-4f7e-a308-d8982b327fb0,34.06861876666667,-118.44355773333334,0,0
2060eb7c-233f-412a-8a74-6c7321a09935,34.1064875,-118.34228566666667,0,0
d0aab9d0-51ee-4e22-a599-70ab9c26ac3a,34.07599258333333,-118.44134521666668,0,0
05ba7f2c-05d5-4aaf-afcf-cc1a482f809a,34.06143951666666,-118.29073333333332,0,0
743adc6b-f93b-42d4-af4c-7221d59fa5ab,34.068435666666666,-118.44316863333333,0,0
1a595a97-9930-48f4-93e6-04946ea50511,34.0291481,-118.40329741666667,0,0
e4f4669c-3b36-4a59-b987-649e3a21ef33,34.103439333333334,-118.34665680000002,0,0
be8bbbb4-5991-4dd3-aeb8-67b1ced6094e,34.14690966666667,-118.41456783333334,0,0
1a65482c-a2e7-41ed-8f01-1cfd84333fc4,34.066448216666664,-118.44191741666667,0,0
338bfaa1-585c-4488-bef6-171f63e683d2,34.0815239,-118.27957153333334,1,0
3913e5f1-51c0-4d4b-916c-2561dfa88639,34.066814416666666,-118.44170379999998,0,0
494d83b3-06c1-4582-9723-8b7477a291c8,34.07302093333333,-118.44165038333334,0,0
aa3063db-3db8-4dbf-91f9-9473c42814d0,34.076343533333336,-118.3498764,0,0
3c76be1a-1df6-4fff-8eb0-9843bc9925ee,34.06549835,-118.44425965,0,0
599625c1-5ab4-4568-887f-0ec2db5b055f,34.073574066666666,-118.44184113333334,0,0
022f0a9e-0bc3-4e6c-9a82-e79771fee66e,34.0666771,-118.44201659999999,0,0
a112d90d-9544-4366-8b6b-c7bc0ef5a181,34.07043456666667,-118.43976593333333,0,0
a56e4b49-b123-4ff3-b3da-4b51e1afb656,34.069728850000004,-118.44039153333333,0,0
84256876-53fe-4f89-b00c-ddc07f114783,34.048904416666666,-118.44065856666666,0,0
7246df4e-2363-4878-93be-56a131a5839e,34.06841278333333,-118.44326781666665,0,0
bd4cec82-83ed-4c52-a68a-62b595526e92,33.99362563333333,-118.45123291666665,0,0
d52539e6-95b0-4b91-b816-aa1ee765b0fb,34.08851623333333,-118.30291748333333,0,0
f849cb39-0f83-462d-9ad2-9a5307107223,33.98559951666667,-118.44365691666665,0,0
13899615-8afe-48f0-9afc-43e9076c230e,34.05746466666667,-118.44489616666667,0,0
9dda3ad2-1c23-43e5-9345-e74ef3df8258,34.030155666666666,-118.38950066666666,0,0
e5a05de4-c9cc-4d14-a576-4866d254083d,34.06859588333334,-118.44206238333332,0,0
50265838-0bcc-4a48-b709-4383db5aa21f,34.0698433,-118.44202423333333,0,0
95765de5-5acb-4863-9633-ae1ab00dd9a8,34.068523400000004,-118.4419632,0,0
c8ecb24b-6104-40f6-a8e3-8b2d8b5f8e89,34.06695175,-118.44181823333332,0,0
79bf146b-17a9-40bc-80c3-8a20e1c572a7,34.06695556666667,-118.44186401666666,0,0
905353f6-b217-4b64-bf7a-3b81f5ba2c27,34.070240016666666,-118.44062805,0,0
2939ce28-81ec-4a39-8d1e-f98de69e3fde,34.062180166666664,-118.44553733333332,0,0
8c13d2bb-a93e-4456-8dd7-3874e5accd3d,34.10030746666666,-118.33860016666668,1,0
b5ed2eb3-8a54-439e-be3c-f1da1fd6e951,34.06695216666667,-118.44150966666666,0,0
8ad56a93-c55e-4010-b611-e0fb6c54efa6,34.073844916666665,-118.43966675000001,0,0
ebffeefd-25cb-46c1-8078-c6d1de615ac7,34.068414999999995,-118.44329083333332,0,0
09b80d08-0ca4-4de1-88a4-d5d33d33a3ea,33.99880218333333,-118.4321518,0,0
e5ff1c35-bfe3-4892-a29f-9767bc8068e1,34.011016850000004,-118.28235626666668,0,0
be7764e9-e83e-49ac-89de-546fa24dd82d,34.0172205,-118.35204933333334,0,0
74c689fa-53ba-4652-85b6-dc13ae06b705,34.03471756666667,-118.45803069999998,0,0
7d7ab576-9c8e-43e9-925b-a7c5a052c264,34.05763245,-118.4449997,0,0
6ca8b34f-65ae-4246-ba4f-f887e21148f0,33.9856453,-118.44356536666668,0,0
05f59ce4-2a0f-461a-96fd-1bf7ab7d6d70,34.073844916666665,-118.43965148333334,0,0
1ee70a04-4950-4e0f-bb80-f10213ff3a99,34.06298446666666,-118.44554138333334,0,0
ecd424ff-1016-4110-aa09-f4ffb668ded2,34.048904416666666,-118.26156616666667,0,0
87df8479-8618-4986-83eb-0afa3f9c1a1a,34.07001113333333,-118.44107055,0,0
3c97bfd8-bb46-4267-896c-8a0ee8783b30,34.100402833333334,-118.32946015,0,0
b11442bc-d31e-4ee5-90f7-f7ed09410a51,34.03973006666667,-118.20137786666668,0,0
b435b021-a2ad-4de0-9b26-03b13d36d266,34.07380366666666,-118.43965183333333,0,0
0462b442-62bd-46ef-99fe-b774786564d0,34.032714850000005,-118.21822356666668,0,0
683898ad-06db-42db-8e46-d9a0b6c7a647,34.08786773333333,-118.34070586666667,0,0
a94dbc53-b434-49ad-8056-5fab69b33b39,34.06578063333333,-118.44213866666665,0,0
deff81d6-0b2a-4826-b1ec-da87ed17adee,34.07313156666667,-118.44039153333333,0,0
feb02f00-d039-4d79-b310-59f07c6ea468,34.0238885,-118.2837915,0,0
53c3be77-ed6d-4aef-af15-a08b474f3832,34.023875833333335,-118.28380433333332,0,0
baa275b2-50e0-48e2-9cfe-86cb2e874aff,34.02387233333333,-118.28379766666667,0,0
a48cd18d-aba2-4a4a-845d-a9f6a736dcf9,34.02387618333333,-118.28379821666667,0,0
e52e21e9-4516-4799-b638-3e46552c57d5,34.02388966666667,-118.28382116666668,0,0
1056144c-2271-4885-b9d3-8704ebed566f,34.023815150000004,-118.28383636666668,0,0
d7232598-736a-464c-a6f9-692d36c2b2a7,34.023845666666666,-118.28384400000002,0,0
3349002f-977e-4c92-ba39-bf38bde7b0cb,33.99556916666667,-118.44426333333334,0,0
6e8cadc0-159f-43f5-89e2-175865f990de,34.04900333333333,-118.24761583333333,1,0
ae974151-b336-4a19-b6ec-1bc4ab7b35d0,34.068519599999995,-118.44304656666667,0,0
3dab5647-fcbc-4b80-b0fc-e19256713531,34.145324699999996,-118.41410065,0,0
d6163e5b-61d9-4069-b250-be5f4a8b8137,34.08990096666666,-118.32679748333334,0,0
e9024955-e8cc-4df2-abad-047ea3570d31,34.02532578333333,-118.2841034,0,0
ee61ed75-e47a-42db-b521-dac6d6eb930f,34.0253067,-118.28408813333333,0,0
9353b196-42c2-43a6-be7f-961fcdeb790d,34.025699616666664,-118.28411101666667,0,0
16ca3251-3b91-4eb1-bdbe-dd8178ccd824,34.02565001666667,-118.28409576666667,0,0
7c438e21-1430-49cc-b02b-fa47cbd6b938,34.02572631666667,-118.28413391666666,0,0
2ae5229b-cf56-450b-ae38-6d3cd5315857,34.02568435,-118.28413391666666,0,0
a578a076-0e2b-49df-a2a1-ec0be9c5117a,34.0256958,-118.28407288333334,0,0
8615a3fa-7e77-49a5-a0c5-0ef4133a235b,34.02569483333333,-118.28411133333333,0,0
271d2a10-11c2-4d14-bc04-b0e98bf298c2,34.0735817,-118.277771,0,0
1e4913fa-e033-4561-9210-ca8a1d4ad910,34.09991073333333,-118.34568023333334,0,0
7daf324c-7722-4857-8fc7-d16e04d01ffb,34.047286983333336,-118.2352295,0,0
93a4af06-0aad-4100-bb17-fe58a01dfb7e,34.049736016666664,-118.22102356666667,0,0
3854cefd-9e33-4da4-a478-20beca9fe809,34.04930496666667,-118.24918365,0,0
57aec86b-e463-45bd-9db8-f2d22fa5575e,34.04167938333333,-118.26621246666667,0,0
80f0c55a-940a-43ad-89b8-36253a8f5036,34.08179855,-118.34271240000001,0,0
639f6f98-84be-4f19-b4ff-3dd9b2e1928f,34.020423883333336,-118.24329376666668,0,0
c1a763ce-d981-45a3-8c95-b0a40785b2cc,34.04403686666667,-118.25127411666666,0,0
1ca72a27-fe9e-426e-b85e-38438eeef9c0,34.06868361666667,-118.44559478333333,0,0
6194ba3c-bb3a-4049-855e-416eb1972413,34.072482666666666,-118.43914483333334,0,0
f8679f1d-aefa-4653-8cb9-81bf14ab45b2,34.0734555,-118.4395185,0,0
9a60fd6e-e693-44db-a19d-8986e66ce949,34.058177949999994,-118.44448853333333,0,0
924e7b84-dccb-4365-a321-fe4b51d7847e,34.06691741666667,-118.44187926666667,0,0
b7ded279-b139-463a-acdd-9a4dc7f4b2d7,33.999206550000004,-118.4626236,0,0
a4b6fce2-9d2c-4262-9e1e-4a2b8b1e07c3,34.0624466,-118.44709014999998,0,0
ca049b02-aef5-473b-bb0d-900fcfc14c76,34.06180953333333,-118.44812775,0,0
e04d4625-e310-4203-9f23-867d307a94cf,34.06461383333333,-118.29152133333334,0,0
afa89fc2-8e71-49cb-a9c2-470f90f8597f,34.02214483333333,-118.280134,0,0
03828e93-ebcc-43a4-bfae-c9a851ebb65a,34.09593963333334,-118.31371306666666,0,0
240bd5ce-9497-4fd8-be7a-588d41900cc7,34.06586083333333,-118.4468105,0,0
ec39d5d2-f3b1-43e8-8c02-d6cbe904f5bd,34.044399266666666,-118.25382233333333,0,0
4062a70f-b714-42e9-b396-3553eafb07d3,34.08550016666666,-118.36171833333334,0,0
0e81d367-2982-4cbc-8220-3b5bb9e5cad2,34.02269363333333,-118.33473968333334,0,0
e1281f8d-c24b-4fbf-809f-4e244e551b34,34.020179750000004,-118.28087616666666,0,0
5b063a0a-e010-4aa0-926f-2b72ec322173,34.0201785,-118.28095166666665,0,0
72f82b61-629f-4c54-856d-425041fbbd7b,34.03302383333333,-118.39403533333333,0,0
71a1e43a-9772-425a-a71d-eac6d378026a,34.05725478333333,-118.25259400000002,0,0
b454b180-5871-48a0-9e90-184e75289e94,34.0515976,-118.24934386666668,0,0
78951841-16f8-4646-b248-38d6cfff2374,34.04880905,-118.25330353333332,0,0
93c66ee2-4e32-4370-860f-71540e6b9090,34.064989833333335,-118.44441066666668,0,0
04fd238b-824e-4517-8eb6-2538ce931e39,34.047309883333334,-118.23508453333334,0,0
fb794c25-fe7e-4f4e-9c6c-bcbdc52ff51f,34.05353165,-118.25212860000002,0,0
2830cc1d-9332-4248-a869-5dcb8963a700,34.039226533333334,-118.26435088333334,0,0
eb401281-5b5a-40b9-ac50-7fd5f36ae7b4,33.94580833333334,-118.38699049999998,0,0
6a9cbd31-a3d7-4c22-b2f6-ed2fff87fe69,34.05543136666667,-118.26126098333334,0,0
dab53736-e6d8-4d4a-b17a-97d4de48adfa,33.9545021,-118.3959732,0,0
add00b52-937f-4f2d-8ac6-8f6af1f2d6e4,34.047218316666665,-118.23526001666666,0,0
8178d0a3-a0a1-437f-810c-81fd6c787c84,34.0396614,-118.44246673333333,0,0
0ecd63ca-11fc-43b7-a03f-72cfda26e7a1,34.03963088333333,-118.44248961666666,0,0
54926086-f690-49a7-94cc-c774a7a9e2ac,34.03968633333333,-118.44254283333333,0,0
8b7e89b7-c21a-4796-9458-9e0f9244449c,34.03969166666666,-118.44250583333333,0,0
79483ec5-117d-46c7-a1f8-25eededb308c,34.0420775,-118.444499,0,0
8451a49b-fee8-43aa-bd5d-6501ddf8e9c4,34.04198836666667,-118.44456481666666,0,0
23a42975-f045-46c2-8144-bcd20b6fc175,34.04203483333333,-118.4444475,0,0
f5699c18-cdf1-4ae2-83d6-48de3fd51326,34.04204178333334,-118.44456481666666,0,0
650b7293-533e-424a-a899-fdc751a41a4a,34.07022858333333,-118.44067383333335,0,0
8903197f-8b4b-41cd-8651-e71bb4bcb184,34.08131408333334,-118.3452301,0,0
b0d64462-fe66-4457-8e3e-d47b13391d13,34.03081131666667,-118.27404784999999,0,0
c44cc767-36b5-44ee-b53f-6ed4cfe01738,34.03713666666667,-118.24064666666666,1,0
08ec2c79-38c5-401d-82b0-82a43349e141,34.02673721666667,-118.39328003333334,0,0
8c052106-b494-4f87-bd4a-40d7d94e31cd,34.10188316666667,-118.30906633333333,0,0
a8f5c568-eb5e-43dc-9e39-958d42e020fc,34.0474265,-118.46351066666666,0,0
aeb8e476-502c-41e9-8999-db3fe2d89534,34.04976516666667,-118.46090266666667,0,0
3ceb361a-3c76-4210-9a88-1ead796a2280,34.049747466666666,-118.46088409999999,0,0
04736f06-03bb-48b5-a08f-f53db43d8560,34.049774166666666,-118.46083831666668,0,0
ca878820-0b9c-4d30-ad73-ca73a7f17867,34.06575011666666,-118.44631958333333,1,0
10660c06-b2a6-4f18-8dac-00684bd80665,34.0979042,-118.3290329,0,0
0839c6b6-bf01-4d5e-8260-12a0ed8d0b51,33.989917750000004,-118.46369171666666,0,0
c3067c38-a899-4b71-b091-bb520c4ffc73,34.044693,-118.45265198333333,0,0
6ec8de27-a91d-468e-bc9e-6d487ecc1530,34.044701833333335,-118.45265966666666,0,0
5012e7b3-b561-42e9-8392-2b2a07eb3b28,34.0641098,-118.25664520000001,0,0
1541e27b-a176-4536-8d41-e4d747a3b1a4,33.989913933333334,-118.46369933333332,0,0
61dd8972-9ac1-473a-a8bd-eebc0cb22976,34.06287003333333,-118.45044708333334,0,0
73e41483-d0c7-4b83-ac58-0ec19a5558c4,34.06280898333333,-118.45050811666667,0,0
61861cb7-6442-44e0-9cd5-d53cc7cc1ccf,33.98991013333333,-118.46369933333332,0,0
080771f7-d4f7-46e5-8b63-03fdaf4fc8ae,34.06288146666667,-118.45048523333335,0,0
a4f6b189-8e9f-4e3e-92aa-f8532a4b894d,34.062688666666666,-118.45046699999999,0,0
1c7922fa-302c-4699-823b-9e53a948bb6c,33.987907416666665,-118.45889281666665,0,0
1703345e-0df3-4c26-b1ab-5c8c4ace7ade,34.058609016666665,-118.30623626666666,0,0
f3b9e68e-5b17-4aa0-bcc1-666498bbf76a,34.0799942,-118.22584533333333,0,0
11c12c2f-6076-49d2-93f5-57f0d110f890,34.049297333333335,-118.26811218333333,0,0
d5410966-549d-4bd9-a39d-17e79a0a833c,33.989913933333334,-118.46368408333335,0,0
2ea31ad6-32c7-4ed4-82e7-25e83e7d03f3,34.04954528333334,-118.26010894999999,1,0
5f84b9ad-f8eb-4a55-b83b-0f99d509ffdb,34.102745049999996,-118.32514189999999,0,0
2e8e9f62-8d1f-4045-91d0-d78c4ecc5918,34.067077633333334,-118.42430115,0,0
e2cc67dd-850f-4888-bb97-d1b0e83e6406,34.09794616666667,-118.34169006666667,0,0
5ed781d4-8804-40e5-a736-5db36d3f98e5,34.097969049999996,-118.31739806666668,0,0
5b5ebd67-f444-40e6-a14b-500699d8bf5b,34.029575349999995,-118.31999206666666,1,0
7594f68f-33cd-4699-8c4e-9cfb41db0b1c,34.09797668333333,-118.3101654,0,0
d098987f-f656-40d2-b5e3-1fd2321a065f,34.097972866666666,-118.31010436666665,0,0
850b8a29-4fff-4a5c-95f7-c68268255cfd,34.04794016666666,-118.26169166666665,1,0
8af6b4b5-25cd-48e2-a80a-c1d55538b63f,33.980674750000006,-118.4644165,0,0
9196d311-26b1-4ff5-91c1-22db8790ff9d,33.981235500000004,-118.46365356666665,0,0
067254ac-38a9-482d-97e5-de071ead4847,34.10657366666667,-118.33767583333335,0,0
d7edddbc-465c-479e-ab20-54a5d6a243bd,34.10656866666667,-118.33766949999999,0,0
432570de-a8ba-4eb4-9903-dcc47056f04a,34.10653633333333,-118.33768766666665,0,0
44c12601-d62b-4fa5-b8f1-ce965172659a,34.04606628333333,-118.26462555000002,0,0
7817564b-99a0-4cc1-821b-09de2fc3ad41,34.099140166666665,-118.34168243333333,0,0
bdfb00cc-b4f1-45c4-89b2-056fbe3e3f76,34.0836258,-118.35609436666667,0,0
b4e2e190-1632-4638-a8c8-d3afa94b8793,33.98532105,-118.43714905,0,0
37dcfa4a-3100-4e43-a7ae-dce1fafcdce0,33.98539351666667,-118.43710326666665,0,0
0ecbf778-ec09-435d-aa77-9c47b661b140,33.985351566666665,-118.43708801666668,0,0
12c8c3f4-dc6f-477c-bba7-6cb929219570,33.98534393333333,-118.43706511666666,0,0
6330d12f-ad4e-4d62-a1b8-5718336a2404,33.98537063333333,-118.43715668333334,0,0
b464bffc-87d0-4119-bef6-507ef0f6bf01,34.10551133333333,-118.33733150000002,0,0
8ba0cc8b-8436-4f0e-9ad0-7e636daac656,34.0525055,-118.26357269999998,0,0
b950c228-89b1-4a14-9347-bc4960690a40,33.98854065,-118.45336151666667,0,0
ad41e0b8-07d5-405e-ade3-306e405f76cb,33.98849106666667,-118.453331,0,0
db7951cc-0db8-4845-9aff-cc2c5bea6e07,33.988502499999996,-118.453331,0,0
198d65db-9691-443e-8967-57fb7cbdece5,34.04939483333333,-118.27901449999999,0,0
b8df54ca-5708-40ec-a9e2-bdfd9146ebab,33.99327468333333,-118.45153808333335,0,0
99a75de3-ffa5-49c6-b084-416e21ca3be1,33.99338531666667,-118.45163726666667,0,0
0074f2bf-6e00-49b4-bbf2-2da15a26031b,33.993339533333334,-118.45159911666666,0,0
f464f15e-6b94-4d59-b9c0-08e6026d512b,33.99332046666667,-118.45160675000001,0,0
71cfe9fc-7170-4b98-99e1-5e1f0dd24d8b,33.995288849999994,-118.45507813333333,0,0
5904f878-a2b4-488d-971e-f96688be856b,33.99530791666667,-118.45508575000001,0,0
fc8dc467-1d00-47ea-99b8-178dc9cb8961,33.995330816666666,-118.45507813333333,0,0
deae3da6-4ce5-40cc-b7ec-df1cf764b642,33.985408783333334,-118.44396973333332,0,0
851a4531-1dfe-4b68-8f03-2cc905575beb,34.05569916666666,-118.270742,0,0
7361695b-ab6b-4c0e-8cce-28c22c859563,34.055580133333336,-118.27044678333331,0,0
8a518872-abe4-4daa-bb45-5801faf0aa14,34.05561065,-118.27048491666667,0,0
d288a6e9-e0d8-4dff-909a-bfae76898d44,33.99882126666667,-118.46296691666666,0,0
5801a142-ea1e-40a6-8e9f-0f12b3fbafbe,33.99886321666667,-118.46291351666666,0,0
3985231d-10be-4642-953e-3a3f1bb4e25d,33.998840333333334,-118.46294403333334,0,0
2c202a2e-47f2-45bf-9896-bc52699a22df,33.99886703333333,-118.46290588333335,0,0
6032df7a-d538-45be-8451-34d6b3883b79,34.00117493333333,-118.46813201666667,0,0
8cd48443-24c9-47f5-a31f-3236c1a1eb72,33.993820183333334,-118.45346831666666,0,0
9d1148cf-70a7-4857-a17a-632c0d6521ba,33.99594878333333,-118.47818756666666,0,0
8c4d26fc-bdbc-434e-9440-7cefb408c650,33.99456405,-118.47626495000002,0,0
57f2dcb8-1832-4c83-a54a-e6556d51e8c6,33.99922943333333,-118.47222136666666,0,0
05635f45-21bf-4e1f-b207-080e48ba3b2b,34.042573833333336,-118.46918966666665,0,0
d6939f45-5483-43cc-ad80-c3526fed57af,34.04264583333334,-118.469224,0,0
8f792bfb-70b9-4acb-bad9-09625ee132fc,34.05627441666666,-118.4456253,0,0
0bd7e336-653b-401c-8627-98e259e50e4e,33.987209316666664,-118.46508788333334,0,0
15e9b74b-4f8a-4b73-a64d-f0e310b886be,34.043502833333335,-118.46858866666668,0,0
a00f2942-cd26-4dae-b543-0f804c8e980c,34.043468999999995,-118.46855383333335,0,0
2b5bda2e-445b-41d4-a37c-d8e018889917,34.113158,-118.31927283333334,0,0
88d5f5cf-82dd-43b3-8e20-7f50c0e770ca,33.998428350000005,-118.46066285,0,0
90716af3-4cfb-4cd0-946f-3c9367c978b3,33.99588393333333,-118.47814941666665,0,0
47d55487-e334-4bc9-b873-539af40a6325,33.98537063333333,-118.44396210000001,0,0
e9b8241f-d32a-47bc-89b5-bd6dfdc71295,33.98551178333333,-118.44398498333334,0,0
b7c5c861-077d-4890-9612-75110ba3e409,34.07842466666667,-118.26136116666666,0,0
4dfa7615-5533-418d-92d7-a979393e0f7b,33.98658371666667,-118.44192505000001,0,0
9d0d4bee-d4c0-4141-bf2a-adddf4b93a43,33.98656463333334,-118.44190216666667,0,0
54054b2a-09a1-424d-9168-0f041b314e01,33.98646545,-118.44181060000001,0,0
28c58886-2e9a-4972-a235-f5a7c83ca552,33.987518316666666,-118.47220611666668,0,0
43da919d-276b-4149-af6e-3fa8ce3bbab8,33.99000168333334,-118.4726181,0,0
18332456-dc8b-4423-a36e-beb9f6b9a786,33.99644851666667,-118.47710418333332,0,0
3d8ba06a-90af-41c7-b1d1-d473f8f1bfe9,34.097942350000004,-118.35518646666667,0,0
0135588b-912c-4f84-bebc-da83285a0e72,34.07768631666667,-118.36034393333333,0,0
36a16b2e-58df-4029-8f26-823a4cb701f2,33.99442673333333,-118.45326233333331,0,0
8dff117e-d7d8-404e-8493-f6b14157fc0e,33.99443055,-118.45323943333332,0,0
b9fb3af3-ba99-4db0-bbfc-ec8ffe56b12c,33.994422916666664,-118.45327758333333,0,0
5560f32b-e552-4155-abdb-1e50d170be72,33.99459456666667,-118.45330048333332,0,0
0bd7b787-e774-4b9b-8fd6-e91312129b71,33.99444198333333,-118.45326233333331,0,0
5564b3bd-ed6b-48a8-abd2-a4f5f7e0ccdc,34.021134999999994,-118.33145950000001,0,0
728b0cc5-1026-46b2-84cb-30bc9c0e7a48,33.98121643333333,-118.46369933333332,0,0
99ad6471-f9e5-4316-b99f-1c4971d547f7,34.03593383333334,-118.43458466666668,0,0
52426c68-25a9-4de7-af91-a0f4a900ad78,33.98125076666667,-118.46365356666665,0,0
28ff98d3-b0c8-4fc9-96e9-67e9b55ee705,34.0773735,-118.35123443333332,0,0
01796149-5bf8-4ee8-9323-d318f102e976,34.096306166666665,-118.33875516666667,0,0
6bea5d03-f7fb-498d-bf25-5c544362a98d,33.98121643333333,-118.46370696666666,0,0
64e3d244-f441-43a0-99e9-8d008d712007,33.998451233333334,-118.46067046666667,0,0
2f26afe2-0ed4-4d4a-91d3-d7ab6cedf567,34.04818343333333,-118.42482758333333,0,0
4cb6317b-f372-4617-9538-6c2d6eaac685,34.04820251666667,-118.42487335,0,0
62d5afb6-091d-405c-ba56-a2b4cc8c2cd9,34.04816436666667,-118.42484283333333,0,0
be0217d9-03ac-4154-968d-9f519ba97f88,34.04613113333333,-118.26123809999999,0,0
b2e4d85a-38dc-4b11-a613-c8854806687b,34.04800796666667,-118.42446900000002,0,0
d04a499a-cea3-479e-b8a2-6465afc6ca18,34.04798888333333,-118.42445373333334,0,0
63e0a10c-a825-471b-b9e2-49aace1a848c,34.04797633333333,-118.42467466666668,0,0
71bc0adc-b46e-498d-886d-b2721a90a8d6,34.00559998333333,-118.28854369999999,0,0
04f7e102-1f12-46e6-8e97-9a508c92d3fc,34.0397377,-118.44269561666667,0,0
02c7a1ca-d5e9-4474-b7fb-15278c0d0527,34.03989483333333,-118.44266016666667,0,0
7842512a-de55-44e3-a764-6cc66ab50b97,34.03976716666667,-118.44266233333335,0,0
16ca7f12-f5f9-4f0c-bfb5-052c59c87c63,34.039753166666664,-118.44266183333333,0,0
195c88f1-a487-4062-9f80-1e71a49ab752,34.107860566666666,-118.32516480000001,0,0
f33aa68d-1a29-4174-a659-412fd8bdab05,34.09985351666667,-118.32653808333335,0,0
a9dab913-eee8-4eac-8478-c012a53e8da4,34.0441246,-118.45336913333334,0,0
614e448e-ce2f-4c43-a1ea-6fdd3456cda8,34.06712723333333,-118.42889405,0,0
5bd23c38-1af5-4440-80ea-c168322d603d,34.06713716666666,-118.42893983333333,0,0
1d434a3c-0a7a-4b10-938d-90761d9d3807,34.06707316666667,-118.42897383333333,0,0
f22c4978-7fc7-43bb-a4cb-36ebacdab724,34.0671325,-118.42892166666667,0,0
ce1fd64d-e38f-4a1e-92ce-725a2b5008f9,34.063022616666665,-118.25202178333332,0,0
c5e5557b-8360-4f05-adc3-dd592f73bc66,34.073211666666666,-118.45486449999999,0,0
87f16478-95fb-48a3-8794-6ed03ce9fc25,34.073159499999996,-118.454816,0,0
6e56fd65-5187-44aa-bd5b-71dabe5c3dc3,34.073181149999996,-118.45485686666667,0,0
39a11cb1-a8ae-433a-b4c0-492ba0829857,34.05168151666667,-118.4464035,1,0
802f22c6-a822-48e3-a043-c234da0c1d8a,34.00086593333333,-118.46716308333335,0,0
221368a6-6b4d-4c85-8716-86eaa5764ce7,34.09525298333333,-118.32511901666666,0,0
39d1c94a-f60c-4b5c-8525-4cbb8754a0e4,34.03782271666667,-118.26222228333333,1,0
774a41cc-f81e-4285-8acf-dcd14b2a4985,34.02348708333333,-118.40335083333333,0,0
063cf673-cf4a-43a3-bef1-0ff35178dfeb,34.05748116666667,-118.44485116666668,0,0
216fdf78-3a41-442a-98ed-d3ab739a5885,34.057468416666666,-118.44482421666667,0,0
97e42de2-3250-4419-8954-9766359be29d,34.057470333333335,-118.44483833333334,0,0
9a14702b-ade7-4644-b248-c0ef1909c183,34.057517999999995,-118.44491576666665,0,0
bb249b5a-80fa-43cf-b31c-32c7f94a32c3,34.057288166666666,-118.44481733333332,0,0
73dc3a04-6035-4901-adfa-6125b2855d40,34.057279666666666,-118.44481383333331,0,0
1c6d95d8-8c13-4bb5-a81e-dfdf6f502a97,34.0665474,-118.27083588333335,0,0
79c8f513-3c6c-4f9d-bec0-e88b7c1f659c,34.02632141666666,-118.27837371666668,0,0
bf04b2a9-bfea-4e3c-9c86-b236724e61a3,34.05319595,-118.24951171666667,0,0
f3748066-f95a-4918-b2b8-2cb28dcc31b2,34.0531807,-118.24949646666667,0,0
16bdad21-82a0-4ce5-b119-2ffaa9343169,34.05640411666666,-118.44548798333332,0,0
725dfae2-b342-4f15-b637-7f6fe63f0687,34.09197235,-118.34046173333333,0,0
d9929b80-7ced-498c-95ba-483ac2d08cb5,34.05556488333333,-118.44444275,0,0
94f5dcfb-cf44-413f-952b-1e50ffb23cb0,34.055575,-118.44441316666668,0,0
4f25debf-3b27-482e-8f46-dbc7a225eca9,34.055580133333336,-118.44442748333334,0,0
f359bdc0-d383-4229-bac5-9d793f9c005f,34.034454350000004,-118.43813323333333,0,0
ed84300f-2da1-4763-858a-3bf9a73ed4f1,34.04413605,-118.24536133333335,0,0
8683926b-6fd4-42fa-a0f9-f71cdc0646ca,33.95701218333333,-118.38501739999998,0,0
3e6b0800-5637-4666-9481-04efce91ddae,34.055837333333336,-118.44333649999999,0,0
eaf407a7-9451-4953-98a1-7af23c5c20fe,34.06467438333333,-118.24924468333332,0,0
184184c2-9e1e-4b3b-8b74-a63b743dc05a,34.01644516666667,-118.25955963333332,0,0
2945da37-bec6-485e-b615-284d089e916a,34.04726791666667,-118.23521423333335,0,0
17b98238-6611-4ac2-bbf7-c5d85003a738,34.041820333333334,-118.2521155,0,0
b61e7f46-d80f-456d-ac57-ff3788a32fd3,34.04378891666667,-118.46864318333334,0,0
a1be44e0-b3b1-4867-9856-fb923b87da8f,34.047248833333335,-118.2653122,0,0
336624dc-dc4f-4dd7-b251-d65b96ff873a,34.03121948333333,-118.44225311666666,0,0
f8bc106d-d15c-421e-9430-4e0e167a7e62,34.05516433333333,-118.44186401666666,0,0
c01868c7-5dd0-4685-8861-41ba14fecf6d,34.055183416666665,-118.44181823333332,0,0
b68ee44b-eb68-4357-b606-f6fbb179e642,34.062572483333334,-118.44567108333334,0,0
716d0eab-a8d2-4f2b-a145-5bbcae3e21e1,34.062751766666665,-118.44563293333334,0,0
2b587133-a2d2-4590-b889-e3ff5058721d,34.06251283333334,-118.44572316666667,0,0
b4ffc846-11f7-4f5b-a9c4-3056f5148d3f,34.05770883333333,-118.44335816666666,0,0
0ce02e9d-b61d-4fd0-8144-5038864182b1,34.05775833333333,-118.44334411666665,0,0
e57402f6-1ddc-41a6-a417-ed67c2f418a8,34.063987733333335,-118.44209289999999,0,0
b4ea290e-550c-4938-afcb-0cc3939e3637,34.09666443333333,-118.33041381666665,0,0
fb202a39-5831-4e18-9000-6185c9e920b7,34.05564116666667,-118.43414306666666,0,0
ce50c0c5-4e3d-4464-85b5-09668f6017e0,33.98071288333333,-118.46392060000001,0,0
89a29c1f-4196-42a6-a005-d86ec5b16424,34.049144749999996,-118.24176788333334,0,0
c938daf7-a834-4bae-b7a5-cc8cff7f0048,34.04912185,-118.24172973333334,0,0
413b329b-0fed-40b4-99cf-45e06b6dbbe4,34.049026483333336,-118.24169921666667,0,0
0611c9aa-3fb1-434d-b20a-5e3929bc3262,33.969795233333336,-118.45477295,0,0
01f62267-d90c-4c85-990d-8e0d211c0f6a,33.969802849999994,-118.45475768333333,0,0
1999cafd-ec34-4d11-af54-87c0dcfee834,34.062934883333334,-118.44538116666666,0,0
0a1a55a8-4e46-401b-96a0-7abfa51aa516,33.99880218333333,-118.4321518,0,0
ddeb553b-d694-42ea-85b0-b5b4fa820a4f,34.0511322,-118.27456665,0,0
fc4e78d7-ac61-4ffa-b3d3-2ab51421354b,33.96634293333333,-118.41146088333335,0,0
724148e0-0581-43d0-a965-bec1fcfbb0f8,34.05906295,-118.27517699999999,0,0
7ad982c1-ee8b-495e-9a81-1acbb68bd01f,34.06027221666667,-118.44808196666666,0,0
a27935a7-0e17-4e5f-b35f-8bc120f1aa3f,34.044334416666665,-118.23255156666667,0,0
84c09045-4af8-4a47-bbd8-e109c7101459,34.04432296666666,-118.23258971666668,0,0
d59fbeeb-a4c5-4623-ac50-5ca5adb037be,34.04429626666667,-118.23255156666667,0,0
a0264f07-8703-44a0-b338-ec22f2d2bd8f,34.0443039,-118.2325821,0,0
681ad920-1d32-4046-93ca-c9aa7c7e5b1c,34.062707333333336,-118.44553366666666,0,0
b9233063-ec2c-4d6b-9eed-ac1ba704cbfb,34.058967583333335,-118.42148590000001,0,0
a7058220-4215-44ee-90ac-cd6c0e541a1c,34.030201000000005,-118.40378983333333,0,0
96c476e9-e57d-44bb-9197-a821b52cec82,34.05294418333334,-118.41694641666666,0,0
5ef7ac90-e2f8-4d7f-b061-5afcb83445ba,34.05296325,-118.41694641666666,0,0
80e05233-96ec-4fe2-a762-515255c14d61,34.044544216666665,-118.24477386666668,0,0
2009bf00-bc8f-4a9b-93d3-41ec3bc6cf60,34.16815948333333,-118.60801696666667,0,1
0c8507b0-798f-4dda-ad6c-587182e13604,34.049457833333335,-118.41992366666666,0,0
c9185dc4-9e8a-4522-8a5e-8750824b7bd5,34.1025467,-118.32946015,0,0
7374700b-8584-4c7e-83ba-0cce0517bf7f,33.968933099999994,-118.40579986666668,0,0
bdcc79f8-f6f7-41c5-b79e-3198a27232f4,34.027254,-118.39238849999998,0,0
ac11f1ae-306a-43f9-8990-86962880eb94,34.02725733333333,-118.39237800000001,0,0
c14375f6-0a6d-43d4-8f16-e909f1a566ec,34.02725566666666,-118.39239216666668,0,0
26809423-3608-4c92-8455-ffa5933225f5,34.0272615,-118.39237983333332,0,0
508a2a9a-8a77-4750-8b51-b7679cb359a8,34.04524633333333,-118.23619099999999,0,0
387ea524-63b6-4c8b-84c4-532a6667730e,34.03076116666667,-118.386144,0,0
e08928c0-026d-4a4d-882c-5dbbac134ce9,34.03071213333333,-118.38612364999999,0,0
01030523-75b3-4a62-9344-7faaa42ec370,34.077419283333334,-118.43997191666668,0,0
80a8152f-0441-4f3c-9bd8-4427a4ee7b1f,34.09672546666666,-118.3050232,0,0
704b653b-e26f-4b12-a5ef-ef5389e74414,34.04248046666667,-118.44924163333332,0,0
9140cc8b-4d97-4f20-91c5-e7c5b7af7b84,34.000972749999995,-118.27136993333333,1,0
5669057e-caaf-4b76-bfc4-c81e62b74c8c,34.029125216666664,-118.40333556666668,0,0
0ad03c00-1aa9-4156-b7ee-4f511e6d5954,34.03040313333334,-118.40170288333333,0,0
2b850efc-8bea-4da3-a25a-e02d25f8e078,34.030483249999996,-118.40172576666667,0,0
39167e3a-2e13-4b8c-939f-eb9576154e2a,34.0303917,-118.40171813333333,0,0
d2cd328d-c0d4-4128-8b1a-eff0639caeb4,34.030403166666666,-118.40172716666666,0,0
43ee6781-8e3e-4eae-a704-efe23ed39293,34.03032685,-118.40171813333333,0,0
10fc82b6-865f-4a69-8557-2eabdd488c79,34.03507233333333,-118.25663756666667,0,0
4b5329a9-bf85-41b3-886d-2ba81c02281c,34.06289316666666,-118.44540133333334,0,0
fa081bf8-8a87-49db-bb90-f72415cc1a3e,34.06297683333333,-118.44533538333332,0,0
982d6b93-a56c-4a84-8c76-d4e2bf602927,34.02922383333334,-118.40396016666666,0,0
6c1ad35e-513c-48c4-8713-9db1de4ca11c,34.029216766666664,-118.40398406666667,0,0
d2553efa-136f-4877-bebf-7a1cb46147ea,34.099803916666666,-118.32957458333334,0,0
14d92279-9fdc-4d75-8a1c-7315263abe58,34.029106133333336,-118.40328216666667,0,0
55c6ff06-2e89-4702-9061-557c51ec9c45,34.02914283333334,-118.403285,0,0
f17ed3c3-4dc3-4e80-ac9a-6316cf1875a8,34.02912833333333,-118.40326733333335,0,0
53b3c8de-cb05-4af9-8253-aa2023667ece,34.029137666666664,-118.40328533333334,0,0
a6afcacf-57da-443b-94e9-118890d39d82,34.01593018333333,-118.34870148333333,0,0
d8480fdd-5885-44f4-b30a-c52a77ae52ea,34.058998100000004,-118.31125641666668,0,0
869962de-5930-4c3a-9fe6-2b5956a72ce9,34.06849033333333,-118.25940700000001,0,0
7bb2d27f-734f-42ee-873a-47d588cb17ca,34.046501166666665,-118.23744201666665,0,0
8485409d-6178-437c-8c96-7e86e78ba3dd,34.09080886666666,-118.33477783333335,0,0
742dc56a-a281-4e8e-9551-f245dd346996,34.05327225,-118.24954223333334,0,0
0059e479-946b-47c7-9720-a42b25e861d4,34.042743683333335,-118.46166229999999,0,0
5a2c0f7f-8c79-4cd3-a973-1524266193d0,33.96598816666666,-118.41656493333333,0,0
6003fa60-caf1-494c-8d10-7810d9b88bc0,33.968605333333336,-118.41811416666665,0,0
15c4a961-f3f0-4d2f-9b92-5a850dc8e799,34.067169183333334,-118.24382781666667,0,0
d40cfc3e-0ee3-4529-a898-3daaa2760de3,34.038118833333336,-118.26189716666667,0,0
d44aae60-0ac3-43f5-ba4f-aa7e3b01624e,34.05723033333334,-118.30744983333334,0,0
9f60533f-109a-4e08-bf94-7f000bdbb173,34.04055405,-118.24295806666666,0,0
cf4a2cd5-375a-44de-a391-9a4e1b2f283a,33.98755645000001,-118.47207641666667,0,0
0ca34410-3a33-4add-ad93-92d973f4c362,34.085364166666665,-118.27688916666666,0,0
36abbbcc-8e3a-4667-954e-449cc62d828f,34.100408333333334,-118.33697516666668,0,0
60d7406d-aae1-4ecd-bff8-dcc968f9ffb9,34.05729675,-118.30741881666667,0,0
0bc8062b-2701-4414-882e-5a191346817e,33.945564266666665,-118.37770843333334,0,0
567b58e3-fb3f-4bd2-a69c-f6681c848c16,34.083549500000004,-118.34468078333333,0,0
ba859e1d-5840-4b90-99b9-78ba612e5c66,34.038398750000006,-118.41991424999999,0,0
f16125af-9951-4541-a8a9-c089b4b09a02,34.06285476666667,-118.4455185,0,0
5e1f582c-1321-4b2e-bb92-8f4b49504286,34.104766850000004,-118.33322143333335,0,0
b45bc45a-5df7-4a6b-bb47-5382404b7422,34.025340666666665,-118.39487183333334,0,0
56bb6995-6641-4035-9857-ad32fc4a4ae1,34.0216217,-118.40237426666665,0,0
8c9533c9-e159-4973-8f79-f9f441d4dd8b,34.02160263333334,-118.40239715000001,0,0
45155ddf-08a5-4bfa-9a70-893ce5a00b46,34.01937485,-118.40328980000001,0,0
9678f49e-418b-45d1-8c99-7c05745c42ba,34.04088333333333,-118.26484783333332,0,0
36fbf92d-c667-474f-a0d5-7938e33cc780,34.04056548333333,-118.26480865,0,0
2213ae44-6052-4796-b10c-e83903d33433,34.06213378333334,-118.44528198333335,0,0
17fbbe60-9e56-45bf-bfc3-d70c120da17a,34.06212996666667,-118.44525909999999,0,0
6023c3d1-68d2-480f-b04d-0b0d2d6adbac,34.06216833333334,-118.44519333333334,0,0
c7ba60a7-a406-4899-846b-f3456a6b146f,34.06219863333333,-118.44528961666668,0,0
463ea083-8576-4cf1-b374-0b886e958017,34.06214716666667,-118.44524016666668,0,0
651040c0-b7e4-49ce-a1a4-9bab31a2fb10,34.06124878333333,-118.4452362,0,0
29a206aa-6a03-4fc9-85d0-b8c3c1f7d6ac,34.06118011666667,-118.44532776666668,0,0
09ec3f0d-a646-494e-b31d-a1ea85252631,34.06121445,-118.44524383333334,0,0
7631a3af-da60-4880-9bde-ef45b4180739,34.06157233333333,-118.44438066666667,0,0
8e11d347-53ba-4fea-8795-17cf4b83c499,34.06150818333333,-118.44432068333332,0,0
1ddb53b9-29ec-4ba2-8e8d-01549828539d,34.10333251666667,-118.34696960000001,0,0
7111b767-680c-4d3a-98b9-7eab877f5f85,34.04803085,-118.23133086666667,1,0
0de24116-0e10-456f-a41f-a988f1667dbc,34.0605812,-118.44561768333332,0,0
9c841864-3b52-416a-89ad-590996478e7d,34.025741583333335,-118.33180236666666,0,0
ee18bd3e-7170-42f0-9674-531d858907a7,34.023983,-118.39809418333334,0,0
757054c8-fbeb-47da-88e1-accf72d25945,34.10681533333333,-118.28499603333333,0,0
c2ff787c-6afd-4237-909f-5776a05c221a,34.028202666666665,-118.42918466666667,0,0
904fd13f-bc6e-4661-a39f-68f5ffb56bc8,34.10276795,-118.28728485000002,0,0
8b068fae-8501-4f25-921f-03dd0f24c741,34.042918500000006,-118.26399033333334,0,0
cc75fb5c-158a-4155-bf45-9d6fe8631e4c,34.10009383333333,-118.33499908333333,0,0
d2bc1b72-3dc0-4b81-8e07-be57d0132f16,34.099781033333336,-118.32965088333334,0,0
d3f99a81-17de-4610-80c7-bb43dbe59bc4,34.07383216666666,-118.45273783333332,1,0
f8327205-238d-4d01-90d0-4024368c6b4c,34.0865364,-118.27241516666666,0,0
2e21eeed-5ae8-4652-b886-62a361844544,34.02211761666667,-118.40955353333332,0,0
22905c4a-0633-4848-b5e8-e1d655f1acd6,34.06830978333333,-118.44734955,0,0
422fc739-43c2-4fe7-b646-3d35845c38c0,34.10725916666667,-118.33735083333335,0,0
5fe4e2b1-c395-4ae0-9d87-7b305f4463f8,34.065249333333334,-118.45067433333334,1,0
517bc255-90f9-4434-99e9-ed442f0ee184,33.94585683333333,-118.39643300000002,0,0
4b2782f3-4296-4335-b35c-9a6f45578abc,34.0773735,-118.26172638333334,0,0
73e0bd1d-29af-432b-a7f5-ec2b2c3d21eb,34.061851499999996,-118.44664001666666,0,0
54fbfb0e-b807-4481-b96b-7f8f94c5c452,34.06181335,-118.44664765,0,0
9ff0fc4f-6e70-4a91-96a0-25bc991c057d,34.061863333333335,-118.44663933333335,0,0
681727d5-89e5-48ce-a3d6-d7068dfd1e01,34.03281403333334,-118.35269165,0,0
d86fcfb7-9593-4bbb-a039-f756bb6d494a,34.019214633333334,-118.28155518333332,0,0
1a13bbd4-ef46-49a6-976f-034f09fe3c47,34.055904383333335,-118.44371033333333,0,0
d727afd4-1535-4efd-ab09-6d319ee527be,34.02591705,-118.39816285,0,0
ba43a4de-5472-449b-b186-198f15d9df1a,34.15867996666667,-118.4815216,0,0
1fe7c300-1496-4cc3-a4f1-8bb8373b08a8,34.018959333333335,-118.40701166666668,0,0
4a240489-3f64-43e7-bb7e-d9f07a8328c0,34.018947600000004,-118.40705108333334,0,0
1c2fe350-3f20-4ad7-9222-1fb784e191c2,34.018947600000004,-118.40703583333334,0,0
325ed222-5818-40ad-a92e-1c2e939e44ea,34.04525375,-118.23780823333333,0,0
f5601e1d-81d3-4b92-9544-3f915b044c06,34.04522323333333,-118.23783111666668,0,0
a16776c8-299b-47cb-a48c-a8699282f7fa,34.0611229,-118.44709778333332,0,0
2062890c-9248-40ac-bd41-730782473c28,34.06111908333333,-118.44711303333334,0,0
4f3b4609-7a13-4057-8181-fa7c62eb22f9,34.0611229,-118.44708251666667,0,0
b7fffbe7-054a-4492-bde4-ba6dfe144392,34.06109238333333,-118.44709014999998,0,0
f0dc4ac2-b7f5-4155-a5ee-09270c0ac62d,34.09828186666667,-118.3057785,0,0
d5df4d19-7816-4f1a-a26d-b3805f131220,34.05304316666666,-118.44358416666667,0,0
839188c0-2952-44b5-9791-f529c62ba809,34.042057500000006,-118.256442,0,0
82177522-eae8-48db-9dcf-5b1eb190d5fe,34.0601921,-118.44231415,0,0
9cf560b0-5bc8-479d-91ed-bc55a7af4890,34.0602951,-118.4421997,0,0
63fd2680-22c9-4b9b-a0bb-63eeb426c5e9,34.06044033333333,-118.44222383333333,0,0
b4bceac2-14f0-4edf-b13d-65a79b0151cd,34.060348516666664,-118.44223021666667,0,0
b1e0f66a-8f58-44b9-b4af-8ed1ed1cfcd3,34.00797633333333,-118.42629066666665,0,0
ee591cb3-bcea-4491-9867-b68fc9e328fb,34.03935241666667,-118.39443206666668,0,0
63dcb119-14fb-4c22-8320-855582afa849,34.03976058333333,-118.26635741666665,0,0
9a2a9f3c-c651-4107-a999-09bdfa227d30,34.04516601666667,-118.26018524999999,0,0
f32a7a4e-07b6-4d11-9b0d-b668a4b83843,34.028369833333336,-118.39699233333334,0,0
92a9b3b8-1ec6-443a-85d0-b08b55aec2c2,34.0512085,-118.26804351666667,0,0
8caa9bc0-de57-4dfc-b25c-eee608e1c7ca,34.02427673333333,-118.40283203333333,0,0
e8989d2c-4759-4ad3-ad7f-08941f420e54,34.02425385,-118.40281676666667,0,0
160de214-eced-4fad-8388-0aaf13306910,34.02428436666666,-118.40280915,0,0
299c05d8-4287-4d13-b151-cccc155488e0,34.02428116666667,-118.40282116666667,0,0
3001babc-474e-4f56-a81d-b3dc759c00cb,34.075668666666665,-118.45543016666667,0,0
d9a4a760-6658-44c7-be4e-be934b6131b4,34.0440979,-118.25128936666667,0,0
fbd7d90a-78fa-40c4-8307-1f36f3d4d1ce,34.022544866666664,-118.40568541666669,0,0
8cd4f2ff-2bdf-44c5-83b4-37abab2e6c49,34.04496666666667,-118.26350633333335,0,0
ccc59a0a-abf8-43b3-a0ca-a806634cf1d1,34.036132816666665,-118.45542908333333,0,0
7f98eccb-9147-416f-9bd4-bd1ab39d5623,34.03613663333333,-118.45550536666666,0,0
89b5df30-af8b-4916-bffd-29f62501488c,34.03617096666667,-118.45549011666665,0,0
7bb2e307-635c-4586-847e-a255e0317fcf,34.042099,-118.46026611666666,0,0
3c6239c2-bdb8-4c24-be44-7a15301a5187,34.10157013333333,-118.35093688333333,0,0
146cfa14-4dda-445e-a86c-c5bd098228f1,34.150882716666665,-118.44370269999999,0,0
39e046ce-f5c2-42fb-947d-87822262a485,34.051253333333335,-118.25081116666667,0,0
05532f31-7b0c-4a8d-a635-d1dab5d8e006,34.0327568,-118.4526825,0,0
b1a15e21-d8e8-4d4f-8861-a2b803fd22e8,34.032772066666666,-118.45274353333335,0,0
7577f8a9-ba3d-41fe-9cd5-83e094420251,34.032798766666666,-118.45271301666668,0,0
6b59a9a0-e991-4d8b-9c8a-22c6105fdd4f,34.02765,-118.40975766666666,0,0
35f43cdd-9e7a-4135-8c31-4dd3b830303d,34.027640166666664,-118.40975599999999,0,0
18e95b7d-88d6-4fa8-b073-5dcabf4c0f36,34.032635166666665,-118.33547566666667,0,0
3e584c98-ebf2-483b-ae62-03bbe216e0af,34.032684333333336,-118.33542633333333,0,0
9182bf01-d834-4c7b-b874-84b81f79822f,34.041774749999995,-118.25466918333335,0,0
b66eb52c-0154-4fb3-834f-dbcf239d1672,34.04954146666667,-118.24183655,0,0
97ab6aee-c938-45ce-aaab-04df4753325d,34.166694633333336,-118.46878815,1,0
bfcb34a7-7f5e-43bf-abc3-044a9a88f9ae,34.04952621666666,-118.24179076666665,0,0
ee9ed9f4-0db6-491b-9de2-e028490a9389,34.069751733333334,-118.27651214999999,0,0
c72febed-a914-43ae-a718-6cebb7434520,34.04564666666667,-118.26287841666665,0,0
d12434f4-7030-42fa-85e8-61d344ee67a1,34.05461883333333,-118.44241333333333,0,0
b79843b4-b7fe-4acf-96b9-33de383cb62b,34.002904333333326,-118.45786683333333,0,0
5acfce39-0947-4054-91ab-18d907fbfa03,34.028070166666666,-118.27626416666665,0,0
242de25a-4511-4481-88dd-d24130e2d39c,34.03704453333333,-118.22161865000001,0,0
fc33601c-78e7-4d82-82ed-68046006bb54,34.04164505000001,-118.25474548333335,0,0
09b7ae82-ea3b-4ace-aa1d-91a247abd2c6,33.94596683333334,-118.39595316666667,0,0
ebe20433-96c0-4c17-9a64-408066ef56ce,34.04162598333333,-118.25120545,0,0
c24c80a1-6183-4347-b57d-4a0e39741ba3,34.099685666666666,-118.33265686666667,0,0
4fc92301-0313-4414-92ef-cbdf11078347,34.0227089,-118.33488465,0,0
30226856-4994-44ac-9fe7-58c58800306b,34.04807566666667,-118.45401833333332,1,0
c2583495-bf87-4576-aaf8-ee0d62963c12,33.99990845,-118.47047425000001,0,0
25436b44-d2ee-43cd-a2a8-c98e387fba9d,34.030933383333334,-118.32632446666666,0,0
cdd082f8-4e3e-4b3d-8b74-66a929cf556a,33.96599196666667,-118.41655731666667,0,0
b7b61806-9952-4558-bdef-2120bb49e8a9,33.99931335,-118.4419632,0,0
5528d4c0-4044-405f-b95b-366f71051017,34.025077816666666,-118.27867126666666,0,0
5a54a07b-5cd2-459b-97c1-746079036913,34.098728183333336,-118.33763123333334,0,0
6fcf3dce-9b42-4eec-a2c3-9501a49e58b8,34.0346675,-118.231628,0,0
7b080d95-765b-47bb-89fd-11bed6f1bece,33.99721145,-118.44619751666666,0,0
d61737cd-5ef0-4d05-9695-546584d6ffac,33.997198166666664,-118.44616916666668,0,0
8b684766-2356-44f6-aa47-dde6a41e68c7,33.99720001666667,-118.44621276666666,0,0
a41a8b9d-3c8a-4c36-9e8d-01a5ab650c34,34.01181411666666,-118.41991424999999,0,0
202b036e-f4fa-4dfe-a766-4866c197030d,34.01180648333333,-118.41992188333333,0,0
0b0c1943-bfac-49f5-950f-3c7e71d21872,34.011798866666666,-118.41992188333333,0,0
5982464b-0b75-4b3b-8679-b1a124c91218,34.01184081666667,-118.41992950000001,0,0
d742f941-8fe9-46a1-a3da-56dd4fc3d751,34.01184463333333,-118.41993713333335,0,0
e09d6b86-da9a-47ac-a46b-df520106d3b7,34.02869033333333,-118.39974213333335,0,0
a0999344-e629-4a15-b3ae-29c4bfc73ae2,33.996898650000006,-118.45832825000001,0,0
ca662c6d-8e11-417d-84a2-07d591f94c68,34.149524166666666,-118.43955516666668,0,0
e78a26f5-8bb7-4a51-a436-56a32925ea01,34.14957046666667,-118.43959045000001,0,0
462f0ece-52ba-4fb4-a364-5bda0d0d0998,34.14954816666667,-118.43956633333333,0,0
e53304c8-ccb1-473f-9c7b-08050cdabea1,34.05405426666667,-118.24640655,0,0
748969b6-8f6c-4bf0-9457-155b2dcc6035,34.038955683333334,-118.26422118333333,0,0
abfb6aa5-4f8c-4f89-801e-80e2861907e2,34.06095886666667,-118.44738006666667,0,0
98522471-a732-4e4b-97c6-9c702fb6e5e7,34.01418266666667,-118.29484483333333,0,0
495b6d89-6e73-4e66-94b3-090bdfa5c3ec,33.98002243333334,-118.46545409999999,0,0
d78f1ddf-6d2c-40c4-aad7-95f21b2ec258,34.06280518333333,-118.44429778333333,1,0
5138214b-1f19-4d6b-8f19-68f96c0aad85,34.077484133333336,-118.43959808333332,0,0
a4785a48-b957-4759-9d59-1fd947fb78e9,34.0251236,-118.33063506666667,0,0
07251091-e156-43f3-b924-10203e5bf3f5,34.057022100000005,-118.44637298333333,0,0
89202325-fd75-4852-8568-fb0d3fc05036,34.04573058333334,-118.24944305,0,0
e8870466-a8d3-4400-be1e-aecbcfb8242e,34.0062294,-118.42940521666667,0,0
597ea99a-eab3-45a9-b88c-611f66e2c627,34.0062027,-118.42940521666667,0,0
284f7edd-043e-4bc8-ac99-5fa18d3b3605,34.00619716666667,-118.42937066666667,0,0
0bd25b17-540d-489f-8f7c-151d68616ccf,34.0062027,-118.42939758333333,0,0
dea310fb-3d24-42f8-8d98-aab358e5f4bf,34.00622176666666,-118.42938995000002,0,0
c1d96822-ea10-4471-bdd4-4801500f67b3,34.04585483333334,-118.24919016666666,0,0
1bc66588-a5a2-4b87-a0b3-2139be1ddfb6,34.073997500000004,-118.25205993333333,0,0
f902e5fc-ef40-42d2-8390-bb9f8427e2d5,34.104282383333334,-118.29955291666666,0,0
d0e5c8be-9230-45d8-ada7-ea3eac8d85c5,34.02370453333333,-118.28352356666667,0,0
aff5e1e4-6c59-4130-862f-c0e0abcd29c3,34.04524833333333,-118.23736866666668,0,0
111c4883-6748-4cb1-a601-0328e40ea66f,33.96851348333333,-118.45790863333335,0,0
8eb138cc-89d8-41b9-948d-97d009dfc654,34.19039535,-118.54492188333333,0,0
9973fd4c-e110-4123-894e-3b53f6bbc51c,34.03843688333333,-118.23270416666668,0,0
f0c5a992-f3be-45e8-811b-6c4518d27f53,34.03848266666667,-118.23266933333335,0,0
dd2e9be2-090f-4df9-8c6d-d373b68b90cf,34.100399016666664,-118.32944488333332,0,0
4d49bf1e-855e-44ff-a729-601dd186de96,33.94615183333334,-118.38491816666668,0,0
92b23072-bd23-4658-ad0f-711cfd53b903,34.04593276666667,-118.23580933333332,0,0
baf328bf-cbc2-4797-9f82-a10ebe326427,34.041120666666664,-118.25212716666668,0,0
f5f7ef2f-f8cc-4d1f-ab6f-cb519ca8e38a,34.08558066666667,-118.34509233333334,0,0
d1ae25d7-f1d6-4797-9574-5eb0e2ec4535,34.08374786666666,-118.3524704,0,0
5f7a9b77-1a0e-4ed1-a70b-57f16de87500,34.039613333333335,-118.25467283333334,0,0
8a7148c4-51b2-4c89-a6e5-69eda5e7e035,34.042533000000006,-118.26360233333335,0,0
5c3a407b-19b3-4469-a4cf-c09780738ac6,34.0841217,-118.32783508333333,0,0
840da78d-b558-4bea-9ceb-40c41ac0dc86,34.05452728333333,-118.24958801666668,1,0
be58aa13-a40c-4004-87be-648e5e6dfc66,34.099959166666665,-118.28042283333335,0,0
6b66b01d-0ace-47b7-8dc5-28f770d8d3aa,34.044013983333336,-118.25440216666667,1,0
ca3ee6bb-48f9-4abd-b5cd-e912b5bda13c,34.04112516666667,-118.25735683333332,0,0
ac1bb464-b5d7-49ac-806e-d5d44e1e5fff,34.03528213333333,-118.28474426666668,0,0
f9db4e13-8bc6-4c46-8570-ba8ebe82441c,34.08449555,-118.36281585,0,0
a49f5f42-1937-4b57-b06b-bd19e353d8d1,34.05332946666667,-118.24932098333332,0,0
8f8c2087-dd8c-4c43-a008-a0eec72fd698,34.046352383333335,-118.34485626666668,0,0
b36a2440-e608-4863-b5a9-5c89d7a658ee,34.14511108333333,-118.41409301666665,0,0
2df6a358-71dd-40e4-9a7e-b6987b79774b,34.14507675,-118.41407776666668,0,0
a475433f-0f1f-41f0-9263-1187cd25c604,34.0611,-118.44744110000002,0,0
66f5b3ab-a14c-48c1-8da0-97d69b9706ce,34.04552078333334,-118.28276061666665,0,0
a6c79bdc-5df7-4ffa-912d-899ce21bcc32,34.02754211666667,-118.40999603333333,0,0
6b597952-97ad-46b4-bc82-899bb7032381,34.15155791666667,-118.44838714999999,0,0
fb5f8322-361d-40a7-851f-b4054d5bfe1f,34.10033033333333,-118.33694433333334,0,0
7d944bb3-096a-44bf-a06b-b03b077bd853,34.01391983333333,-118.29655456666666,0,0
aff1e899-0c35-4153-8156-6118d97e0631,33.96172715,-118.42060851666665,0,0
a324c91e-f3a2-4e93-a802-f72f1911a781,34.03653716666667,-118.35588836666666,0,0
eb6a8624-941f-46eb-ae4e-3f073003a2be,34.15354156666667,-118.45734405,0,0
5f578ce0-8240-4fa2-92d3-32a6a7c772ad,34.15353393333333,-118.45736695,0,0
25f9075c-dfc8-4bc6-b040-ebc81a339e0e,34.108669283333334,-118.30977630000001,0,0
8eaed8f9-33fa-4cb8-950c-c82457998682,34.15232086666666,-118.44658661666666,0,0
8c5d8bbb-d65e-4dd4-885a-99e651311478,34.0651474,-118.45153045,0,0
e71b0118-ac74-4837-925f-8b66481090fb,34.061836250000006,-118.44773865,0,0
56f96ef2-e71a-4a91-a8ed-9960d7619c06,34.082466133333334,-118.25669098333334,0,0
7c8c9b0d-adc4-4f55-b727-c43f3ca4997d,34.060417183333335,-118.34537506666666,0,0
4534dd34-957b-47db-8413-009081d3b45b,34.07810593333333,-118.31700896666668,0,0
f1a2a92b-5974-41d5-ac1f-23d6c410a9f9,34.05997850000001,-118.41429616666667,0,0
5b275146-3d9a-4a98-a952-a2179ebca689,34.003711700000004,-118.45863341666667,0,0
3111f128-2039-4408-ae17-ef5d9a5d291e,34.10836833333334,-118.32371233333333,0,0
1b34a782-b30d-4a33-94bc-40354cff78a5,34.089229583333335,-118.34282685000001,0,0
9dfa5f1e-f725-4bf9-8e7f-282897362669,34.07237383333334,-118.36010983333333,0,0
a756c378-d365-4663-9fa3-8e3f576351ef,34.06185833333333,-118.30874716666668,1,0
bf951ce3-0c8e-4842-99e2-3ec4dd120800,34.10372925,-118.32790375,0,0
086ede6a-87e0-495f-8452-135199f2cce8,34.14733886666667,-118.46620941666667,0,0
379ee139-832e-45f4-8078-2afeae248456,34.0615895,-118.27912916666668,0,0
f2389541-8e86-4a7b-b2f0-07fcff069ec1,34.224748,-118.458491,0,0
818b454a-4d73-4c46-af0f-19db93b0802a,34.04236221666667,-118.44358063333333,0,0
abe305ca-3ae4-4b37-b9a0-2a3b2e50c3ff,34.0640831,-118.2452774,0,0
4df6cbb7-aba6-42a7-b0e0-ea92f40dd517,34.04724121666666,-118.23510741666665,0,0
6a941527-d5e1-4425-afbf-012b4b730475,34.044693,-118.21891785000001,0,0
0e927f26-879b-4290-8d75-b8daba893a11,34.04926116666666,-118.23385416666666,0,0
14f0b87b-e2dd-4461-88d1-50187d77c47c,34.04912566666667,-118.23384856666668,0,0
c8e25a54-6fc1-4cea-8504-4f82367298ac,34.04926233333333,-118.23384233333333,0,0
6ae045db-41cd-46a7-af3f-2553ce8fc478,34.090995783333334,-118.32675171666666,0,0
5576556e-4162-4915-bc63-5095961972c4,34.067977899999995,-118.44648743333333,0,0
4173ed37-7244-4524-85e1-62b0f7734943,34.02392196666666,-118.21475219999999,0,0
7fad6e91-69c7-4181-9551-f0134d067375,34.076492316666666,-118.35537719999999,0,0
49e71019-5ed0-4515-843a-fcd612fc6589,34.101757049999996,-118.30761718333333,0,0
ad6c38b7-123d-4567-98aa-eb445d79e040,34.05265045,-118.23209381666666,0,0
7d81c095-709f-4e03-a587-451245ea13d1,34.09981536666667,-118.33777618333333,0,0
4778e882-1667-4183-a014-91db39775193,34.05972671666667,-118.29460906666667,0,0
f4d83d29-862a-439d-9fdd-db8e0b5ece5f,34.10572815,-118.33340453333334,0,0
def2fd4a-2580-41f4-90fa-3f8888b9f032,34.05947113333333,-118.44557189999999,0,0
e17d21fb-56cc-463d-bba5-7bae5c22b8a0,34.172248833333335,-118.40084076666666,0,0
9f2477b4-4af1-4901-9ab1-007891cb75ea,34.03725016666667,-118.26735033333334,0,0
93982056-197c-442b-9d16-29fa5213758c,34.05099106666667,-118.23301696666667,0,0
55b0590c-e86a-4f3f-91cb-d21f5045626e,33.99393845,-118.43958281666667,0,0
a6fc812d-9e49-46e0-9057-1566a99e9eb2,34.00013833333333,-118.26585250000001,0,0
dcd785a9-1e1b-475e-aa25-1e129ac9fe34,34.049385066666666,-118.23966216666668,0,0
5c72212c-e4e8-4eab-85e8-d1b666b5e33f,34.0101204,-118.42333221666668,0,0
e457d367-faa1-4381-9415-e86f35e68a5c,34.093078616666666,-118.32219696666668,0,0
96cade2c-7f21-4ee6-a3b9-7196dcdf65f4,34.071586616666664,-118.23037719999999,0,0
217e7080-a760-48e4-a348-8bd2b513519f,34.05688858333333,-118.23657989999998,0,0
953da75b-c17e-4db8-b29f-e66c8f217804,34.04391098333333,-118.2612915,0,0
7efa21ea-1dd6-44ac-bbc2-5f3622630da6,33.963169099999995,-118.41947173333334,0,0
d442421a-4b90-4f18-ac15-1e569bffd886,34.061428066666664,-118.44633483333334,0,0
88963d92-67b8-47f3-89d9-f362d87f1387,34.09615326666667,-118.2843399,0,0
a4b3c750-e8fb-41b2-8769-8184810905f1,34.06041733333333,-118.44678566666668,0,0
d796c7c9-1f81-45c1-b722-0eaeb31c1fdf,34.086910249999995,-118.28878785,0,0
6ce61244-fd52-48ed-a9b4-7fa334de7f21,34.037910466666666,-118.32982635000002,0,0
e516ab82-98d8-4990-b4c3-3f354fbbc292,34.05702591666667,-118.25888824999998,0,0
d879f29e-31f2-48d6-8351-c0dcd1e1a9a5,34.052247666666666,-118.22025183333332,0,0
a9bb5844-239c-444c-b6ad-a91eab4bb08d,34.0917778,-118.28388976666665,0,0
36629134-1787-4057-9c96-93b32022fbab,34.10450745,-118.34904479999999,0,0
47a4d039-6886-4f86-b41c-64593e8d55b5,33.99723816666666,-118.47588348333332,0,0
1ccbed47-1557-48e5-b516-d6d807554ad4,33.945384983333334,-118.38141631666667,0,0
ca61b22e-c3b0-46a2-9b78-ff6136c28fe4,33.94534016666667,-118.38138116666666,0,0
945e9c38-8603-4a61-99b6-1f6ac3a3f83c,34.15278243333333,-118.45189666666666,0,0
42132686-61ca-4ae7-803e-30c9422a26d3,34.00952911666666,-118.33937073333333,0,0
e677a209-fa22-45d2-94a6-c58a209605ed,34.059299333333335,-118.44540633333332,0,0
04b6b422-ca33-43b0-9f5a-a98638c3b1ac,34.12133788333333,-118.30071258333334,0,0
58365cff-2838-41bf-9355-6f486cd3214b,34.03152465,-118.44547271666667,1,0
07074b88-9a9f-426d-9b16-365ce62f4bb2,34.100377333333334,-118.32529333333332,0,0
102739c9-cb96-4932-a485-9f22a4667aaf,34.0016098,-118.47103118333334,0,0
d18c86be-e736-46d2-8ed4-1dccfa7c8495,34.100448666666665,-118.32526283333333,0,0
0ba263f4-7a57-4d83-9cc2-181249c23ab1,34.0182457,-118.40912628333332,0,0
f99a4a41-8969-4d5f-89ee-520bbe1c4e08,34.00042716666667,-118.40219183333332,0,0
ce463775-1cf7-404a-b878-4a68d24a27b2,34.09810256666666,-118.3289032,0,0
785b0f2d-a451-4014-89f7-7a88ac63056b,34.054023750000006,-118.27098083333334,0,0
28bd957e-6a8e-4fe9-a0b6-aae6966cd11c,34.01325633333333,-118.27917683333332,0,0
f6831291-2aff-4dcf-9fbf-019a703733cf,34.04935836666667,-118.24378966666667,0,0
ed3fd40f-15db-471f-a2b4-1b1cccaa8f74,34.096408849999996,-118.34158324999999,0,0
ea952680-b508-4923-b663-801531b7952d,34.043892166666666,-118.27504616666666,0,0
f8e8ac51-5b25-42de-ba19-af39c9764d98,34.04396438333333,-118.27510833333332,0,0
55ac6604-b52d-43d2-8a50-916ecf834c0d,34.04406083333333,-118.25175416666667,0,0
3382d4d8-122a-4f52-ae57-5f6f01f66ee6,34.03829283333334,-118.28032266666666,0,0
6bc71099-3381-4d90-8dd0-be3900117aa6,34.01935196666667,-118.29357909999999,0,0
3e4499be-7635-48f9-b0c2-b6ebd263d899,34.10179816666667,-118.29997433333334,0,0
601010db-8d43-4ef9-acf6-e8b01630c0b7,34.08398818333333,-118.36162566666665,0,0
e487afd1-b9ad-4a60-8d95-1085b1e1e6ea,34.04535833333333,-118.26612133333334,1,0
327ae6c4-3309-4fbd-b3d8-8f52555f3fc5,34.080307,-118.35347748333334,0,0
275c0a91-e03d-4c4b-8fa5-6c281c14d469,33.98650741666667,-118.47077941666666,0,0
8790e8ef-0c54-4409-a72c-e9235a802165,33.98654175,-118.47070313333333,0,0
be9ccfda-4fc5-4fe5-b335-a48bf9b793e3,34.041576383333336,-118.23396301666668,0,0
66114cfb-7871-459c-9871-af548a23da0e,34.04999933333333,-118.24264533333334,0,0
1655444e-a21d-4b8d-8076-350fafbe0c15,34.041552833333334,-118.25181616666666,0,0
b1d1fb62-d0b2-45f4-9aec-35e2b2226179,34.04215466666667,-118.22293033333332,0,0
b31c2ee8-2d06-4de9-830c-7ec83f64f3a8,34.06274795,-118.25877379999999,0,0
c088186c-c506-4725-8055-5a7d9a6c76a4,34.00649261666667,-118.27959441666665,0,0
0da8a0d7-8df9-4ea1-a224-39a9d86d9c2d,34.03318023333333,-118.36662291666669,0,0
d9554534-f25f-405f-8d68-a7b67e053f60,34.03318786666667,-118.3666153,0,0
973cc11d-da97-4a51-be3c-9bbd93177b67,34.07214316666667,-118.28266016666666,0,0
4e9759a3-993b-4448-be04-a1811f45a508,34.10287856666666,-118.3237915,0,0
2d1a89f9-82a6-4b97-a341-9212dfeb8456,34.19801711666666,-118.4473114,0,0
d95ad494-742e-4cc7-915a-79e9a4b07827,34.03540038333333,-118.29840088333334,0,0
7629a4dd-f550-4641-8c7b-9d2bbf45bc5a,34.044006350000004,-118.2612915,0,0
0f8a747b-78db-44b8-87ff-75387c0ac353,34.166484833333335,-118.39938355000001,0,0
2176cecc-cc04-484e-8462-7f9f549feaec,33.981742866666664,-118.46296691666666,0,0
0b5d5c73-802f-4b8e-938a-f44a3564879a,34.07423781666667,-118.25222778333334,0,0
e393bb84-45d1-43fc-8c18-18839d822733,34.0447731,-118.25749206666666,0,0
8e260e84-a90f-4770-90a9-205fad29cc92,34.04281616666666,-118.26425933333333,0,0
5ab9fae4-f3cd-4c9e-846c-87eba92cce2d,34.03554535,-118.433815,0,0
a3ecf24f-0cbb-4e2a-bacc-aa482d7c5b1f,34.047113833333334,-118.25007366666665,1,0
574b87b2-3789-46b9-8ef1-69e0d1c2c5bb,34.048664099999996,-118.28529358333331,1,0
8b13ab9e-eba1-4a9e-bf0e-e3292c6d3067,34.03429795,-118.41056823333332,0,0
592924e4-3f56-47fc-84f4-d2c0b1dcfb18,33.98792266666667,-118.47126770000001,0,0
4f61a72f-488e-4d2a-934e-a573bd16eb31,33.94550323333333,-118.37329864999998,0,0
7e9ddec7-d57a-4c8e-af25-43f93f047d18,34.11755371666666,-118.32165526666668,0,0
3a23fca7-da5e-4d08-8202-64da08271d97,33.94563133333334,-118.37105933333332,0,0
a9cf8e6d-a5ce-4203-a5f9-6445619e484d,34.01430893333334,-118.42190551666665,0,0
67746b7f-0a21-4f80-b973-25dd4d2a9c02,33.999469999999995,-118.43944349999998,0,0
11a91841-2eb7-440f-8420-d6dc023605d9,34.01709746666667,-118.41374206666666,0,0
e943b789-bc45-431f-ba8c-6cdb21d36df9,34.04032516666667,-118.26757813333333,0,0
07d9ef01-c409-4b73-b9e5-2d9d23c30859,33.998127999999994,-118.45838916666668,0,0
3cf584dc-3750-4d2f-89cc-d0f2399f1b1a,34.04029465,-118.26760101666666,0,0
e13ea7c0-e919-497f-8e27-7099ec95d735,34.04083251666667,-118.44224548333335,0,0
bc4d5bab-1c68-485c-986b-4d116115579e,33.989677433333334,-118.46390533333333,0,0
7a098f2c-f420-4d4b-ac1c-6035c0421d15,33.98968125,-118.46387481666667,0,0
2105f896-518f-418f-a087-49651f3942b2,34.00746155,-118.28891753333333,0,0
74d0db8d-a202-4faa-a3f2-ddb87153828f,34.02521515,-118.39499665,0,0
6d1ae52c-aa75-44e8-91fa-9cb56ba32942,34.1640545,-118.51841416666666,0,0
04431813-9a2b-47ad-a376-8a796d3c396d,34.03821563333334,-118.21827698333333,0,0
c0ea4337-889f-4e3e-aed2-5b036970790d,34.028621666666666,-118.40298461666667,0,0
c4a34138-bcb0-4015-9489-996d0ba5f273,34.02680206666666,-118.28601836666667,0,0
7a3ad5b1-1baf-471d-96a8-c3a61b403d10,34.03468133333333,-118.23179649999999,0,0
719d18e2-f191-456e-9d46-1cb796ce24e2,34.0401095,-118.44308416666667,0,0
e8ae00a6-43ec-4fef-816c-213dfdc5ed62,34.08728026666667,-118.33007813333333,0,0
efab859c-509b-4ac2-97e4-b75f7ce64b03,33.9598198,-118.43567656666667,0,0
741f2420-810f-486f-a5ff-9c57aa1355ca,33.95980071666667,-118.43569946666666,0,0
dac83367-65aa-435d-a2b0-f9fad099aace,33.95980453333333,-118.43567656666667,0,0
583fd104-cb56-4e5c-9a67-afb069d0f469,33.95986166666667,-118.43542033333333,0,0
5c182e85-3fa5-4d95-a74d-cd12840e2fbe,33.959694666666664,-118.43578633333333,0,0
a44609fd-6599-4779-ba34-17636b60257a,34.006359100000005,-118.36306763333332,0,0
972b881a-e95b-40f4-a386-ec4eb267f37c,34.023033149999996,-118.29308318333332,0,0
8730fbca-2d78-4a65-93d6-bcb13cb5f732,34.04597091666667,-118.26466370000001,0,0
5f64bbb9-835e-4f67-9082-3dd8f4cb85ac,34.06035995,-118.44673919999998,0,0
5c43a4fd-d387-4fae-b7db-eab6f243506e,33.95967483333333,-118.42830658333332,0,0
82b1828e-f423-4d16-9ff8-afaa5df3278e,33.95967865,-118.42834473333332,0,0
a7dbff2d-d8e7-4534-b6a1-8836cec46f22,33.9905014,-118.4657135,0,0
cffdffea-b125-48eb-81d9-9bb077180a7b,34.06887055,-118.24718475,0,0
7e38c156-0cb9-4cef-af62-c8ba6ffe0bcb,34.04444121666667,-118.46633911666667,0,0
f600cd2e-5f11-4e66-b17f-acfa14109b4a,34.076450349999995,-118.35643004999999,0,0
023a39e5-2998-486c-82e6-07367c00f894,34.07647323333333,-118.35641480000001,0,0
336f59fb-d044-490f-b21b-4a3940aafd04,34.09432601666666,-118.33847046666666,0,0
b12b1ac2-37c7-46cb-9758-6e01262bfb7d,34.08306121666667,-118.34619140000001,0,0
af320c69-d3ef-47f7-8743-9508d4977b45,34.09400516666667,-118.30830749999998,0,0
28357688-d225-49e2-90c1-653e6ce4f489,34.07611083333334,-118.28166961666666,0,0
6a2065fd-ca80-436b-9f51-f72119dd481e,34.05108643333333,-118.23294830000002,0,0
16a6e0a5-b326-474e-af55-573ee36c8bda,34.041965483333335,-118.23403168333334,0,0
da5be2fe-8ea8-4cb7-8c1a-e0fd235dc3cc,34.10336683333333,-118.34773633333334,0,0
55e2c65e-c92d-4556-9c1e-f09f18944479,34.179319166666666,-118.42974116666667,0,0
ccbbdc22-7723-4e0d-83b3-e4ba25c3845a,33.992504116666666,-118.43909455,0,0
056b4e4d-1421-466a-b9f8-185cbbe1831b,34.076553350000005,-118.3237915,0,0
5a08871e-69c2-46df-9d76-ae784826a5c0,34.03007483333333,-118.29171916666668,0,0
41eadbbd-f67c-498f-886e-7e9fc94b00b8,33.952571866666666,-118.38558196666666,0,0
6b5cbc7c-969d-4cef-9813-7b7588c1a817,33.952560416666664,-118.38565063333333,0,0
fa2a0ddb-4a37-4ba6-aa25-88607e7eeba7,33.95251846666667,-118.3856659,0,0
d3bf5691-e404-43f1-ac93-7a146d726537,33.952544333333336,-118.38560783333332,0,0
8f044b93-8853-445a-9e55-20e93fa9ee92,33.9525261,-118.38563538333334,0,0
560e6dd8-c85d-452d-8042-1392cd46081b,33.989917750000004,-118.4637146,0,0
b0e27c41-e40f-408a-a14e-fddc166e15b1,34.103404999999995,-118.34790801666668,0,0
c8b34153-8ba4-42c2-a082-158286de99c8,34.05176163333333,-118.26359558333334,0,0
20e09503-575c-4dc7-b768-d7a6dc4dc7ee,34.14554976666667,-118.43060303333331,0,0
0d4e3fd6-b053-497c-9ab1-86bad102347f,34.032733916666665,-118.32800293333334,0,0
67bef970-ba4f-4e1e-ae7f-272c43c98d0e,34.09820166666667,-118.31672566666666,0,0
4ea33a9d-11bf-4383-ad9c-65843d5c0bc6,34.09994888333333,-118.32967376666666,0,0
c5d92289-5d7f-49b1-a3df-273ccae155a0,34.045051566666665,-118.27030181666666,0,0
7ab54a50-74bd-42bf-b68f-74c745293911,34.10038756666667,-118.3394165,0,0
58eb7ee1-6191-47fd-b43f-63eadd2e31e9,33.991096500000005,-118.47048949999999,0,0
939180e1-d73c-4590-898b-d6e10f0232c6,34.07375335,-118.43962096666668,0,0
81338997-1673-42a6-b4a3-6c7f453d3837,34.0961235,-118.32655933333332,0,0
ba2ad279-75d2-4534-abf1-423340f25e40,34.03827285,-118.23403168333334,0,0
ec3101b6-073f-4883-bdf7-f98a3f31043f,33.99151993333333,-118.46972656666667,0,0
599a87c4-6375-4011-81e6-e974ee0817dc,34.01424026666667,-118.28535461666667,1,0
0e98a683-60cd-4534-9895-ffb024c5d484,34.018219,-118.25360870000002,0,0
6b60a7ae-fd5d-43b9-90cf-54d2f55c8e5c,34.02911376666667,-118.40325928333331,0,0
6ab81995-e27e-4b48-84ea-d1b44d0d34bd,33.990654,-118.28437805,0,0
84d6741b-6688-464d-85b2-fe4e82d20891,34.08422851666667,-118.36122894999998,0,0
a829ad77-39e3-426f-84d7-444b85cf965d,34.056535833333335,-118.46534216666666,0,0
e1028aa8-7ef8-4c48-802c-fb5d6a8942a5,34.09522246666667,-118.32427978333332,0,0
f5a84c33-bd24-4710-b2b9-61dd191e6132,33.9962875,-118.46698266666665,0,0
c4bbc113-cec7-48ca-a32b-bcd9fd197d16,34.00011063333333,-118.46565246666665,0,0
c1cd9716-efe5-4155-a69c-933207b85591,34.00094223333333,-118.46935271666668,0,0
60b01581-17de-4f05-a35d-a538fcb6ea88,34.00095748333333,-118.46936798333333,0,0
3f05c955-b60e-4fcd-a7c1-989403885514,34.03748321666667,-118.25318145000001,0,0
afda95e0-f43a-48b6-930b-ec3057655ec8,34.03745983333333,-118.25316583333333,0,0
fe31c8ea-0646-4b78-bd2f-27f003e03751,34.04885101666667,-118.23783111666668,0,0
fa234fed-8cb3-4e5e-8be5-b5116cc05621,34.06885528333333,-118.32454681666668,0,0
ac187186-03a5-4403-a970-746af32dfb6c,34.08166503333334,-118.32337188333334,0,0
3fc1dc4d-799d-4876-b795-2f53fca0870a,34.09853216666667,-118.32882983333333,0,0
508aea54-f95e-4486-b3cd-e0df126abcfe,34.059005733333336,-118.23925018333333,0,0
a0c5de8d-8a04-4bd2-a9b6-4571c318e343,34.06915665,-118.30606078333334,0,0
41a03444-bff6-4e55-9887-5eed734f46ec,33.95837021666667,-118.43935394999998,0,0
4dece7d0-7585-4ca4-a7d3-d38984798d8d,34.03912353333333,-118.38809966666668,0,0
0010ae60-c051-4b9c-bfed-7c9138c3f86d,34.069059833333334,-118.327184,0,0
9a983c8a-8847-476e-911c-293c9c4055ae,34.05047226666667,-118.23652648333334,0,0
5ff59c76-9503-4884-8716-5b8aef2581e0,34.05603933333334,-118.23769266666667,0,0
e8c81891-015e-4851-8daf-9c1aa59b2e1e,33.99463653333333,-118.46416473333332,0,0
0a586d88-d773-4e9c-993b-761d66305729,34.098373333333335,-118.34150666666667,0,0
c0489704-9426-4083-a912-e8b7615e1531,34.05246283333334,-118.23989416666667,0,0
eca8a0e1-61ae-42b4-9fb5-9d3261f9b981,34.0002327,-118.46985626666668,0,0
bbd8193a-f6b0-4ca7-9351-47276723f0e7,33.987548833333335,-118.4535904,0,0
d386f293-9e0d-4187-9038-941dac7ce8f7,33.98604201666667,-118.43856811666667,0,0
3b3ce988-d818-434d-9ba1-c666a3a0c1d7,34.04720306666666,-118.23326873333332,0,0
712da18e-a5e9-47fa-8ceb-cb9e6344cf1c,34.090755466666664,-118.30823516666666,0,0
4d071151-8836-40da-aacb-241eb729c230,34.011192,-118.2873905,0,0
a4737b70-b401-4e11-b5ea-267dd8fc8225,34.05295983333333,-118.25221633333334,0,0
6bcb1a41-fd97-4704-85d1-90cc032b9973,34.09812926666667,-118.33798980000002,0,0
94500482-e85f-4752-bfbb-7b9a28a905de,34.055216333333334,-118.22398133333333,1,0
88c048f2-eec0-4573-baf6-20565baa35cc,34.02963256666667,-118.41082,0,0
9a3232c0-d4e8-4ce2-bb00-cb453f55040d,33.98828125,-118.45249938333333,0,0
0218664a-0697-4fae-8990-b2478d8f627b,34.02657318333333,-118.27564239999998,0,0
b080b6a1-cfe5-4b8c-b7c3-ea4b6be82f6d,34.17227555,-118.45575713333334,0,0
812d6c97-2166-4514-bb06-03711b62d59a,34.07650756666667,-118.22268676666665,0,0
9a55a166-c1a8-4e33-8a42-c375f6b77a34,34.06264876666667,-118.44426726666667,0,0
42eca8f4-46a1-44ca-b6ee-b1a614951104,34.05591965,-118.44363403333334,0,0
f6813e63-9f75-4a32-8d94-abf81c3bba13,34.158874516666664,-118.49990844999999,0,0
ecb83827-31d0-4f13-83b8-7fdc3649e864,34.09142685,-118.32739258333335,0,0
96b3d983-cce0-4a50-afe1-9504ab962a0a,34.05632383333333,-118.34136766666667,0,0
3834c5d6-908c-4d98-aaed-53c465cb99f5,34.04488283333333,-118.2633145,0,0
ad9d6e8e-703d-496d-9028-cee777af269d,34.06224566666666,-118.44737250000001,0,0
c7da0737-9f20-4fb4-b5c6-eacaad72c625,33.99334335,-118.31517791666666,0,0
b1a3175b-0655-4803-937c-d82bbe5f5c51,34.07204055,-118.43957520000001,0,0
920f94cd-95a9-4670-a17f-48e1eb5fa7d9,34.01654815,-118.41226196666666,0,0
c20e59cf-5994-4204-8920-d0b9b7bd8d7a,34.043884166666665,-118.23253166666667,0,0
b46dcda4-9c82-44bb-8767-c3448abbe827,33.993827816666666,-118.45285796666667,0,0
1a910047-c58f-41e8-bace-178becd68c86,34.08123398333333,-118.25114441666668,0,0
25a8a77a-7dd8-49f6-b0a9-c71908cf198b,34.031329,-118.41932516666665,0,0
9e472b62-3862-45d9-b93b-29f7899d3272,34.09589005,-118.28698729999999,0,0
5d471e60-0b31-44a2-8cf7-2107169f27e2,34.08452988333333,-118.34526061666665,0,0
2a60ef12-9fcb-4820-a655-e1082c1e5413,34.06526565,-118.23698424999999,0,0
9f9545b7-155c-4f1a-b3ea-870b29c8bed2,34.06525803333333,-118.23699951666667,0,0
b590e643-231c-4458-a92a-19d0af2e2b8e,34.06817626666667,-118.24087525000002,0,0
06897087-a6cd-4ca5-8918-dfc097671623,34.078502650000004,-118.36165618333334,0,0
24813cf0-20fb-4240-b828-8d34db761540,34.05589716666667,-118.25337900000001,0,0
df229fa3-1d27-4a4e-b35e-b27c44bfbf78,34.078689583333336,-118.36151886666667,0,0
1385a1dc-8304-4206-a602-047bc4b95707,34.08226776666667,-118.36157989999998,0,0
d4747243-4601-4a3b-ae03-37e265b07908,34.04681566666667,-118.25362116666665,0,0
3a5c08f1-672a-499d-bc02-9b2b00a562a2,34.04833233333333,-118.23938966666668,0,0
7fec70db-e453-4f60-b8f8-e290ee1d8c21,34.0738182,-118.44094848333334,0,0
ba759b92-24d9-4a35-ae67-abc57edc05e5,34.005027766666664,-118.43165588333335,0,0
866ab366-ee78-415f-8606-3a7916205eac,34.097610466666666,-118.34162139999998,0,0
13e10e63-c96b-49f5-9324-ea0b88d37301,34.0327301,-118.27217864999999,0,0
6e053e08-b9d3-4672-b60c-9bf479779ef9,34.06034088333333,-118.4421997,0,0
d36f0e65-ce4f-401a-afd0-a1fd8e3c5384,34.0326865,-118.41761216666667,0,0
423da725-19aa-4689-9623-a9da70cdbb41,34.057240666666665,-118.30741533333334,0,0
7a6b3bbd-ce10-46c1-bb6e-cb022b2be749,34.03347396666666,-118.23852538333334,0,0
9f79ed16-938f-4d98-b22e-b193c52e3f66,34.02936935,-118.28322601666666,0,0
ddbf4769-7873-4214-8c8d-999ef6260003,34.09288788333333,-118.33059691666668,0,0
df9e2977-5ad0-486c-b1c8-bbaec109dfe4,34.0221672,-118.40383148333333,0,0
b7216186-855c-4aad-b53e-e9058d41b2a5,34.146061833333334,-118.43935949999998,0,0
bc5ba979-6e43-4f93-8a62-7fb29328a8ba,34.0049553,-118.26213836666666,0,0
2a89152d-e604-4b08-b8f7-dbe7f6917c96,34.04191208333334,-118.23498534999999,0,0
c1eec34b-d607-424b-87a5-62da1d864af5,34.08356095,-118.35154723333332,0,0
51cec68a-3eb1-404d-bfae-ff723479e50c,34.09095383333333,-118.30200195,0,0
15ce0fc3-ebe6-43a3-8020-ff856fb795bb,34.05613683333333,-118.23772349999999,0,0
4806849f-05d5-4fdf-b08e-4a69f49a68f9,34.064697333333335,-118.2580105,0,0
a107ac0c-b695-422d-82ca-dba9337e085c,34.06541443333333,-118.23377989999999,0,0
dbd9e74a-7366-4b49-9b59-93be24523323,34.10067368333333,-118.33849335000001,0,0
8da85571-7a22-49e9-ac9b-034e77c31f78,34.028106683333334,-118.40908050000002,0,0
2dbdff17-59be-4646-b9b7-e1df9d7c43e8,34.09983283333334,-118.3291315,0,0
a7217369-4f5a-421b-b198-69b4561d5a82,34.09976116666667,-118.3277485,0,0
04257b7e-c1da-47d6-a0f9-f766847b1b41,33.981933600000005,-118.46231078333334,0,0
fa502237-e85e-4930-afed-0355b910ebdd,34.040245049999996,-118.19293213333334,0,0
eb7f0302-5dfc-4d71-aa26-76de8e367381,34.1613121,-118.44660186666667,0,0
9906a2b8-406b-4816-87f7-50d9b09c882b,34.14416885,-118.43125915,0,0
93b4696b-2988-4bb5-979f-da7539763992,34.09817505,-118.34996033333333,0,0
5f1b278c-1d3d-4b50-9c94-02dc6499b586,33.9979248,-118.41841125,0,0
a491713c-71a8-4bf7-8aa4-08aeeb7cb734,34.060593000000004,-118.24244483333332,0,0
aaee308f-1195-4291-bca2-56aea9780280,34.01951116666667,-118.40777466666665,0,0
3115af00-58ef-4a21-891d-0fd1bd457ae4,34.04007721666667,-118.3290329,0,0
a31b983d-4e56-439c-9d74-7831422b4489,34.075981133333336,-118.25614929999999,0,0
e35912e4-417c-4818-9b9b-c559b4187993,34.038955683333334,-118.22293853333333,0,0
1f6fcca4-cf7a-4b65-aa2c-26742d458aaf,34.03891753333333,-118.2228775,0,0
a3b73248-9460-4919-ab75-1a055bd276a1,34.047982000000005,-118.23963299999998,0,0
e7009750-6680-4f4e-b472-def9adf82c85,34.15296016666667,-118.44977933333332,0,0
7779217f-d692-497f-a94f-649bf2b442fb,34.041427,-118.26403066666666,0,0
9fcd92ef-7e61-4a50-b37f-e2ab909474a1,34.023929599999995,-118.28421019999999,0,0
859df5b8-8852-4e03-973a-b1bb2556dc56,34.07346725,-118.43948365,0,0
623de08d-2ba6-4278-b1fe-ea73163a18a3,34.0474472,-118.23255920000001,0,0
b0d17482-2262-4b1b-a7b9-8bd9eb1ce80b,34.00071716666666,-118.45040130000001,0,0
4846f4a6-1d70-4e0b-ba30-0d29d2dd2e4f,34.00074005,-118.45037841666665,0,0
f3e0ae11-9d3b-4e23-af4a-95b3fec9689e,34.05699833333333,-118.46481166666666,0,0
df9616f3-9f8f-4cf7-9383-aae03bed2fed,33.99451933333333,-118.46371466666666,0,0
a48a695a-b941-4f7b-8937-e7f5611677d5,34.0763588,-118.31703948333333,0,0
cb748816-7d94-45f7-84f7-8432beaeb5c3,34.0888176,-118.34425353333333,0,0
f6014f7f-6263-4ecd-98bd-3107fd6a8f05,34.097938533333334,-118.31887055,0,0
e21fde32-0010-4b7c-a4ce-d6068d2c111d,33.988567350000004,-118.45326233333331,0,0
50b53dd9-8e6f-4c7e-b8c0-6aaf37e22b5f,34.020507816666665,-118.40417479999999,0,0
09d501a0-f175-4f15-96b0-6c02c0f63852,34.160572050000006,-118.52280426666667,0,0
7f515ab8-ba54-4eae-8b6d-c01af6c64766,33.990276333333334,-118.45107269999998,0,0
2897170e-8886-4841-b5d3-6925d58f4b19,34.083854683333335,-118.37166595,0,0
a14e1e07-ea8e-4170-91ea-e7170a296a67,34.160523,-118.52274700000001,0,0
e1c327fe-1ae9-4b58-980b-e03acd552522,34.06432723333333,-118.24884033333335,0,0
1058f390-2e68-44de-94c2-41fa1b7bd8f8,34.01061248333333,-118.28635406666666,0,0
82ec899f-120e-4bf8-af99-c59858290bfc,34.00479506666667,-118.45333861666668,0,0
f1a09041-b0c2-49f0-8e7b-7af84bc80339,34.03207533333333,-118.20178383333332,0,0
db759878-831d-4638-8548-e0edeba9c9af,34.0306778,-118.36521148333334,0,0
b3378bd8-586a-4d09-8f06-7e124aa5d61d,33.95870971666667,-118.43093871666666,0,0
3fb6c905-55ba-48ef-ba7d-685bffb7599a,34.0994873,-118.34152985,0,0
ee1fb204-0236-4405-86e3-16d14db0ea40,34.03307723333333,-118.2714386,0,0
f803fa7c-b5b4-42a7-8ea9-0b75eff14f8b,34.10191916666667,-118.30004033333334,0,0
17b9137b-eea1-4309-90b0-fac7846b650c,34.072429650000004,-118.44086456666668,0,0
1ecaf645-c21a-40bb-a6db-7bf1048abcaf,34.097908016666665,-118.35508728333335,0,0
fbab597f-8dbc-481b-bca5-af95da1fc69a,34.076819666666665,-118.35643233333333,0,0
ac72ff71-0948-48bc-b239-ed1c97806835,34.09702301666667,-118.33886718333333,0,0
f930e90f-0ff7-4390-9ab5-af794be91755,34.05997466666667,-118.23834991666666,0,0
26974f21-c0d5-484f-a930-e0c87986f3cb,33.95367733333333,-118.397731,0,0
99916b9d-4daa-41a2-ac5e-049b19b5e29c,34.098060600000004,-118.32712555000002,0,0
3050f2e5-79fb-45c1-80b0-9f0a92682c06,34.05902481666667,-118.44390868333333,0,0
affa9388-2beb-4d62-9ee0-7d1ec356a0f5,34.097999566666665,-118.35986328333333,0,0
d5b35e75-550b-4db0-a08c-d029dc657476,34.04707336666667,-118.24377441666665,0,0
f47f659c-04cf-4951-972b-cf9bc80cb594,34.102809900000004,-118.29628753333333,0,0
7cf8bb7f-680e-454e-996d-6d45620bea56,34.100555416666666,-118.32807159999999,0,0
f0454e2c-dee4-475b-ae2f-b0bea4ba2cf7,34.054523466666666,-118.46346283333332,0,0
0325ab58-e3e2-4e84-ba75-b905d2fd72b0,34.048698433333335,-118.24097443333334,0,0
45f32be2-0949-4c38-9802-6ae28131080c,34.03881455,-118.26255798333335,0,0
1a40b868-8f7c-4e32-a856-730be1463359,34.092502599999996,-118.32901763333332,0,0
29194236-6e97-4b4c-9458-e82f17075dda,34.039676666666665,-118.44267273333335,0,0
7d93cfde-8de4-4164-85dc-4e4cccc385fe,34.10183335,-118.30182648333333,0,0
cade0f1f-e1c5-42a3-b59d-76d26a37e834,34.101860333333335,-118.30161166666667,0,0
2f312e46-7b5e-4bc7-8f8f-4680105d63de,34.10188293333333,-118.3018341,0,0
0ef234b3-1d91-4a52-b772-3a32db3d2ddb,34.101868833333334,-118.30152449999999,0,0
f3ac26e5-9580-47ed-b6d4-492656055a63,34.101856233333336,-118.30181884999999,0,0
65afa2f4-64ab-44f5-93af-93cd6ef85f42,33.95389556666667,-118.44051361666668,0,0
0e9a720b-a1ba-4610-a297-9fa6b55ebe04,33.953769683333334,-118.44047546666667,0,0
014c9e0b-0336-4bb6-872c-408c345b5265,33.953926083333336,-118.44050598333334,0,0
6f816cd2-6178-4aec-a08e-6b2114e1bec7,34.07741165,-118.35631561666666,0,0
84c6481a-4adc-4571-a06f-8aa4eb7569cc,34.0000267,-118.46603393333335,0,0
c9856250-d29d-48d0-9dfb-de1927a67aa6,34.101811833333336,-118.3001525,0,0
cd2043cd-ea12-4be1-9d38-b191ed457321,34.1017955,-118.30024049999999,0,0
c83edc8a-4c7e-4987-8ad7-3aeaaa7bb758,33.95401381666667,-118.44055938333334,0,0
b7e20b8e-b76a-43f8-91bb-9963fdba5f9f,34.043704983333335,-118.24610901666668,0,0
b0c2a4d4-1654-4563-940e-3c07357f382b,34.0347557,-118.45801545,0,0
0f0962cc-2dfa-44ba-b8e5-29a66fb4c3f0,34.09823133333334,-118.3058995,0,0
a6986d48-8670-4237-ba03-b04ab8bc0f71,34.04740525,-118.26535796666667,0,0
fbd56498-1ad9-4a48-8910-9695a1a51707,34.04730225,-118.26544951666668,0,0
9e2028a9-f36d-47d1-9fcc-c7a5653cd399,34.047299833333334,-118.26544033333333,0,0
ea8cffb6-e73b-4341-b2f4-fbe87da3c547,34.04827133333333,-118.23383266666666,0,0
23b038d3-122f-492c-bc70-1379ac300a1e,34.0416565,-118.23497010000001,0,0
e12a4390-b391-4c52-8b95-b58e81623c7d,34.09114533333333,-118.44687083333335,0,0
980c537e-1b27-4701-9ecd-229ffd69cd28,34.08405303333333,-118.36130523333334,0,0
edc59415-b840-4df0-96fe-831846d10731,34.165096283333334,-118.36053466666665,0,0
1ee46afc-6a12-4acf-bbc0-6c5154b21569,33.99356841666667,-118.46819305,0,0
5b922a6e-d609-4a29-a5d1-29c7b0b29aaa,34.056505333333334,-118.24970716666667,0,0
03a18c88-93eb-4cc0-9b32-4d0b759b63db,34.0618782,-118.44674683333332,0,0
1086032f-b336-4c9f-9370-443f985f2c5e,34.03568216666667,-118.2564925,0,0
ffe24466-5c8b-40b9-8e81-daa729c0b228,34.08912658333334,-118.32857513333332,0,0
3fcc3ebb-3814-4cb5-85a7-89a4edc13620,34.08382796666667,-118.35314941666665,0,0
dfcb6c47-3cd1-4f80-8c35-c1885e9eecaa,34.0512886,-118.24964905,0,0
59672487-3c3a-4a3d-8968-b3dfafadd7b0,34.061817166666664,-118.29113770000001,0,0
eef7ca01-13fb-4dd7-b057-f93319e0524c,34.10029883333333,-118.33696916666668,0,0
30acce57-1538-4a90-9bab-20765bf5b641,33.95716095,-118.38615416666669,0,0
b79b5795-be7e-4b79-83c9-ad52e2f7a2ea,34.00567626666667,-118.45947265000001,0,0
2ffb45e3-9d0f-47f4-b2ad-dc91b2e6cf2f,34.035560600000004,-118.44336700000001,0,0
57302c24-e7b1-4243-bb1e-5aa86ae4a6fb,34.0398941,-118.25606536666668,0,0
71cd6a76-5cdd-4707-a56f-8e211d2796bd,33.97610916666667,-118.46177716666668,0,0
76572011-3730-42eb-8490-365b4ad7463f,34.044441666666664,-118.25414466666668,0,0
e6f1fbba-768b-46af-a38d-3d6cd070edb8,34.08858108333333,-118.47499085,0,0
1954e385-f523-4fe5-8561-32504c6937af,34.10427856666667,-118.34894561666667,0,0
b96b418c-e30f-485b-8e89-83df79721ca5,33.95964813333333,-118.42952728333333,0,0
614ae178-d75d-4b7b-b809-15fb4cdca7d5,34.10058211666667,-118.3385086,0,0
f696db0a-3144-415f-8195-356223b62503,34.100589750000005,-118.33852386666668,0,0
d5d6065b-835d-4a57-8666-d72803a48860,34.084335333333335,-118.36582183333333,0,0
775e7a12-1c9a-4cca-9186-b26eb6376639,34.08439255,-118.36579895000001,0,0
96a4f266-4572-404e-902a-1f788fa65ee1,34.084362033333335,-118.36580658333332,0,0
b4751683-44e9-4f83-9087-e473e5bf45e7,34.08439636666667,-118.36581421666666,0,0
cc847a1e-2f30-4a58-b7f5-220850224626,34.068553916666666,-118.44655608333332,0,0
708689ab-6aed-4a5c-abf3-d666878ed028,34.100101466666665,-118.33499144999999,0,0
b779950b-7895-4870-b5e4-b66cd859f3f0,34.069902666666664,-118.22593649999999,0,0
fde7cdbc-c1be-4ae1-85ef-cda0e8e3c27c,33.98867416666667,-118.47203063333333,0,0
ec65a8f1-12bc-408f-8d68-18aaa371c4d7,34.06680298333333,-118.4522171,0,0
68ffbec2-8c04-4826-bc65-82455a1abcd1,34.05555343333333,-118.25405121666667,0,0
234810cf-234a-4cba-b0ad-a403459e9862,34.0402031,-118.25183104999999,0,0
62b272e2-cefc-4ed6-a76d-6c881f2f652b,34.08384323333333,-118.37168885000001,0,0
070c988f-1c9d-4067-89be-b0e8dc059cdc,34.083820349999996,-118.37166595,0,0
44e429f0-8b89-402d-9001-691d47ed39d3,34.08383178333334,-118.37172698333333,0,0
1028b641-1185-4e03-bec0-b5f25805ea64,34.08382796666667,-118.37168121666667,0,0
98ea563f-c60c-47fc-95e3-b4921709c27b,34.07361603333333,-118.25146484999999,0,0
8a4770b2-3480-4d5f-b318-069e381cd2cc,34.0735905,-118.25143733333334,0,0
a9f1b53b-7eb9-45b8-9e02-703341dc07fe,34.07363891666667,-118.25147246666666,0,0
535b9483-2983-4ab9-9567-d80ed9865259,34.07361221666667,-118.25148773333333,0,0
772e5a25-9224-4741-bc76-b0724a1b854b,34.10842895,-118.3097992,0,0
aace8888-3103-4b5b-9a1e-d311faab15af,34.08356095,-118.3691101,0,0
c50a3bcb-26ed-4863-9da4-9cee964a1c46,34.083557133333336,-118.36912536666665,0,0
c63839b5-7664-4644-b5eb-a7b7e1faf41a,34.015064233333334,-118.28166198333332,0,0
ca120566-8dcc-49c7-81aa-4fac5ed12964,34.08358765,-118.36910248333334,0,0
58ef1810-790c-44b3-b873-c7d27e45cf82,34.083549500000004,-118.36913299999999,0,0
9e01e2e0-b7fd-4bb0-b72f-d87bac5dfefe,34.08353423333333,-118.36904906666665,0,0
588b0586-5db1-4de3-8c10-fa041be812a0,33.98554993333333,-118.44354248333333,0,0
a61959a7-fb0e-4138-bd70-aad162ce1b47,34.06069946666666,-118.24077606666667,0,0
7a3959cf-c6ed-4b11-b6c5-94d089fab4b0,34.06067276666667,-118.24074555,0,0
0ac012e2-41a7-45f3-b4f0-49afc1300f39,34.06072998333333,-118.24075316666668,0,0
54dd9424-b53e-4dbd-b073-8ed2b3c9f40c,34.060710900000004,-118.24077606666667,0,0
1443c65a-ed42-4cda-92f0-ca4a43244221,34.06070783333333,-118.24073983333334,0,0
65b79615-dee8-49c5-bd7d-eb5f7a33a06a,34.03929901666667,-118.23405456666666,0,0
55f73243-640b-4b8b-87f0-49e7e79c425a,34.083541866666664,-118.36800385,0,0
d4ffe3cc-0fb1-43cd-8b83-2ec297b72715,34.06246566666667,-118.2398529,0,0
eaf191e0-be27-4373-bab5-ac3edc61447b,34.06238936666667,-118.23988341666667,0,0
ff722e65-1fc5-4d28-8af1-6933e5f0dddd,34.06244278333334,-118.2398529,0,0
2892a697-2770-410e-8548-569f718d660a,34.06240966666667,-118.23979466666667,0,0
f52519ff-b22d-4416-8701-3a81c587f4aa,34.03830718333334,-118.25253296666666,0,0
e90754f3-efb0-4d00-bcc0-7efa54502ede,34.08357238333333,-118.36479949999999,0,0
71d7045a-1ae3-4ceb-8b78-8ec74cf203aa,34.083583833333336,-118.36478423333334,0,0
54e2d663-4204-4651-a449-ab15fdc2cbba,34.08356475,-118.36477661666667,0,0
84e54458-0297-4029-a05e-7617bf8d5970,34.083580016666666,-118.36476898333333,0,0
5c698d66-256b-4a50-8c3a-09c41200100c,34.08359146666667,-118.36479186666665,0,0
676b88b5-9c4d-4dae-9a2c-0ad1bf2a62b1,34.0664978,-118.23619079999999,0,0
9d7302e3-6599-480e-a797-e7321f10d4eb,34.0838623,-118.3620758,0,0
bb1acd13-9618-4773-a3e6-7d4f24fc87af,34.083889,-118.36201476666665,0,0
9b45eee0-5f05-4c93-9d6a-53b33376f7f0,34.0839119,-118.3620758,0,0
da9b0fb2-58b0-484d-985c-584be90f2f83,34.08391953333333,-118.36203003333334,0,0
b75009f5-c7d6-4d8a-bb28-24fdf59e8699,34.02868271666667,-118.40883636666668,0,0
13939c87-1c3b-4f88-9afe-f77c463a8576,34.04017638333333,-118.23304748333334,0,0
e66f7c60-ecb2-4a7e-b9c4-94e726dad0f5,34.040153499999995,-118.23303985,0,0
566b1dcb-2577-439a-8266-5213311c2db2,34.040134433333336,-118.23307799999999,0,0
d8909c93-b79e-4415-a606-569d7d5b12de,34.040096283333334,-118.23307036666665,0,0
261c086c-c081-45aa-ab0e-5f7d07f5fe20,34.054348,-118.42585755,0,0
b04e4996-b3ef-41ac-bae9-5a43b5ab8e3b,34.0384636,-118.23271941666665,0,0
5b046e95-7b15-4bd7-b91d-b076cfbfcca8,34.038469666666664,-118.23267183333334,0,0
3bc8dedd-771e-48a6-9bc4-ee257b8dd6cd,34.038505549999996,-118.2326889,0,0
6c77e652-ef58-476e-9690-089c2b544c85,34.038505549999996,-118.23266601666667,0,0
d615c5d9-23b6-49fa-baf6-42c5288c2901,34.06029128333333,-118.44589996666667,0,0
6d725a92-0ebc-4d8f-b8f6-db3372d43c3b,34.02694433333333,-118.39223949999999,0,0
4c6de3ce-721f-46a6-8091-f6fc1ea3c254,34.06541825,-118.44210815,0,0
c6a911d5-eff5-4e07-8f98-91b915c9f572,34.08401108333333,-118.26093291666666,0,0
08196536-0f80-4c5d-8121-1c88a972c46d,34.09835051666666,-118.34146881666666,0,0
c346999f-f22c-4601-afdb-f1f329ea1e56,34.10027633333333,-118.34127116666666,0,0
3c997bc3-6f68-407a-8c34-b4c1520eee4d,34.04895401666667,-118.24211883333334,0,0
7ce0b8ca-2b5c-4b31-bf24-d452d9827125,34.05031205,-118.24107361666665,0,0
ee413f1c-8317-4028-ba49-d14e69feb7d8,34.002990716666666,-118.43292236666666,0,0
fe26dc72-10ed-4d1f-82f0-ce7c8dac7e41,34.03739548333333,-118.25567626666667,0,0
22e5790d-fca2-43bd-a0f1-535b7a6ce0de,33.979461666666666,-118.39983368333333,0,0
f2937f70-99f5-42a7-b9b0-c5e05225c795,34.099276333333336,-118.25914983333332,0,0
13f04c14-c013-4d8a-b374-cdf24b0c6bf7,34.02383041666667,-118.28365326666666,0,0
4567e39c-67f9-4678-b7a0-6f9760fc5bb4,34.073431166666666,-118.43953250000001,0,0
ae05285c-4853-4196-9b3c-0cd421692079,34.05929183333333,-118.23807525,0,0
37b42145-be57-4125-88ff-af3b05020c00,34.040096283333334,-118.26676178333334,0,0
77d71126-ab36-48ee-80cd-c8762b29fea0,33.94568253333333,-118.37983703333333,0,0
6ccc1c87-057b-4268-9848-cce452ad250b,34.10303233333333,-118.32179666666667,0,0
040efc8e-5228-4592-9565-2733f5b60fec,34.097874499999996,-118.33598016666669,0,0
87259a0f-61de-42fa-a6fa-379ba2b3cd85,34.071987150000005,-118.36386871666667,0,0
130e51fc-2fa3-4daa-8bb8-a4f14b3a44a7,34.098030083333335,-118.30186461666666,0,0
7c465be1-58df-48aa-85e5-867b5b394b95,34.058743166666666,-118.44341466666668,0,0
e9daa673-3acc-462b-91ea-1315980b2a5b,34.07379433333333,-118.43963833333333,0,0
74a4a591-a626-4e71-8a7c-4a0fc19f3a84,34.027061466666666,-118.39292908333333,0,0
cdb980ad-8048-4b69-aa3e-2d7227744307,34.024414066666665,-118.40094756666667,0,0
83181039-a3ba-489a-97f5-473a4e620b5c,34.01134871666667,-118.4331665,0,0
e0c985b5-bde8-48b3-a792-0be4b29e3e01,34.02938843333333,-118.40956878333333,0,0
453989b2-514b-4bdc-bc04-5b053cc87c14,34.087028499999995,-118.30181884999999,0,0
4a3803b1-3f34-484f-b913-6eaeb193251a,33.98609925,-118.43862915,0,0
7d70a06e-9171-4ef2-bc78-a84b5e5ee64c,34.052543633333336,-118.47317505000001,0,0
2a9f61a3-490b-4497-a94d-1ebce608ca34,33.989874666666665,-118.44788966666668,0,0
01e6757c-ad3e-4906-b38e-bac008aedff3,34.08415985,-118.29889678333332,0,0
0113601a-c508-46f3-a963-c80afbcd982e,34.069667816666666,-118.22825623333334,0,0
3acb764d-8a50-4662-96b0-168955b0a546,34.03187943333333,-118.28282928333334,0,0
451721eb-ddd7-4f7b-ba7c-0fc3fb03062b,34.10534833333334,-118.31659433333334,0,0
37bdfefd-614a-4452-823e-86ed367e66be,34.034744266666664,-118.45793915,0,0
07643621-b5d4-4324-8842-20af3db15be7,34.052654266666664,-118.23171996666666,0,0
ce317daa-028f-4945-aaf8-cfe626bff36d,34.082679750000004,-118.34860230000001,0,0
f370dbd8-674a-4f85-ad02-81cc1deb0919,34.04863616666667,-118.25858916666667,1,0
25e60e17-970f-4b94-833f-15ae402cd53a,34.02398681666667,-118.28348541666668,0,0
fa1f4ba1-b1c3-45ac-8803-662cccdc7eb6,34.040340416666666,-118.26649475,0,0
16771c20-cd82-4e24-b0c5-a00645f0370c,34.06369018333333,-118.24589538333333,0,0
0b40dc7b-59b8-4c94-9247-330d706b2ca8,34.08190536666667,-118.35731506666667,0,0
45ee1d85-8875-40c2-be97-a8e45252b489,34.07224273333333,-118.36488341666667,0,0
309ec0f5-ef59-4aa7-bf44-44528b3f1a1c,34.144207,-118.43612671666666,0,0
fbb3a9f0-cec6-4996-9ce1-75318fb6aebf,34.06141933333333,-118.42491433333335,0,0
8e3c9b3e-15d7-4961-ba4c-515686186ab0,34.024589533333334,-118.32930755000001,0,0
4e967d54-1e38-463a-8189-17f659505ca9,33.992641449999994,-118.44192505000001,0,0
1788fadc-a433-4c42-9608-1219f8bf2b03,34.0524025,-118.22682189999999,1,0
037ef2fa-455a-48bf-ab16-40435e15e8c6,34.09555816666667,-118.33332061666667,0,0
db235ee5-9ea6-4b2f-a28c-e69ff148494d,34.060863499999996,-118.36743926666668,0,0
eb0b5738-efca-4f67-a98d-92791081bd94,34.100349433333335,-118.33853150000002,0,0
09d58d1e-88a5-4bbc-af71-be353c4e5e7a,33.96980666666666,-118.45481873333334,0,0
65477f1b-0026-42e4-8823-17a0102efbba,34.1089075,-118.32532016666667,0,0
7fbc3480-e6ad-4bc9-b4f8-20f2e0f018f3,34.05909348333333,-118.44822693333332,0,0
99fd7718-146e-408b-a13f-5536bc03f896,34.04055405,-118.26831055,0,0
24f32029-d05e-4f05-8cca-a86c40591481,34.04051983333333,-118.26831666666666,0,0
4fc6145e-8849-4f5f-8253-8629cc6f4ef2,34.10640335,-118.28733824999999,0,0
02c07fc0-4b5f-432f-8a1c-8c5a6f6ee709,34.02650833333333,-118.27554321666666,0,0
482a2f30-ab8b-43a5-aa6c-afa2d0c14f9d,34.034381333333336,-118.27176633333332,0,0
18550e0f-1133-4df9-a5f8-9eb42fcb1d52,34.034404333333335,-118.271784,0,0
f777d68a-3455-440c-a9e1-87f3aceef7b1,34.09805298333333,-118.33023071666666,0,0
9af35bfb-f61d-40c9-a5b8-9ed44618d818,34.15488051666667,-118.43979644999999,0,0
c7e4c4a8-fc81-43da-bc92-12ff9df7d6bc,34.05167766666667,-118.24929983333335,0,0
bc0a4fa3-4755-4963-9760-1780276390ad,34.168384550000006,-118.45648956666668,0,0
b15e01d5-59a4-40d8-b0d2-718549aeb939,34.05747816666667,-118.42385183333333,0,0
697df2e6-fd06-402b-8271-a37a1d4eca3b,34.05366783333333,-118.25104916666666,0,0
7fa70493-2fda-4c15-834a-49e00eab95b5,33.983337,-118.32946883333334,0,0
2a782b3c-4c8b-4955-8342-dec0934733bc,33.97932815,-118.46651458333332,0,0
4c2b6553-9587-4df0-ad2b-523f1e4d9d2c,34.104149,-118.33684450000001,0,0
8352b7a9-3cfa-4820-979f-d0e6bdbc4870,34.05582428333333,-118.44417571666666,0,0
8b0e0346-9de5-4f3c-a7ed-9af1d8d59315,34.05579376666667,-118.44417571666666,0,0
4dfb3967-047f-4403-8667-872e047f89e7,34.10190683333334,-118.30885733333335,0,0
b4dbc832-3df7-466f-929e-4ebc167c1361,33.9999733,-118.46534728333333,0,0
7c5a7322-1ca2-436d-8dbc-4547e6969f60,33.99996185,-118.46535491666667,0,0
9d4b0e19-38ff-44b8-8370-44989f5d43d9,34.10062026666667,-118.32373809999999,0,0
addedd04-099c-49d1-a251-54a22ce8d4b0,33.987907416666665,-118.45888519999998,0,0
06fc2b08-9363-4e3d-8458-50272612acd9,33.987907416666665,-118.45887756666667,0,0
4c549952-736d-4f99-b134-5739348debcb,34.0684755,-118.33579116666667,0,0
65dde74d-0638-48f5-93e3-9a639ce78a2d,34.03809356666667,-118.23030089999999,0,0
594c227e-faff-400a-95d2-3dd0ec4887f2,34.0670433,-118.42430878333334,0,0
f7e5e9c8-6d63-4687-b91c-1e209e4c5793,33.987548833333335,-118.45363616666667,0,0
4a56b1cd-461c-475a-8ca1-7733bc3daabc,33.98792648333333,-118.45886229999999,0,0
1de3bdcb-a91a-4e9f-94ff-e49858feacec,34.0976677,-118.32662201666666,0,0
472161bd-5aff-4162-b35f-5cf7222a6f89,34.0976944,-118.32656096666666,0,0
b13b45ef-24f7-4af8-8f87-228dcf5b1ba3,34.04714585,-118.23526763333332,0,0
37e120f8-c160-43b7-857f-459b601ca99f,33.98781585,-118.45262908333333,0,0
3d8d4e95-2827-443b-9542-c7ab8da8c39c,34.069903999999994,-118.23336866666665,0,0
f802163c-1779-4a92-82b0-4c8c49583d34,33.98999023333333,-118.44852448333334,0,0
7a0d19a9-efd8-462e-ad6c-757822022003,33.9900093,-118.44853210000001,0,0
72b500e6-e177-4541-941b-e4ccba692a90,34.098205,-118.34147666666668,0,0
01b8d86d-f520-4e60-822f-f5fe0e5bb1f5,34.008846283333334,-118.42368316666668,1,0
0e4c4dd7-1d84-4cd0-bc3a-a24862b0d2ac,33.99000168333334,-118.44852448333334,0,0
936441d0-7dc2-4365-aeb9-17c69eca252a,34.07793426666667,-118.26936339999999,0,0
cc172db8-769d-455f-994c-635134d9fb6b,34.05813333333333,-118.23302316666668,0,0
cc668552-3e02-4479-bc5b-66db8a992907,33.99068451666667,-118.44544220000002,0,0
357ef050-19e2-4a9e-8938-ae91a8ef5bfd,33.990673066666666,-118.44544220000002,0,0
038f6156-b441-40c5-b4b2-76b688c395af,33.990673066666666,-118.44544220000002,0,0
af638ce3-78d8-47e2-83a4-4c1d8536fb27,33.991504666666664,-118.46953583333334,0,0
c564c11f-7fda-4589-821d-38543243a083,33.99380875,-118.4534607,0,0
f84d3063-ca67-44f4-8f08-520477593ae6,33.9938736,-118.45352173333335,0,0
22e588fc-63a9-4d37-b98b-528000e227af,33.998058316666665,-118.45204163333334,0,0
70bcdf07-3b49-4570-819e-b8d94023682d,34.08345413333333,-118.3510971,0,0
98702204-616b-4c7a-a696-080e4f265d7e,34.04258728333333,-118.23121643333334,0,0
a4cd3452-4506-4896-8dd5-421dee0bebcc,34.022735600000004,-118.40046691666666,0,0
b684eb3b-b9d2-4fa6-a73c-d50404e8ad5f,33.9900055,-118.47253418333334,0,0
d2d979b0-8092-4700-b341-437fb07003a1,34.0311737,-118.38539886666668,0,0
4ff3e614-f2ba-4aff-85b6-259d53e63f02,34.03120041666667,-118.38539886666668,0,0
e1ffacc2-d21a-4548-870f-0c4b18cfb616,33.9963913,-118.47711945,0,0
c879ae96-7d8d-441b-865b-f4bb0e11ddaf,33.99148941666667,-118.46952056666666,0,0
4917a4a2-62d5-4339-a3dd-75a81abfbe1a,33.99585723333333,-118.47818756666666,0,0
714308fd-912c-41c8-b601-0f18a14ff465,33.990036016666664,-118.47251128333333,0,0
8ed9249a-8ae9-45ed-b1c3-071e4fd99036,34.03416061666667,-118.21543121666667,0,0
dd899083-32b2-4fbc-bf8a-a92540a73a96,34.05429076666667,-118.4446106,0,0
1a7d4294-748c-43c4-873e-0ada8e6aa60d,33.99146651666667,-118.46953583333334,0,0
f207c145-1b48-4613-9c74-3b406f3d17fd,33.99455643333333,-118.47626495000002,0,0
b80eb4ab-347f-4059-8145-f9fca41bdd3b,34.02560866666667,-118.39533183333333,0,0
5897655c-e52d-4ed6-bf1d-b6e07ff6f565,33.990333549999995,-118.46495056666666,0,0
6f43ef11-03f0-40a9-9a72-dd5273dbc7f5,33.990367883333334,-118.46494293333332,0,0
a8f67bef-04b0-47ba-b194-df29b2734e01,33.990314483333336,-118.46496581666666,0,0
435ca11f-194b-45eb-82ae-e2259a481419,33.999198916666664,-118.47219848333334,0,0
0ea80888-bc1c-4f7b-acbe-69e95556ff19,34.04522323333333,-118.25164031666667,0,0
a3d38a5b-0dbf-47ca-9eef-4f13abcee466,34.046939849999994,-118.25525664999999,0,0
6122d77f-4aa8-4629-b9ba-c99f984853ac,33.989467616666666,-118.46302031666667,0,0
fa4494a1-4c89-45ab-b66b-05142832b152,33.98945998333333,-118.46300506666667,0,0
d054e3a8-597c-4e63-8f35-01ccfb2e2cbc,33.98947143333333,-118.46300506666667,0,0
46f0522c-8925-49cd-88c4-a13457498bf4,34.020194999999994,-118.40402985,0,0
8fcbc000-5fda-46e8-ae3d-5e437af52931,34.020179750000004,-118.40400695000001,0,0
c14e31cb-1b1c-404a-94dd-2742e04995cc,34.0253067,-118.39482879999998,0,0
d99c313e-fa97-40ce-82d6-44845a194d9e,34.02534485,-118.39489746666668,0,0
b512ddf6-a514-486f-94f7-aceea588f399,34.062427516666666,-118.44721221666666,0,0
cf22f7b9-648d-4006-b91e-a02ab3c21543,34.09568786666667,-118.35185241666667,0,0
0ea8ea02-fa62-4eb0-af5b-5fb70f3c8f1b,34.060393999999995,-118.44754200000001,0,0
3a169789-955c-4492-8a55-5abef320314c,34.09252548333333,-118.32290650000002,1,0
2caa1f2c-cf24-4037-b993-1eca7ee2fe83,34.04727783333333,-118.23445083333333,0,0
2a205ea6-2084-42fe-81c7-7beadfe306b5,34.06085205,-118.44432068333332,0,0
f2bbfda8-8cad-4f57-9a1f-365723bcfe57,34.0155487,-118.41296386666666,0,0
05a2b974-6d17-4f1c-bbb0-316b1f314335,34.0155716,-118.41297913333334,0,0
b799d280-7b9a-4987-a88d-3d6cfd3c51ea,34.015583033333336,-118.4129715,0,0
53aba9d0-dd90-437b-a06e-aca422bef9b6,34.01559448333333,-118.41296386666666,0,0
241d0a51-a248-4700-9f6d-be49ff28e443,34.20528411666667,-118.42494964999999,1,0
e7ea0c18-c174-4b74-8816-9b1a5c257fa0,34.10458755,-118.34903716666668,0,0
9269dd21-dd64-4d40-be8b-11e721c2dd9d,34.01942061666667,-118.40608214999999,0,0
d5f922b4-01e9-40c0-be06-b8e551f077b7,34.01944733333333,-118.40605163333333,0,0
6e0c6f61-aa8c-4a4a-a126-956f1665f39b,34.01940918333333,-118.40606690000001,0,0
54472241-974a-4bd7-b6ba-8d3e35dad0ce,34.01942061666667,-118.40605926666667,0,0
edfe4f0b-92a6-4dff-aa60-c26b9f623725,34.01941866666667,-118.40604766666665,0,0
491fabbd-8793-45a6-9e4e-6bd4f9966de9,33.99582516666667,-118.47848933333334,0,0
00291a09-56a2-4b25-9637-55f515d88992,34.06378936666667,-118.28780364999999,0,0
0d239a5a-062a-4991-a6f5-4619341a76c1,33.9958191,-118.47850799999999,0,0
8a9a0b0e-290d-43cf-b58e-b2ebc866ed15,34.02004241666667,-118.40818023333334,0,0
32f0c384-aae2-4017-bddd-d386930bc612,34.02000045,-118.40816498333334,0,0
02887508-fe0b-4123-924a-28c75099e013,34.02004241666667,-118.40818023333334,0,0
de7c2619-1038-4a17-89fe-9240ce91631d,34.01998901666666,-118.40814971666666,0,0
2ff4bb68-fc4d-4784-aeb1-fce213e7ca1d,34.03823466666667,-118.23046933333332,0,0
b1c6b0e0-bf0e-4bdb-a1fc-f98cf28ca3e4,33.9925232,-118.47415923333334,0,0
1ef0040b-6c3b-4892-a178-6ac82e9e6740,34.03783416666667,-118.23277283333333,0,0
423a73a2-d886-4497-92e2-b0a3859d2133,33.98958968333333,-118.47364806666668,0,0
b68e0ff2-e1d4-4420-88b2-df3d425a3ef4,33.98957443333334,-118.47363281666667,0,0
1b56628d-f99c-4329-90a1-e0c0ff0098bf,34.07391356666667,-118.30906676666667,0,0
9cbd7353-c361-4a0f-9346-00d1870b9314,33.98665236666667,-118.29837036666667,0,0
55bcef12-550d-4e4d-92f8-c33df089b9a9,33.986679083333335,-118.29843903333334,0,0
cf0e0c85-fd80-4d41-ae92-9fce41d9eaae,34.14872233333333,-118.44638633333334,0,0
53049d2d-24cc-485a-88a5-ce88255678e7,34.03918838333333,-118.23270416666668,0,0
03909e09-b1ec-451a-8c05-f2c2e7293d21,34.039125166666665,-118.23267566666667,0,0
a24dd0ec-3bd2-480b-b276-325e0f69eca6,34.06232071666667,-118.44683074999999,0,0
292adc1f-9c77-483b-9a99-e38b9e5262a9,34.06620833333333,-118.26999383333332,1,0
d2635c03-fab1-406d-b878-8bd8c3c29aa2,33.986797333333335,-118.47143555,0,0
8a9c51e9-23ce-4ce5-9713-9161836d87ad,33.98680878333333,-118.47140503333334,0,0
d0137426-d640-49af-ab76-ad32737a0891,33.98677445,-118.47138976666665,0,0
f71e7dc0-a945-4a63-8f4d-890b5b87b175,33.98683166666667,-118.47139739999999,0,0
fe3503d1-f9f7-4736-b2e2-3af1233d5ab2,34.09967803333333,-118.31473541666668,0,0
509ea536-16e1-4195-8b88-017bcf6e8b17,34.18521881666666,-118.39962768333335,0,0
8c258d98-2b9c-4958-a325-06808ab4de67,34.09861,-118.34906833333335,0,0
ad5d2a50-4ab7-45a2-87cc-a4929d53c999,33.99850081666667,-118.46903228333333,0,0
4e68e401-4584-4ff5-9a1d-6d84370c4993,34.164814,-118.43044281666668,0,0
f9ce9c1b-dd24-4346-9439-13319b87f52c,34.16469193333333,-118.43004608333334,0,0
3a69ffb4-e84f-4080-a5c4-f6c6501b994d,34.16473006666667,-118.43008423333335,0,0
46eaba9f-64ba-4eb1-a848-d5deedfe58ba,34.04806216666667,-118.23178733333334,0,0
faa438d1-70b1-4167-84a6-f1f6ce6393e9,34.03236416666667,-118.3668825,0,0
5dd9d09c-2864-4dd6-9389-625bb1a099b8,33.99562073333333,-118.47847748333334,0,0
e569c14c-8580-47a5-941f-717b3ce68e2c,34.039798733333335,-118.26602935000001,0,0
20c64a67-c48e-4646-aeab-11360b7fe7d5,34.060989383333336,-118.4442215,0,0
86f62d17-98f4-4f79-9ba7-e2697a158da4,34.039245599999994,-118.26426696666667,0,0
779a1e2a-7613-4f76-a78e-39d2ce8749ac,34.06111526666667,-118.44708251666667,0,0
2ffe3726-8da5-4929-bc97-a58a7ebe1f40,34.060985566666666,-118.44427490000001,0,0
6a1dbb04-5636-4c7a-8577-084c447b1553,34.06063433333334,-118.44412516666668,0,0
5af8a264-d887-4452-ae14-88d9e29adf45,34.06189199999999,-118.44322466666667,0,0
9bc19a12-4490-4614-8475-e520ac486bce,34.077598566666666,-118.43444825,0,0
02335f04-789d-4980-923b-5ae72c6e7248,34.05540085,-118.44143676666665,0,0
624b7ccd-f24b-42d1-a50d-00a3921bf83b,34.003719333333336,-118.43386078333333,0,0
04f1e191-866d-4132-8951-ef6b1725e30e,34.09883498333333,-118.33095550000002,0,0
ef112eee-27b4-4dd2-8c9f-47dddebdc8f3,34.047764666666666,-118.26295183333335,0,0
7766e7ef-d1be-4dd5-9744-0dccec39d55d,34.145292166666664,-118.41419416666668,0,0
c2c656ce-b62a-4341-b116-5971654dcc8f,34.044998166666666,-118.25519561666667,0,0
7b29aa35-25e6-49f9-99ea-42e89aaf9197,33.98687183333333,-118.43981683333335,0,0
5f9a5665-0939-4aee-a690-6e1530cc9065,33.986850733333334,-118.43977356666667,0,0
5ac4deae-edd5-4d2d-b97f-0e77aab2994b,34.05547333333333,-118.26255035000001,0,0
3cd557eb-7cbf-4d00-9c1a-7e6339464e3a,34.03924178333333,-118.4428482,0,0
1d3900e7-7b51-49b5-8e4b-fcf0282b5c36,34.1503563,-118.44458008333335,0,0
dc0c285b-9791-4f1a-a226-290f9e55679c,34.03173065,-118.3291092,0,0
0199bd3a-48c5-41a4-bcf3-aa46669f07ae,34.150383000000005,-118.44457245,0,0
78c3038a-a4a9-4b2e-98ff-5bb5072fcbcf,33.960900333333335,-118.420399,0,0
6e4ae57c-9285-4c31-abed-31b539e446c0,33.99819565,-118.40523528333333,0,0
4fd8cf86-f5bb-40fc-bce1-0969c6ac55ea,34.047926999999994,-118.25393700000001,0,0
c943caad-b833-4889-95db-97c5e640f5e0,34.052658083333334,-118.26666259999999,0,0
8cadcfbb-42f9-42d9-9fa9-983dc91824c0,34.039108283333334,-118.23529053333331,0,0
c3dba33e-ee62-46d5-adc6-041ade42a796,34.03924178333333,-118.23510741666665,0,0
2c3c8a9c-af27-468a-8c27-a8efafe9a418,34.06451416666666,-118.29934691666668,0,0
8756f07c-e241-44f1-81fe-173620cfb511,34.06772231666666,-118.23548126666668,0,0
8027155f-f7ae-430e-a322-ef3a727737f3,34.04936218333333,-118.22002411666666,0,0
e4a836e7-6ad1-4a2d-8442-75cc9be97cd6,34.06248093333333,-118.44708251666667,0,0
c652b8dd-78e7-4b4d-85c6-302365fe2316,34.06399536666667,-118.26192475,0,0
a2303c46-70f4-4848-91ac-6a2a6362a0ae,33.998485566666666,-118.46072388333332,0,0
1fccc2ae-3edf-4064-a371-c6bfd25765c6,33.998485566666666,-118.46073913333333,0,0
dfd878c3-3beb-4fe0-a854-359e7876d986,33.999916,-118.329481,0,0
ba999690-859d-47a0-95d3-5a9ddc91821f,34.1031189,-118.34327698333333,0,0
46b773f1-dc76-4940-8f2e-24649a923b12,33.962913666666665,-118.42164050000001,0,0
3c43e650-c700-4234-be3e-0f0604ce56ac,34.06657791666667,-118.24719238333334,0,0
b7a2daf7-d122-4ccd-b951-1fa8b81755f0,34.04213333333333,-118.22296905,0,0
3f8dd0cf-4e0a-47a2-bd88-bfee21759de0,33.98527526666667,-118.44396210000001,0,0
1ef40cf2-7766-4250-898d-5285df3d759d,34.01785983333333,-118.34957916666666,0,0
30671782-7aa9-43e1-b01b-648743dafc2d,34.032895,-118.42871366666668,0,0
6efed3d3-cf06-4fb5-8718-a36b4fb1867d,34.07221985,-118.25069426666666,0,0
124842b1-0397-4d29-9efa-db2ea8e02574,34.09815598333333,-118.35051726666667,0,0
88a40ada-b24b-4dcf-a83a-126364537ab5,34.0620308,-118.31328583333334,0,0
21583158-bb02-4193-ab22-162ae74714c6,34.046047216666665,-118.23413848333333,0,0
89eec33a-2bd1-48a5-9483-a6a1262265a9,34.044757849999996,-118.26367950000001,0,0
3d45ca02-9a1c-478f-8105-227248e45400,34.05447388333334,-118.31194305,0,0
1676cb13-4581-4080-bb7f-328e9077b92d,34.043373100000004,-118.2601471,0,0
c76cd320-a0d3-4897-814e-3b6498964a84,34.095691683333335,-118.25933838333334,0,0
be64ae9e-6930-488f-b034-91af44832f22,34.02698135,-118.40385436666665,0,0
13118a58-05e7-4b4a-8557-177c2d64043f,34.0404129,-118.23326873333332,0,0
fefea63f-935f-4326-8301-7b599e862499,34.04039383333333,-118.23316193333334,0,0
cff330dc-f266-4017-9fb1-30e3d36dfd66,33.993309016666664,-118.31616211666666,0,0
2a23af78-43eb-4ab0-a860-7cf85878b41a,34.09987258333333,-118.32415008333334,0,0
04e2bbf7-f92a-4ce0-975f-a6968c5fc6b8,34.0776596,-118.26064300000002,0,0
df3ca422-43b2-488e-9391-c0b8bc53e3ad,34.105297166666666,-118.33711666666667,0,0
16cf01c3-24d3-4072-b1aa-15ce6acec8fb,34.10020446666667,-118.33622741666667,0,0
3f411ccd-c958-4d71-a892-cdd95171e52e,34.03923798333334,-118.23252868333333,1,0
eb47ba7a-9bea-4769-ab15-62d4abe4805a,34.07905196666666,-118.3603592,0,0
91e37ccb-8623-4fc6-99d3-a01674727893,34.03927611666666,-118.23246001666666,0,0
f26cb241-2a81-429c-8b7e-f7fcb6d457de,34.03929901666667,-118.23252868333333,0,0
72bd5a40-7954-4883-9b16-e24715068967,34.089908599999994,-118.3276596,0,0
3d141fe5-4db7-433c-a95b-9a24bb3d384c,34.09988403333333,-118.32419586666668,0,0
e47b113e-b4cf-4624-b2c9-33dd5179e753,34.08166503333334,-118.31430053333334,0,0
d32bbec3-8e5a-4d81-9078-6a9aa3bb1ca3,34.04996516666667,-118.24268083333332,0,0
8d7eaa5a-42a9-4176-8363-2cdaf1503004,34.10630798333333,-118.32874298333333,0,0
1ce36aec-e9ca-453b-b1a0-588c9c18900a,33.95372771666667,-118.39658355000002,0,0
299f7b01-835a-47d2-afe8-5181dfa8d665,34.04582595,-118.23632813333333,0,0
64a8668c-4f73-49c9-bb03-f73ce3e60fb7,33.99806213333333,-118.47393036666666,0,0
4317ec3a-a9ea-4102-bafa-0d2351bf0afc,34.045803066666664,-118.23638153333334,0,0
dd343d18-a39d-4e52-8b68-43fe4cb2b67a,34.10026931666666,-118.34158324999999,0,0
a19d9768-1611-47d5-87e9-00910cfa22ce,34.051853183333336,-118.26501465000001,0,0
ce36fe1d-bc1b-4e7f-86b9-403711110d79,34.02362823333333,-118.30171966666667,0,0
251cc98f-d194-46a6-ad2a-9e1b1836dca5,34.157444000000005,-118.40541839999999,0,0
156bd846-36af-4003-8278-cc8f0db72e82,34.16478729999999,-118.4583664,0,0
238a573b-2a83-4335-b11e-0684955de391,33.997184749999995,-118.47589875,0,0
8b13e833-532b-4562-bcb6-0fbbda3eabc2,34.10890198333333,-118.32539368333333,0,0
44c739ee-9864-45e3-af67-fa562ebb0315,34.04032516666667,-118.23356628333335,0,0
c737f997-a177-4626-b24e-212e8db7a71a,34.06129583333333,-118.44554033333334,0,0
88d170a6-8239-4704-9a51-ac89da4059fc,34.06853866666667,-118.4472351,0,0
ab57d080-3d63-46d2-b52b-cd61532ef8fe,34.04111861666667,-118.23191833333334,0,0
6c3bd06c-9670-4db4-9533-e57f7c1097fa,34.041183466666666,-118.46741485,0,0
460a0d50-dd21-4f05-9392-ca0f4eec8c51,34.09840011666667,-118.34863281666667,0,0
36ea6558-2fbf-43dc-9fc5-d3adb06b2f26,34.05149078333333,-118.26771545000001,0,0
188d89c0-7933-4ec5-9b88-ce70924ee235,34.02562713333334,-118.39530945,0,0
0c8cf261-546d-4c0e-9ed2-3f67f47a8490,33.945686333333335,-118.38494873333333,0,0
158c44a3-940c-445f-a282-a9e7defbceef,34.103073116666664,-118.33750915,0,0
e2eda29f-7fde-47df-8646-d20287588f24,34.071760000000005,-118.35945783333334,0,0
0999f000-599c-4be1-bb0a-0b73d9ac5238,34.05184936666667,-118.23912048333335,0,0
6e1542ce-e88b-4218-b984-42a3d92bf977,34.06077956666666,-118.44689178333334,0,0
6f1508fc-b20a-4dd1-9588-f38fe8c44df1,34.08333968333333,-118.36711883333334,0,0
fa678d4b-0e59-4445-a822-90a1e2a64676,34.0499382,-118.24023438333333,0,0
5b88cde2-a8c5-4f05-96ac-db9cc5575cbe,34.0301094,-118.40457916666668,0,0
bfa2e0ef-7065-4569-b65e-c2c87f96306d,33.999816900000006,-118.43888091666668,0,0
a487cf07-b3a1-4a8d-b6b4-efc55072d6a6,34.04365816666667,-118.26491983333332,0,0
5ac6655b-30ad-4eb1-8515-c4165f8b187e,34.04011916666666,-118.26850891666666,0,0
27c0f1b4-352d-4936-8535-854236842d86,34.110892166666666,-118.32221733333333,0,0
4543b02b-4fd7-4f68-bd71-37aad868bd5d,34.058769833333336,-118.44338466666667,0,0
f11fbbde-a449-4f63-9a36-2d082f05ffbe,34.06813811666667,-118.24082183333333,0,0
8f5a5d2e-909e-44d7-97b6-e3616bcd413d,34.060539250000005,-118.32200623333334,0,0
db267e48-3870-4595-8f51-c12942e59fe5,34.05958175,-118.44615173333335,0,0
fbc08d5f-2f5b-41d1-9e1f-68ee0f9f87dd,34.0498352,-118.24021911666665,0,0
792a7793-6af3-4d8f-89b8-7e2084672043,34.014315333333336,-118.42188116666667,0,0
f6bda14b-db05-441c-9ca2-5f09474494e4,33.99479293333333,-118.44441223333334,0,0
656b7c36-2415-4112-a09c-58a700109655,33.99122238333334,-118.44062041666666,0,0
c2920211-078b-4c85-a8f5-b74d7e3242c6,34.166149133333334,-118.39945983333334,0,0
8785376c-b1dc-4589-8382-311b4005359a,33.98976135,-118.44647216666665,0,0
afff7933-4f64-42b5-936f-49c612512744,34.144132166666665,-118.43127016666668,0,0
936016bd-f7f5-429d-9b51-378c93bd84b6,34.075046533333335,-118.37683104999999,0,0
f0d29bc4-0130-4ef9-96cb-f708c0b9d237,34.044120783333334,-118.42678069999998,0,0
2dd33728-b4b2-4828-89d9-b7de86333dd2,34.068347933333335,-118.2463684,0,0
5bf06a03-e71d-4599-bc45-35525cf8c45d,34.10182983333333,-118.309645,0,0
0e325736-2773-4cc7-9e6c-8a48f1379733,34.10672378333334,-118.30937958333334,0,0
9e120a9d-a79a-4d56-9bec-55763b0f62ec,33.997486116666664,-118.28192901666668,0,0
2a2e1d9a-4080-4061-b1b3-06e36d532e36,34.031932833333336,-118.2828064,0,0
612a51b2-bd76-4b2a-93ca-e938eac86eb8,33.99095535,-118.44043731666667,0,0
f79a772f-fece-4006-befd-63513c82fb7c,34.109359000000005,-118.29193666666667,0,0
677e79e1-4188-48e9-9bfa-5d6525f8dbd8,34.15077316666667,-118.44535016666666,0,0
bd4b14d5-44f4-4901-ac36-fde7b07d1070,34.07872771666667,-118.36121368333333,0,0
7128c00e-ead7-43aa-9354-1eed4120f510,34.05486298333334,-118.44161986666668,0,0
8fbfbe73-2133-42a2-a945-1cb05b8996e8,34.06727218333333,-118.30654906666665,0,0
df04f277-94c7-4f1d-84c3-d81f4679200a,34.045600883333336,-118.27052306666668,0,0
765e13c2-ba01-449e-a71b-fa7b4a61bed8,33.95589828333333,-118.38552093333334,0,0
9d8e0dbe-0b98-4d8c-8be0-fd46b61faf1f,34.090938566666665,-118.33086395000001,0,0
36d30163-1546-4f45-ae67-27050b875cbe,34.04665756666667,-118.25381469999999,0,0
e6ef752c-e388-460d-92d0-999ec8212b69,34.07559585,-118.25422668333334,0,0
909ea27a-9d55-4ca2-9d51-86b8e4e18b7f,34.03298568333333,-118.44952393333332,0,0
76cbb322-43ac-4979-8c05-d70c38439540,34.02590561666667,-118.23234558333334,0,0
d6451f11-7ea6-457e-a561-8348dd423eae,34.05384826666667,-118.44564056666668,0,0
ae0a2024-acc7-4a7e-96bb-194883327780,34.10932541666667,-118.29585266666666,0,0
a66963f8-4748-4cb9-a435-ed784b9da0aa,34.04720866666666,-118.23888800000002,0,0
c3bf432d-b250-4917-a557-2cf06fae55b8,34.04606783333334,-118.23409716666666,0,0
41ff11f2-4b9d-4be2-90c8-0b812f057bd1,34.06824493333333,-118.44706726666666,0,0
aaae1735-f557-4474-95ce-ab6ac0506d3d,34.052211766666666,-118.25428008333334,0,0
5b8b9cd8-f308-4299-b575-70d9b15b7cea,34.106285,-118.29291166666665,0,0
e0f0ca7b-74c8-4aad-bcce-a01fd14c2426,34.024247833333334,-118.21362433333334,1,0
f1260487-770f-4d9e-b8bd-13cfd50d251f,34.0919838,-118.32769011666666,0,0
cd7fa056-fc4f-41c7-a54b-6c084892e2af,34.081226349999994,-118.25121306666666,0,0
fcc27d56-bc12-4ff0-8b61-8c6086be7f60,34.10882568333333,-118.32521819999998,0,0
8c03eb4e-1767-44f3-963b-7e8d00ad9b4e,34.03499603333333,-118.22477721666668,0,0
d9d3b771-4f41-4ef7-ab4a-a8cfee565303,34.11166763333333,-118.26909636666666,0,0
26dfe1c6-e020-4b21-90d0-5e0eba217a5e,34.0495224,-118.24204253333333,0,0
4422ffc9-f94e-45ba-b8d4-138d732f252b,34.09815598333333,-118.32867431666666,0,0
a36581c7-396c-42ba-8137-5d10ea1dc72a,34.0982666,-118.32867431666666,0,0
32d6efdc-2f31-4e65-94ba-dc723863853d,34.09812183333334,-118.32853266666667,0,0
c6994976-4e03-4d92-b1d7-e60e6a6f06cb,34.04858016666667,-118.24092864999999,0,0
367312f2-ba9e-4d2f-bcd8-2cf1f896bc1b,34.08337783333333,-118.36707306666668,0,0
5bf6a89d-063b-4e95-85e8-b342910a2520,34.07633766666667,-118.34988616666666,0,0
08569801-8f1e-4242-8e5a-f3874d0e9c0f,34.059424166666666,-118.42152349999999,0,0
a309b299-3cda-4d70-86a9-a32883a7830b,34.09059143333333,-118.29212188333334,1,0
85fa7652-ecb1-4cc5-b83d-423cb0b6cd2b,34.026748833333336,-118.35154866666666,0,0
c356ed3a-51b6-4dc4-acb2-b96344fd5be9,34.02993011666667,-118.36233519999999,0,0
762126af-d28d-47d0-ab2a-0f6ff3a32af7,34.10027133333333,-118.3389065,0,0
38d577c1-a0e8-48d8-a0d8-8bb8c6b38704,34.04591751666667,-118.24503326666667,0,0
f54cdaa8-cbb6-478e-b55e-4f139711f320,34.0763855,-118.34873199999998,0,0
da48536e-68d9-484f-b9e7-3db97a0b4bba,34.0459065,-118.23294583333333,0,0
53101208-6b0c-4e98-a9eb-3fb803caacf4,34.05303191666667,-118.25114441666668,0,0
a5e01530-d4a1-443d-97cb-d600972ece1c,33.98940416666667,-118.47066483333334,0,0
efb36a32-f814-47fd-a462-34e0d9d19687,34.116603850000004,-118.30683898333334,0,0
601ca60c-a480-4de4-8be3-4ac536ebed5a,34.11657733333333,-118.30682866666666,0,0
2424a652-b1c2-41c7-a8d7-76ccc273408d,34.03731918333334,-118.23265838333333,0,0
559d191c-47a1-4c4b-af8e-ef642d60a2af,34.050613399999996,-118.42040253333334,0,0
711d4b88-410c-406b-bed0-96b4f25cc199,34.052143099999995,-118.42501831666665,0,0
27326915-b62a-4b0b-9750-a87cdf67ebdf,34.04725646666667,-118.44776153333332,0,0
8825feb2-4f33-474e-9157-a2f762333e00,34.07551956666667,-118.34312438333333,0,0
bd6c8beb-e0cc-430c-bf4e-b815d5fcfa7b,34.10152816666667,-118.34751128333333,0,0
81f28d05-af70-4c4e-bfd4-2b9e840a2d15,34.01285935,-118.35263824999998,0,0
a79bf943-13b9-4af9-899a-50fdda50e1bd,34.03106683333333,-118.36658566666668,0,0
267844e7-83db-44eb-90d5-3f22dc41473c,34.075462333333334,-118.34301758333335,0,0
3af0f8d5-ffd3-4ac8-a27a-a179da032150,34.0472107,-118.23530578333333,0,0
1ff22f25-63df-4bbd-8715-7675a938a724,34.0472641,-118.23536681666668,0,0
bf69223b-a36b-4d2e-a34d-5becfd6cda10,33.976280216666666,-118.37604523333333,0,0
313939d0-a885-4eeb-b415-eb69c3a9d2d8,34.107458666666666,-118.31902883333332,0,0
c2099a34-e2d8-45e4-a068-a70a63cce5f9,34.047286983333336,-118.23509216666667,0,0
e7a9379b-4e72-4c5d-93fa-d50f903aa8ee,34.04718018333333,-118.23514556666666,0,0
cf45ad2f-6ba6-44fc-83ff-a2a4be0d5339,34.04720333333333,-118.23516,0,0
d3fd7b96-f2a8-4d37-be4a-49677d593f0e,34.047283166666666,-118.23516083333334,0,0
54d93375-249d-459f-bd54-d2e74eb93af9,34.04590606666667,-118.2331543,0,0
6754ee4f-3389-4f17-8ef8-4653b4ff16f5,34.04586028333333,-118.23317718333334,0,0
42a42e64-9d89-4ea8-a4e9-a00d9e2ee99a,34.045899166666665,-118.2331665,0,0
87a1e5e0-22b3-46d6-9033-4115249ee717,34.045867916666666,-118.23319244999999,0,0
6e36caa7-9aaf-488f-87cd-83ca6afd4a64,34.045902,-118.23316066666666,0,0
7eba900e-f8a0-460a-a339-ef484098825e,34.035530083333335,-118.44335938333333,0,0
6a3b83a6-35ee-479d-942e-5b87cc1ce61b,34.019905083333335,-118.36728668333332,0,0
291d86c5-107e-471c-a6cb-9d0aa8e9f215,34.10826873333333,-118.33692931666668,0,0
95c89bba-95e8-4c49-afd6-08c93156481c,34.108253483333336,-118.3369217,0,0
e011d5c3-5dca-4744-8f58-403af928951d,34.10827883333333,-118.336932,0,0
88333191-b8b6-4f1f-a23f-77fa4272b655,34.10826491666667,-118.33699035,0,0
1c2c9bd9-9791-4722-ad2b-2bac05b65f79,34.108288333333334,-118.33693816666667,0,0
a5d4b179-bc00-4d82-af9c-0c39cf8d8288,34.04868698333333,-118.23712158333335,0,0
b92da563-6fc9-41a4-87a0-d1cf0450d2f8,34.09090805,-118.27768706666666,0,0
3dc89ea1-e30d-494a-855e-69a53cd22dff,34.041454316666666,-118.25163268333333,0,0
2a0b28ac-9a71-44e5-886b-917328658ab3,34.041446666666666,-118.25151033333334,0,0
978f892a-56be-4430-8885-f0c6ee79dd2e,33.988265983333335,-118.45249938333333,0,0
cf72a97c-2ffa-4d86-a048-6367e1466197,34.10539433333334,-118.31928416666666,0,0
a642a5c6-68a5-40d3-afd6-5f5a6fdbf9f9,34.10540866666667,-118.31931116666668,0,0
4f19af7c-21ac-44da-9f09-da84f9f85efb,34.041667833333335,-118.26470816666667,0,0
d3c658ce-b9b3-41d2-b445-1bf15651b43b,34.083190916666666,-118.31027985,0,0
cd8e9bf7-043a-4a33-a7d3-b3507053835c,34.064785,-118.25813293333334,0,0
1deb9418-bc8d-4e95-afa7-0a5bcef60b18,34.10532166666667,-118.31668466666666,0,0
55bba321-a3f1-4d05-8f09-4ccce4051645,34.10531816666666,-118.31672633333334,0,0
dbc43dd6-d380-4e7f-8276-d0b45d745dec,33.99901961666667,-118.45976256666667,0,0
d9264667-8370-4c10-a4ed-076fcf7dce8f,34.03902816666667,-118.44365691666665,0,0
353e85fa-d962-445b-9c2f-d59cd938abc6,34.0760498,-118.25911713333335,0,0
c99d4e28-0e55-4756-b9a6-7ce1529a9e6b,34.047619000000005,-118.23384933333334,0,0
19dea038-a4aa-42d9-a8e7-7aca27012049,34.09101105,-118.27482604999999,0,0
367cf2fc-b442-463b-b933-bc8b18396e6c,34.043888100000004,-118.23255920000001,0,0
a5910a7a-ad59-4889-95b2-7a114e039cc2,34.1526145,-118.45951666666666,0,0
b4a49330-906c-4e68-9a97-b644d703ba7a,34.0491867,-118.24143218333332,0,0
3273fa1e-a655-49cd-83ec-0d2008dc0651,34.04918033333333,-118.24141300000001,0,0
a1c59a27-2be2-4fe0-af26-d686a117065b,34.04915618333334,-118.24146270000001,0,0
c1696701-317e-4d49-bef3-e97857c48441,34.04916381666667,-118.24139405,0,0
c10a09c5-78a0-49b7-929e-5bdc79edcb63,34.0491333,-118.24139405,0,0
81f85925-493a-49aa-865f-787e5bac3856,34.049205783333335,-118.24138641666666,0,0
279ffc3b-4c37-452f-9343-3dca21b38cd1,34.04860686666667,-118.24073791666666,0,0
b540bfab-bc59-4e32-8296-c6a65cfc2622,34.048728950000005,-118.24079895000001,0,0
1581b6e5-b919-4cae-b7e0-51a8cbf6001a,34.048655833333335,-118.24217766666668,0,0
635250d1-6384-4a3c-9aff-9e91f66ed514,34.09741211666667,-118.33307648333333,0,0
8b855489-00a1-4934-b4bc-2d41bcd52ec9,34.0387001,-118.23223113333333,0,0
6cb3e620-5b64-479e-a388-b99ede38827b,34.04926866666666,-118.2394345,0,0
d9034fa0-d57d-4119-9a25-b0912ea022d4,34.04925155,-118.23946380000001,0,0
fa48c63f-9d13-4311-b4a5-af6496ca9a11,34.049366,-118.23949431666666,0,0
2428be27-a1f2-491c-b26b-786e6c301e2a,34.0443573,-118.293396,0,0
2fd33c68-5165-4bea-b561-7ef5b7be6d0f,34.03861236666667,-118.25469208333334,0,0
3c0d4932-b10f-428b-90e9-6755a170921a,33.991485600000004,-118.46955871666665,0,0
684505e6-339a-4ba0-a97f-24f23be769fe,34.03356966666667,-118.35805283333333,0,0
4ce608d5-fd66-41d0-824e-76689b911ade,34.07391738333333,-118.37638854999999,0,0
537261e6-6097-404d-ba59-c0fc309cd7a2,34.228408816666665,-118.54928588333333,0,0
2379d90e-0d8b-4fa4-88bc-f883f52dfb86,34.059778333333334,-118.44594583333334,1,0
78bcb190-0cd6-482f-ac0e-123bfc75c274,34.03717041666666,-118.25496673333333,0,0
a3f494cf-cccc-4223-936b-27bb4fa197b2,34.03884888333334,-118.22288513333334,0,0
9ab0e192-7fb5-48c0-b84b-4db0dda724a8,34.068370816666665,-118.30149078333334,0,0
fc9dd6d4-f9db-46ec-b111-6b4ec58f2460,34.01933733333333,-118.24059566666668,0,0
d18acefc-d259-4045-a774-efd758869a70,34.04921721666666,-118.23935699999998,0,0
7e94259a-659e-472e-8cc9-b7931f98cc3b,34.03993225,-118.21543121666667,0,0
0b711e22-334f-41c0-a4da-55e9c9b3c77d,34.049385066666666,-118.20366668333332,0,0
cbd76984-78be-4813-9137-31ab465d4c63,34.04443741666667,-118.25406646666667,0,0
97981367-5cd1-460e-a998-ac7d151dad14,34.08341216666667,-118.35319518333333,0,0
13de3383-a6f9-4596-a155-5f16ecbd9411,34.045833583333334,-118.23625946666668,0,0
92173329-694f-44a5-9e82-cd11ea46b108,34.04582595,-118.23632049999999,0,0
27465c71-fb74-4073-bbc8-9113404654d6,34.07566583333333,-118.25444216666668,0,0
d62920e3-4ba8-4523-bd56-d961af19f46f,34.07623933333333,-118.35621250000001,0,0
bca5ac01-a6fe-4a54-afb5-11632327dbbe,34.07624883333334,-118.35625166666665,0,0
9e01ed1e-a573-446e-83aa-f177806af9a1,34.07626166666667,-118.35624266666667,0,0
72cdc446-fa83-445f-9101-88da7d0acef2,33.95751571666666,-118.43643188333333,0,0
5bc9f20c-755e-4a8c-abbf-2d243807dbee,34.00772858333333,-118.42685699999998,0,0
663fdd22-465f-447a-b8ed-a2a305d5f205,34.07643126666667,-118.35531616666667,0,0
b2ad5a82-af4b-4841-b64e-7508514b15a1,34.0765152,-118.35536193333334,0,0
2d930e98-968c-440b-9812-9552cf98f68c,34.07652333333333,-118.35538866666666,0,0
81c648f4-e5c5-40e2-bcc4-00274ab4f827,34.076485166666664,-118.35537116666667,0,0
3d3d2262-ded4-461c-8205-443aa0b65155,34.076522833333335,-118.35538483333333,0,0
f51106d7-4ae9-4e32-bf72-d96081e1fe9d,34.06199265,-118.44687653333334,0,0
6b302238-cd80-4748-b9b7-1354cba011ac,34.076343666666666,-118.34988700000001,0,0
4c2effd5-02c8-4a5e-b9ea-8d815debf457,34.07631683333333,-118.34989166666668,0,0
6172c652-0abe-44bc-b0bf-b0b265854d64,34.076301566666665,-118.34982300000001,0,0
bbdf44ec-cdae-4842-98f6-b9adddf2efe8,34.07631683333333,-118.34989929999999,0,0
05bd1232-cf63-48ff-af37-473db26e324c,34.07634735,-118.34864045,0,0
c7ef86d1-dd3d-448a-8bee-c67124a753b1,34.0763588,-118.34864045,0,0
f5edfb53-9e0c-4591-902d-583d83006a7b,34.027526849999994,-118.25730896666667,0,0
708a59dd-8e22-4dd1-9aec-75e4ca5da89b,34.076278683333335,-118.34726715000001,0,0
691db2b0-15b9-4a2f-8dbd-d76d5a7d9e42,34.0762558,-118.34728241666666,0,0
77172acc-3af3-419f-b183-63565d74477d,34.07625961666667,-118.34728241666666,0,0
7103c522-189d-46f9-b915-755286a885b7,34.07625961666667,-118.34724426666668,0,0
24768194-7025-4b92-b71c-e367372f48c8,34.07626343333333,-118.34639739999999,0,0
e19c3609-9a12-4840-8013-25c00ca756d9,34.0762558,-118.34642791666666,0,0
5a3bfa7b-f10d-46f7-ad49-029ccf3f1e51,34.064773566666666,-118.2375412,0,0
98f25016-6e90-4884-a915-1960f67cc231,34.06172561666666,-118.30762481666667,0,0
2ddbae0a-66a1-42bc-99de-9b23d53a3d3b,34.109001166666665,-118.32535553333334,0,0
261ef243-ae6d-4458-8cf5-662f0f799320,33.99667358333333,-118.41944121666666,0,0
819c7135-a0cd-44e1-93f8-942cce3f8ff9,34.0998265,-118.31475883333333,0,0
cda63e97-a2ca-4d70-9282-4c32fb9a5078,34.078418733333336,-118.32736206666665,0,0
6ed5ce90-06fc-46ba-94cf-12c427a67329,34.08668316666667,-118.2127955,1,0
060793f6-f4b6-49db-b66d-3fe49f16c8e7,34.1006279,-118.33708953333334,0,0
8b52b444-9e54-478b-bdf9-53130de57f4f,34.06523131666667,-118.24904633333333,0,0
8b6448f0-3f6d-4136-9ca6-3006ac0105e9,34.03539658333333,-118.25231933333335,0,0
8b8ae031-493c-43d0-91fe-024b1929f13b,34.100262666666666,-118.25909283333334,0,0
ab305e5d-c8d5-4c50-9799-593b5424dbc9,34.100051883333336,-118.33114623333334,0,0
0d619af7-b0c9-4743-8865-6ba6a14fb950,34.06167983333333,-118.44180298333335,0,0
0db67af2-c716-4d90-beef-03a3bcaa6147,34.048152916666666,-118.23986053333334,0,0
4b93e145-3eb8-4395-b79b-2230a1736a52,34.094062799999996,-118.29188538333334,0,0
6a64a282-349e-4b7a-bff3-649060c9fb07,34.00032425,-118.46962738333335,0,0
786f2157-6105-4464-a406-d5a3aab4efce,33.99311065,-118.45283508333333,0,0
652f7643-978b-4630-943f-2d7643d39481,34.095626833333334,-118.34841156666668,0,0
4a28523b-cda3-4abe-adcc-190144b6a234,34.0346756,-118.23191833333334,0,0
73daf009-e918-4ab8-a515-d0a02ae2a440,34.10063935,-118.33795928333332,0,0
05d13095-d841-4b5b-9c1f-a9f6bfe5702e,34.04931258333333,-118.2394867,0,0
166a78b3-67b1-4939-bf15-e14428d475a2,34.000491333333336,-118.46455716666667,0,0
60ba0cb1-86ad-4cdc-915d-e5964378b617,34.0983429,-118.34876251666668,0,0
25cdac05-7cff-4544-b10f-bc4cea82da62,34.039226533333334,-118.26432036666665,0,0
5dee7a04-8fee-4bc2-8f81-8e62f5ee5b23,34.100399016666664,-118.33856963333334,0,0
8e5380fc-16e9-4e69-8ad1-7d0d79a44148,34.10541916666667,-118.33733368333333,0,0
9721d026-a513-4e43-9a91-485c55359aac,34.10543823333333,-118.33734131666667,0,0
45c55b66-0f1b-4f51-9694-0658744bc8d7,34.027450566666666,-118.2574997,0,0
26de0857-33df-4b17-93ce-f524fd3b8ce3,34.07782745,-118.25854491666665,0,0
a210ff70-ae15-48a4-8e2d-eadd413e563e,34.04217148333333,-118.22577666666666,0,0
3a9763fd-4e03-4255-8d89-7c76af0bdcc2,34.034751899999996,-118.45804596666667,0,0
2ddb00e0-c293-4f2c-984b-aa50332e36f8,34.04130935,-118.25065613333332,0,0
263afdef-9798-48db-8cfd-bf1dfc89c292,34.090938566666665,-118.32221985,0,0
23ba3ce6-7b33-46cc-9a6f-962907e4bd84,34.06036376666667,-118.23781585,0,0
4f6a0d6c-1773-4bb5-92fd-d25bbf232abf,33.99236298333334,-118.45419311666667,0,0
db1bdea6-82f5-4220-91e8-b836785ddac0,34.09423065,-118.32679748333334,0,0
abed52f7-9cae-4265-b363-ae47ddae3837,34.09423828333333,-118.32682036666665,0,0
aafbd5d2-10a3-4dea-a082-081ecfa3ed97,34.099891666666664,-118.32970428333334,0,0
b1fb630f-a156-4b40-b19d-de9ad020df29,34.09789658333333,-118.32608031666665,0,0
08395d03-c399-4452-ad4d-816aa1d18cb0,34.045834666666664,-118.23637116666666,0,0
59f43ca4-27fd-495a-9908-654bb65c1e3c,34.045829766666664,-118.23641205,0,0
bdb1352c-253a-43c7-b7d5-5510e51a4838,34.065971366666666,-118.23788451666665,0,0
2529d660-8e47-4f22-93b0-7fc7ada868f3,34.09804153333334,-118.32749938333333,0,0
4aa1afd9-f822-4abf-9c8f-08c825bfb642,34.09814433333334,-118.32749666666665,0,0
e8765099-3002-485e-b462-4dc2cd4aa95a,34.10778426666666,-118.31066895000001,0,0
73309447-b862-4c89-b18a-8676939b423d,34.08362198333334,-118.35625458333334,0,0
cfb6dbbb-8698-4958-a391-fc7d88242782,34.10108566666667,-118.36424254999999,0,0
50906321-021b-4fe6-84b9-225c06a19c58,33.988834383333334,-118.47068786666665,0,0
b560c960-bf65-421a-a54c-3f538e782ae6,34.097911833333335,-118.33046721666666,0,0
04805ab3-f698-4adc-a687-f79ee7a3b50d,34.035653499999995,-118.23254966666667,0,0
da06fc14-37d6-48fc-89a0-5e66c239a841,34.02553176666667,-118.3953247,0,0
13b7c702-c180-4084-ab4a-5b7f2044616a,34.04953003333333,-118.24179076666665,0,0
35f986c6-d225-4a4d-9628-172b519090fe,34.04952621666666,-118.24181366666666,0,0
a50a28e8-c35c-4e1a-927e-e6a9f606259e,34.0494957,-118.24182128333332,0,0
a69ade44-36ed-4c2c-a36c-9770a5bd143e,34.02557373333333,-118.39535521666667,0,0
b62df3de-61ed-47c3-988e-d1df14cc18cd,34.025524133333334,-118.39535521666667,0,0
32a33a4b-f071-4e5b-bcc8-cb43ce6abeb2,34.0996933,-118.32946015,0,0
737af6cd-5b74-4777-9a98-eab76a61a839,34.0201683,-118.40404510000002,0,0
68eb0b59-b9e0-46b7-8b1f-2c31a1edf128,34.02020645,-118.40406036666667,0,0
06395ae0-62f7-432a-985d-8f79b262465f,34.020194999999994,-118.40402985,0,0
7a716e81-ee67-4a5d-98a5-e4d9952c535b,34.05490111666666,-118.24117278333333,0,0
7ea70480-1159-45b3-b318-0bbbe7071449,34.15932465,-118.44851685,0,0
703edc79-1a9f-4065-a24f-448deb00ce2c,34.01675415,-118.41083526666668,0,0
6c5de27b-817d-4df9-b38f-96e868bb4643,34.05599975,-118.23741913333333,0,0
510b1c51-4f00-49c8-b030-b0ced5858e86,34.10162353333333,-118.31304168333332,0,0
09a5f082-9729-4603-9c00-2c524a327ef0,34.091278083333336,-118.3278122,0,0
2ddcffc4-cfae-43b1-b973-445d4cff7fee,33.99440765,-118.45539856666667,0,0
abc4a1c6-dae0-470c-9ed7-0bacd1103392,34.079639433333334,-118.35849761666665,0,0
358f9fa2-d0f8-4c8e-999c-c7216f924618,33.98605346666667,-118.4499588,0,0
754f6fa3-7326-4de7-8cfc-2ce1e50d0e6d,34.047957833333335,-118.23956416666667,0,0
2e8133a3-c049-4e7c-9620-41f4f581e485,33.94566345,-118.37982939999999,0,0
b43d9e83-972c-486e-9af5-58daa45ce6e2,34.056329166666664,-118.23731516666666,0,0
e92916f4-32f1-41ef-809c-cabefc24f6d1,34.062393183333334,-118.44695281666667,0,0
8458b6a3-d030-4a92-8b6e-d2d101f36351,34.063293449999996,-118.44823455,0,0
89e60eaa-5d52-48c0-ba1b-71022be62d9b,34.03983433333334,-118.30027883333332,0,0
019c61ca-84a3-4c0f-90ed-f0a41f18f881,34.10065841666667,-118.33854674999999,0,0
262c745f-8eab-49b9-ae57-42400a07b000,34.045684666666666,-118.23391699999999,0,0
467127fc-3593-4da6-8227-81cb00c3cd4c,33.98778151666667,-118.45261383333333,0,0
b22686a5-2bec-4a9b-be78-09edbbf9ed7e,33.987827300000006,-118.45263671666667,0,0
7a5538f8-7726-4622-9cc9-0f532b633016,33.98779678333334,-118.45260619999999,0,0
323f7400-9c54-4b2b-8268-2071b55d5ece,33.98870468333334,-118.45157623333334,0,0
89d0058f-7150-40bd-b1fa-e1ba0eeac74c,33.98871993333333,-118.45162201666666,0,0
a11b6701-3d10-441f-af0b-de7d5a33f48d,34.05192185,-118.2448883,0,0
2d702bc2-9214-41ce-b91e-908ddecdeb92,34.05554961666667,-118.42630005000001,0,0
f7a5c23c-c7e7-4c92-b5b1-21311fdf3520,34.055541999999996,-118.42624665,0,0
9e80214c-010b-43a5-801d-252a4f6d2465,33.96981048333334,-118.45479583333332,0,0
c61c5421-5a2f-49ad-b438-a805bf8744be,34.057468416666666,-118.4237442,0,0
a2a47c54-c91e-450b-8c1f-2f8a143c707a,34.05719316666667,-118.42402716666666,0,0
f4ed7b37-4c6e-4937-8da0-6cbe4ec5c2de,34.057400333333334,-118.42380366666666,0,0
266add60-6c3a-4ee3-b4bd-5b0f34766a77,34.057434083333334,-118.42378998333334,0,0
1d219dd0-4719-4d72-920e-67d209ea898d,34.103645316666665,-118.34777831666666,0,0
5848f7b4-6359-4b71-badb-b17adda628ef,34.04213715,-118.4590683,0,0
8d11c475-65c3-48d9-9103-221683d5a262,34.0609665,-118.24459838333333,0,0
dc2ce464-7113-42c4-a0e1-e4dad6a7cda5,34.065311433333335,-118.23692321666667,0,0
30c28262-5c64-4161-b22a-ccf39d41519a,34.04644775,-118.2536316,0,0
e49e66c7-e8ab-4eeb-9a5d-456366da62e5,34.04526138333333,-118.26204681666668,0,0
933c9e77-eec6-490f-8678-194e231e445e,34.05400866666666,-118.44443233333335,0,0
d85229a3-a851-42c5-bc51-72ce0f1e0fef,34.054008483333334,-118.44444275,0,0
9e2106e0-baa2-49a5-a0b1-29bb8ac4ef0e,33.9981041,-118.45207976666667,0,0
a34e423a-fced-42c8-a9d6-3157d946996e,34.0058403,-118.4593811,0,0
76c8f3f9-cd6f-4f8a-bc7e-f5154edf0210,34.00580215,-118.45939636666665,0,0
ce1637c4-e7ed-495c-8e5d-63ba6c8530bd,34.00579071666667,-118.4593811,0,0
0697962a-c0f8-47ab-ae73-0c1c09929696,33.99996566666667,-118.46533203333333,0,0
e2ceadfb-d630-4bf6-aa1c-fa09f7a39aa5,34.00001906666667,-118.46533203333333,0,0
0c9cab19-d2f9-44aa-997f-1b2ed0390d57,33.9999733,-118.46532440000001,0,0
daa4e35c-da48-452e-aa87-9efe9a9162ce,34.102911666666664,-118.34983366666665,0,0
9a6a3cc8-d72a-4d10-873f-46bf66786ee1,33.99903106666667,-118.47212981666668,0,0
f726716f-b01d-4261-949a-0e9e93eca3e8,33.99905395,-118.47213744999999,0,0
60ed7cc2-ce3b-4372-9dd2-24df12a788ad,33.998207099999995,-118.47360230000001,0,0
213e225a-23ab-4b68-ae83-f8e4d24f1a29,33.998214716666666,-118.47361754999999,0,0
d1690cf9-2222-4a5c-a41b-67b177d7bf6c,33.998237616666664,-118.47363281666667,0,0
ed0bd7ce-4495-421d-9a51-b295f05c38a3,33.99819183333333,-118.47358703333333,0,0
771d48d5-5eb0-4aa2-82c9-f452266df1d2,33.99819183333333,-118.47360991666667,0,0
21b46eaf-c6b7-4a85-b413-61140e745872,33.99803161666667,-118.47386931666666,0,0
6d772749-9299-4473-acbb-3d1f546ddb10,33.998035433333335,-118.47384643333335,0,0
d7043a96-3861-4886-9268-404b3f520e7d,33.99804306666667,-118.47384643333335,0,0
b6acf22b-aace-4e0a-8c50-66e225896c50,33.99804306666667,-118.47384643333335,0,0
bc2fb073-ab81-48b6-a9fc-0955d102f787,33.99855423333334,-118.47303771666665,0,0
7a2dfa06-c693-493c-8015-666806ead297,33.998565666666664,-118.47303008333334,0,0
97133589-9d43-45e9-b07b-879cc7b03929,33.99855041666667,-118.47303771666665,0,0
cc43a306-faa9-4786-9704-541dd16f836f,33.99864196666667,-118.47307586666666,0,0
28a7e04b-f06c-4acb-88bd-d610a185bc63,33.999206550000004,-118.47223663333334,0,0
381e6f5f-dd59-4e88-8d57-7ae989fe8cda,33.999237066666666,-118.47224426666668,0,0
865c587a-c0a3-4da5-ac7e-c5bf4eb263e8,34.028617866666664,-118.2673111,0,0
eddd3e50-9808-4549-b754-c3411ced818e,33.99845505,-118.47124481666667,0,0
afdecd56-e2c8-441b-b551-b5ba7939561a,33.99845886666667,-118.47124481666667,0,0
f47f1e5a-8623-421a-a56d-0fc3dc320a19,34.00115585,-118.46810150000002,0,0
076b6ccb-bf17-4939-b8f6-82eee73d6bdb,34.0011406,-118.46809386666668,0,0
e7e7b0a3-78c7-49a2-84da-5878e9640a7d,34.00117493333333,-118.46808625,0,0
7a1fae69-b8a2-49f0-848a-e7a3ca10a572,34.01777883333333,-118.40939216666666,0,0
f5ad0015-7983-4475-aedb-1cec4be2a161,34.01752933333333,-118.40948233333332,0,0
ccbc5cf5-15cc-4a0b-a2ea-4bc2385fadcf,34.017478950000005,-118.40951538333333,0,0
4c691ed1-59ab-49fd-9859-061df06c231e,34.08460466666667,-118.37186183333333,0,0
f89ed495-ccdb-4aac-91bb-c1d51809ec0e,34.05010266666667,-118.25347366666668,0,0
26efc518-2e32-4f77-81dc-5f3c9d4d7b8c,34.10202616666666,-118.30924433333333,0,0
2ddc625b-491d-4942-a1c8-1a5fda5dfbca,34.04516983333333,-118.2598114,0,0
7cff4df1-ac41-4a61-8f46-c3c4066febc9,34.02032851666667,-118.40448761666667,0,0
798be5d4-102e-4470-aa4f-df148e45f425,34.02037816666667,-118.40451516666666,0,0
3be3305d-cd73-4c11-b100-bff790c177de,34.02033066666667,-118.40448416666668,0,0
2f525768-ebd2-476f-97e6-6c0cb5c72073,34.10889053333334,-118.32860565000001,0,0
8201dcd6-d656-421e-a7f2-0b18d78565f1,33.992500299999996,-118.47419738333335,0,0
93fe2fd9-8cbb-4349-978e-65f0bc500fe9,33.992527,-118.47420501666666,0,0
6d829d2f-ae36-4a27-a510-2b19e2ce75dd,33.98167038333334,-118.46295166666665,0,0
26da385b-8b49-44df-b905-33cab8fa12c6,33.9865036,-118.45518493333333,0,0
6eec580d-62d5-43fe-95a9-27486fef025d,33.98653411666667,-118.45516968333335,0,0
2f22b7f7-ea90-4cbe-b4b8-3ff66b2ef6a9,34.04040908333333,-118.26755523333334,0,0
fa3518f6-cde5-45a3-9020-e782740942cd,34.04037856666666,-118.26757813333333,0,0
496f0905-2048-4cbf-aa73-b3ecbba3ed64,33.9876709,-118.45330048333332,0,0
46d346c6-7e4f-4c16-a2d8-34691e7412f4,33.98773956666666,-118.453331,0,0
0ac54e14-1c34-422f-870a-eed7d11a0767,33.98767471666667,-118.45330048333332,0,0
dd043453-bd3e-4029-a763-3b0b05857438,33.98770523333334,-118.453331,0,0
bf8b4b63-bb68-4af4-84ba-1bef40230332,34.03164673333333,-118.22953033333333,0,0
b9c08cce-9789-4e3f-a371-451f0bb46e90,34.06105041666667,-118.44707488333333,0,0
a81292b8-363e-475c-b54d-fb01392f48ed,34.083411500000004,-118.32690183333334,0,0
9180f5bc-1b00-4e73-9ec7-44ac079d953d,34.06034266666666,-118.4475625,0,0
5b4ae678-73d7-413d-9374-61d61d7c9fac,33.94816208333334,-118.38581085,0,0
0247c1a8-cb43-4a7f-a30b-f49a507c497e,34.000282283333334,-118.46757506666667,0,0
54d3449a-1fd7-47ae-9202-b8c5d998a197,34.02770615,-118.24738311666667,0,0
05b5b24b-7f90-4f0a-b2da-d2fe482eddae,34.0429485,-118.25802516666666,0,0
71ddd089-1a76-4a9b-a0ad-cc0906900dd7,34.073661799999996,-118.25145721666668,0,0
61a0b48b-3f91-444e-9b9a-0c91dbe8e44b,33.96124268333333,-118.41673278333334,0,0
5b094978-bfa9-4fcc-a87c-609a9e7e9a9e,34.078197483333334,-118.26029205000002,0,0
ae785e61-d0c4-4672-b170-6fe0355f457c,33.965995783333334,-118.41971588333332,0,0
8d58718a-93d6-4dc2-8d7d-c8ef2da4aabe,34.097911833333335,-118.32794951666668,0,0
44f9ccf6-cb66-48cc-9a66-dee76322fa0b,34.11174393333333,-118.28724670000001,0,0
aaaa1014-8379-42fb-8d3d-e3e0343f8305,34.266184,-118.588309,1,0
7328cac0-27b8-4422-b4fc-5005934e6d41,34.06277465,-118.25865173333335,0,0
fa41cd70-451c-44e8-a89e-8614bada97e5,34.0996666,-118.33100891666666,0,0
872fb4bc-4e6a-4c28-85e1-1b6ed63e7a9a,34.04551083333333,-118.23420566666667,0,0
d8ae0c9e-ef62-4956-8f6e-33b5dbbad5e0,34.08462143333334,-118.33216858333331,0,0
749f822c-124a-4996-8ce2-72082ff4226d,34.099716183333335,-118.3309021,0,0
e23033f4-890f-400e-80bf-b75643726151,34.043945316666665,-118.26271819999998,0,0
7eab9cb6-622d-4d07-a551-6c04817d7916,34.055511466666665,-118.24537658333333,0,0
2ae31625-f966-427e-a756-c0d869321fb3,34.04119491666667,-118.23394011666666,0,0
d2ea4a0b-7258-4fe4-a848-d538e16e3dce,34.099651333333334,-118.33098601666667,0,0
9a22c62e-5489-4074-a550-a39a22a74c48,33.98233413333333,-118.43888091666668,0,0
fb0b2a6b-2b3b-4bf3-806c-742f7676054b,34.053222649999995,-118.38072204999999,1,0
5ce99b01-7d96-4ccd-aded-5108a1397090,34.02157211666667,-118.40245818333332,0,0
3dd0ff9c-f139-4d4d-a47f-209d00583d00,34.043441,-118.22275216666667,0,0
6c8379f4-7988-4828-83e8-326f88d51147,34.0848198,-118.33005523333334,0,0
34316cc9-7da1-46bb-9200-8291c8dc9a75,34.03137666666667,-118.44722016666668,0,0
a884db89-d96f-4264-af7d-78446d2b85a0,34.03578948333333,-118.43106841666668,0,0
b621d83e-ae3b-4fe9-b09a-ef6235d7ed23,34.06375503333334,-118.30307006666665,0,0
c52566ae-dde2-4584-bae2-246a014be51e,33.9984703,-118.46073913333333,0,0
da84a405-a46a-418f-9c09-db2e1fc531b7,34.1090126,-118.32362364999999,0,0
d20a88d1-a085-4449-a7cd-5a8bf46bcf13,33.94569396666667,-118.38462829999999,0,0
1c8a09b9-1532-4b0e-b67c-7d06db1ab72f,34.08533478333333,-118.36375426666667,0,0
842fb052-95c3-4fbb-bd56-0ea6faebea56,34.066975666666664,-118.24769666666667,0,0
673eaa55-963d-4168-89df-f8ba4862732a,34.02272796666667,-118.4004364,0,0
52568da1-42c5-4788-97aa-f95c6be38e78,34.03589083333333,-118.25312000000001,0,0
bd759591-ed54-456e-93eb-27c8adb46a22,33.9860878,-118.43865203333334,0,0
5be1021c-47f4-4b21-923a-bb1b1e9c52a1,34.03298568333333,-118.40908050000002,0,0
69ebe2ee-7069-4995-afc6-6cbe18728a34,34.01468658333333,-118.32187653333334,0,0
0e1825d3-5c91-4c41-a679-b9546d60e9f7,34.0664177,-118.23801421666667,0,0
961d9063-6534-4949-9f63-dd8e57eb49c6,34.108779899999995,-118.32507325,0,0
5a8b7d72-3f79-49c7-a644-034ad67cbe0e,34.06322479999999,-118.2380066,0,0
eb953b78-7694-4a59-8df7-82cd7d3b8bd8,34.063266750000004,-118.23802185000001,0,0
d1610175-6331-4f27-adf0-5a6e600c87e8,34.05101776666667,-118.25677490000001,0,0
59c1e3a4-d3db-423c-99a5-63b34895ddc7,34.08606316666667,-118.25951966666668,0,0
e57514d4-adc6-492d-991c-2c27ea0e72e0,34.152030950000004,-118.44012451666667,0,0
95652477-5a14-4301-88ff-9bbaeb287fa6,34.166187283333336,-118.39961243333333,0,0
bd36cdf4-bc1a-4452-815f-d3e6db6454e0,34.00651168333333,-118.27954864999998,0,0
7f2ca1e1-a71f-418c-ad2f-c6d737509105,34.15950393333333,-118.44596099999998,0,0
60aa2a90-d9e8-4b68-bf4d-86c5ce6580c4,33.96975833333333,-118.45492933333335,0,0
73de711d-07f2-47b5-b03b-179715c6b095,34.00863266666667,-118.32671356666667,0,0
3e351303-3dfd-4f33-90ca-4727ce06096d,34.045982366666664,-118.23557281666666,0,0
d1e32259-315c-4a49-9603-7fb8cf5e063b,34.0855751,-118.33214568333332,0,0
5cf54830-8e2c-4417-a4de-73c703f60011,34.1687851,-118.38307189999999,0,0
bb739187-b43d-402d-9229-56bb13ac6d3b,34.060081483333335,-118.24407958333335,0,0
88478e26-a5f9-4c72-9bf7-8613c171f617,34.060356133333336,-118.44890595,0,0
5957a2f7-7ffc-4f4c-aa92-1946308643ad,34.03783416666667,-118.46544646666668,0,0
ae792221-b5ba-4e58-9a80-4698f1b3c5db,34.10887146666666,-118.29863738333333,0,0
bef42f40-7565-44f3-8361-5d2a6acc3c56,34.07509231666667,-118.32389068333332,0,0
03ff5484-8392-4b31-b199-dd9bf58fc2a1,34.14599991666667,-118.43916320000001,0,0
c03ce275-0763-4e8d-8257-9f35fef31957,33.98324933333333,-118.33068866666666,0,0
98705ba4-c716-44ca-b399-4f8e50af3be0,34.019905083333335,-118.3672638,0,0
f28e684e-98a3-46fd-9911-9e5e43b7b66d,34.03776168333333,-118.32990264999998,0,0
62a261e0-5d4d-41f9-8b71-f4f1e74d0e58,34.04801178333333,-118.25346375,0,0
dd6f326e-90c4-4307-b707-b183f008d5bf,34.112609,-118.33086,0,0
3f73b520-cb99-406b-af8f-b8a9105b82e7,34.11259133333333,-118.33087216666667,0,0
f9c5b012-7174-4226-8eb9-02c4d3b6a2f8,33.962512966666665,-118.42174529999998,0,0
6e42489b-923e-46f7-bdb8-269300164996,33.96250533333333,-118.42170714999999,0,0
32493973-b806-465d-88f4-d3982375e912,33.96252441666666,-118.42174529999998,0,0
298d1419-54e9-4ed2-8b44-8c1660de4106,34.09778595,-118.35720824999999,0,0
b6cd1a5b-4c1a-431f-bd4e-a26643194a39,34.099021916666665,-118.33114623333334,0,0
120335fb-e895-4fad-8844-3191cfcd9f69,33.95608901666667,-118.44206238333332,0,0
ba74ad5e-f9a0-41ba-b493-777b00e22b53,34.08626938333334,-118.24339295,0,0
3af874bd-77e2-4224-9f86-413e675aa927,34.16842651666666,-118.45515441666666,0,0
fd1cf2d0-0d4a-46a0-bb35-cc719cf67b3f,34.102776,-118.28725983333334,0,0
0e64db6d-8aa7-4b3e-8889-73054755a8e0,34.102007,-118.30914216666666,0,0
504a786f-6fa0-4d1e-98d1-b648c852177f,34.09828186666667,-118.30715941666668,0,0
300e6e80-e3b5-4bf3-8a93-10e44ee887be,34.098300933333334,-118.3071518,0,0
3eddb055-3ff6-48aa-ae5e-a964dd3e603f,34.0982933,-118.30712890000001,0,0
f196ff62-298d-40de-9f23-3a594807b466,34.09828948333333,-118.30715941666668,0,0
cb717d57-fe55-43bd-b88e-9ebba0001acf,34.04882516666667,-118.24202333333332,0,0
1b27dfb9-4c55-422a-a632-a5320ce77bde,34.048633583333334,-118.24206543333334,0,0
19d2473d-9bfa-41c2-bde7-3400856f747a,34.04868698333333,-118.24216461666668,0,0
6a3461b6-8b41-415b-87b3-9ed9503015e0,33.99073791666667,-118.46703338333333,0,0
7cfc7122-2675-41dd-a671-ccf1c0f8881b,34.0702362,-118.27884673333334,0,0
bec226bf-af5b-4811-908b-b727314a622e,34.098072050000006,-118.32932281666666,0,0
632cd15b-de2b-4a3c-b3f7-830dc6df7997,34.082405083333335,-118.35742950000001,0,0
e1e3b074-a32b-47ea-b531-c87f27b96ebd,34.038841250000004,-118.2228775,0,0
14b1195f-a3e0-4505-8551-c022f395be62,34.08699798333334,-118.3298111,0,0
c4a40d3b-6470-4e4d-aef6-d2abd13f4429,34.0597992,-118.42176056666668,0,0
fb45e57b-dd16-46f2-8b14-c338d5d5b1d0,34.046707149999996,-118.23282623333334,0,0
8c977fff-91f5-4dd4-8ca3-06b10b1c1e0b,34.099720000000005,-118.32855988333334,0,0
6498dc93-a2b7-4550-8608-b4a8397bd2b2,34.027530666666664,-118.28329468333335,0,0
f0150188-d1de-43a6-84b8-67f4b78538fe,34.054821833333335,-118.29526466666667,0,0
e5d40c35-4fe0-4011-8114-5e7eddf3458c,34.08437728333333,-118.34412383333334,0,0
afbd3486-b9ad-45cb-a2e3-1cc263abff1b,33.9887085,-118.46284485,0,0
2b197a33-bbbf-4a71-a5c8-d097591acda2,34.10192871666666,-118.2897644,0,0
21faa339-f162-4fea-8841-cb5122669b27,34.05438995,-118.24181366666666,0,0
d6b2e604-7a1b-45ff-b108-a977b8acb1ea,34.10157013333333,-118.32192230000001,0,0
9aed219b-e864-4aea-810e-2b1e1b30796e,34.048088066666665,-118.30705261666665,0,0
af1f6c90-9066-4ca1-a31e-61e262bb7d01,33.96732033333333,-118.37706083333333,0,0
b5cc84a8-7e88-4922-b65f-94fe1332567a,34.08530806666667,-118.3612442,0,0
c0ee9fa0-66d1-461a-aaa0-bc1e4feb9437,34.08439255,-118.3612976,0,0
92ef4b6d-2916-40e4-870b-04c052845bc1,34.084419249999996,-118.36126708333335,0,0
b683503b-aa6d-457c-997c-b24ad2076435,34.084415433333334,-118.36127471666666,0,0
e941f63e-d0f3-4dae-bc23-ae4fc117ae48,34.08439255,-118.3612442,0,0
29687e08-d19c-4494-adbc-cdebab189cde,34.08443831666667,-118.36127471666666,0,0
9217a1bc-e58e-44e1-af9b-ad9ea71a5b71,34.083991999999995,-118.3612976,0,0
0b195afc-d748-4ec9-9469-824b4a715741,34.08398818333333,-118.36128998333334,0,0
61e99604-6682-4224-ae7f-42ae2628c749,34.08401108333333,-118.36126708333335,0,0
b4eb0fa8-0248-4ff6-b239-039156dc9b64,34.083972933333335,-118.36368560000001,0,0
47718d5a-d18e-4ecb-8718-b15903e8edc9,34.08395766666667,-118.36370086666666,0,0
f7591113-b7c8-4d83-aafd-03ffeedc5128,34.101379666666666,-118.36557216666667,0,0
e7fe0ce9-3399-4ede-8afa-2d9df1df7f83,33.961643216666666,-118.41654205000002,0,0
5e976308-39ba-46f5-a290-334865253cc6,34.09982681666667,-118.3309021,0,0
208305c1-7d96-4871-adf6-71d3e7ee0a0a,34.0369606,-118.23045348333332,0,0
a3fefa4c-b71d-4ec5-8427-fc2559793feb,34.101936333333335,-118.30553316666668,0,0
d7a59c75-9d2d-45ca-8e0a-1693c4b24f48,33.962297166666666,-118.42158716666667,0,0
0021c136-ff71-4503-a255-608379b37da4,34.08335494999999,-118.34529113333335,0,0
89686abc-69cc-492e-952d-20c9ad8795be,34.08338928333333,-118.34529876666666,0,0
037a541f-56ff-4bdc-a246-017840600982,34.08337783333333,-118.34527588333334,0,0
04c323d9-6ec5-4658-8099-b17bdab58187,34.08337783333333,-118.34526061666665,0,0
f0e09045-5419-4493-b760-d2355c8f0283,34.060707099999995,-118.44477845000002,0,0
7ec59a18-6a85-4f99-b517-3fcf8ea78318,34.08356475,-118.35548401666668,0,0
90e7315f-7944-439c-8b37-2447411ce275,34.08353423333333,-118.35544586666668,0,0
554cb4d7-4249-432d-bb6c-d54231dd5a33,34.08359528333334,-118.35546875,0,0
2766c5be-be8d-48ea-92ca-851ee62f83f5,34.08361053333333,-118.35545348333332,0,0
e34090e2-e6a3-4f73-9bea-a9d2afdd212a,34.0378418,-118.26045989999999,0,0
a120f1bb-e624-4533-acba-a35894ae7b8a,34.09446335,-118.33843231666667,0,0
237bf99a-67e7-48b0-a4bd-6cb5b14b548a,34.09446335,-118.33847808333333,0,0
659ac439-9d47-4be4-93c7-b091207175d3,34.0944365,-118.33833899999999,0,0
3c8db2f6-6156-4b4d-913d-9a0bd498fc3d,34.055900566666665,-118.24361419999998,0,0
16b16fda-96ab-47a2-8d9e-bf737f18259a,34.08130645000001,-118.23519135,0,0
9ddd9695-f8ba-43c7-bc1d-3b8ca409dad3,34.100555416666666,-118.32961273333333,0,0
1df2cbcb-bdd4-44be-b56e-033f86082a48,34.10054016666666,-118.32966613333335,0,0
8f6c54bc-4ba5-4839-b160-ebf6734dc27b,34.100555416666666,-118.32965850000001,0,0
3b4d56c4-d5e8-4774-91ec-fa5722d13c5f,34.09985351666667,-118.32972716666667,0,0
0718ba62-3b6c-47c4-9bda-a17b243a10dd,34.02735138333333,-118.34492493333333,0,0
d5111547-4025-486f-a2e0-152501312d5b,34.029631333333334,-118.41085116666666,0,0
ea2056e2-9a1c-4b84-b43f-47accb59c213,34.10054778333333,-118.33708191666668,0,0
288de3e7-3545-4f9a-bf5f-1673f5e89301,33.99715423333334,-118.4637909,0,0
267acc2c-8ffc-4c87-871f-cb70e34ea428,34.06475448333333,-118.24937438333333,0,0
ef939dbb-130a-4d6f-827e-cd71bafb3d0d,34.00584411666667,-118.30789948333334,0,0
276ea14d-510b-4907-b5c1-511181746110,33.995090483333335,-118.45108795,0,0
f1448d74-9b52-4c0e-b5fa-f8b555495894,33.995056149999996,-118.4511261,0,0
72408d1c-645b-4d16-89eb-b0a1aefa95f3,33.99506378333333,-118.45108795,0,0
b611995a-3dcd-4229-bcfa-ee6798c8f046,33.995086666666666,-118.45109558333334,0,0
8aa3f75e-c219-4927-a8a8-2bf9bbcf5feb,33.99503708333334,-118.4511261,0,0
00e12a06-2f51-4bd8-a405-dc63bba0cfd3,34.04852676666667,-118.2535553,0,0
6a81e680-b737-44a0-8e86-54376522f8f1,34.06294631666666,-118.44548798333332,0,0
77411791-009a-451b-b4ee-48441fd6e929,34.06656646666667,-118.4508667,0,0
91f9f7fe-0c2b-4331-8105-0a7fd8bd2ee1,34.051651,-118.24933625,0,0
cc18926f-9157-4975-9ae5-24e2443d1a49,34.04889678333333,-118.24207306666668,0,0
e9e7ee99-712b-4412-98e5-bd878c65755d,34.04182815,-118.25133515,0,0
133d4248-7058-481a-b9c1-f2f6d0fdcfe9,34.101783749999996,-118.34877013333335,0,0
0b683df5-0937-49e6-88f3-af0cb2b018be,34.07635498333333,-118.31695556666666,0,0
578bd997-60cb-426a-968f-2cabbbd97ca0,34.09812545,-118.34807586666666,0,0
655bf43c-3de5-43b4-91d4-cff4e4d6dc2f,34.037268499999996,-118.20575466666666,0,0
97961dbe-53d4-4c74-9948-b8e4fb3da3c2,34.062545783333334,-118.25870513333332,0,0
96123283-1346-475c-ac8d-ecf81921fb6e,34.02190866666667,-118.26438816666665,0,0
1c36d807-4860-4efd-bb03-5f0bdce7cf3f,34.04564666666667,-118.23764801666667,0,0
c3e2971f-80ac-4cb4-8164-16c1bf2282c0,34.05058616666667,-118.32760983333334,0,0
8d634a47-ba98-4eee-bf24-a56d40b3b3c4,34.04961013333333,-118.2417221,0,0
207bd003-bb8f-4794-8626-f54df70132f6,34.04800796666667,-118.46361541666666,0,0
48aae6fd-d30b-43a8-a77a-b49ae0f7a674,34.045780183333335,-118.23265074999999,0,0
bbd79f34-0ee4-4e6b-b472-c4ea45f35296,34.045784000000005,-118.23262023333334,0,0
9a44d57a-4945-4b25-80f2-c40be6b41a2f,34.04581451666666,-118.23256683333332,0,0
1f55ab02-b517-4bd0-8f96-b68e75edb484,34.045829766666664,-118.2325821,0,0
5d4a3098-896a-4e66-9ea9-d755d70516f6,34.038146966666666,-118.23414611666666,0,0
d3767f68-ba5d-44b5-bba1-a0ade45379db,34.04917145,-118.24552155,0,0
d95c662f-3447-44e7-8dac-a3b7a01317b5,34.00083541666667,-118.43973541666668,0,0
764bbb0c-4f84-4d72-8d78-26349a5073ac,34.02766418333333,-118.24743651666668,0,0
5d3f4cf4-4dc3-449d-a28c-b05b9c7c298a,34.01186751666667,-118.3203125,0,0
f4a5f49d-a4d5-450c-8c88-03ef80990072,34.10020446666667,-118.33092498333332,0,0
537b84af-7321-49ad-8fa4-4c99ca5369d8,34.10243988333333,-118.35010528333332,0,0
1c20817f-2f79-402d-a855-6cd0b72bfcde,33.98680115,-118.47140503333334,0,0
16066db4-8dc2-4f29-bb39-726cafbe9df3,34.0617714,-118.44818115000001,0,0
c0a99659-0a07-4c73-807e-3be18f75c457,33.9865036,-118.45520781666667,0,0
bde6e89c-028d-4753-a21a-d8d1f69037af,33.98653793333334,-118.45526123333333,0,0
e3c08430-8dfa-4b8a-8031-2b6db0d828fd,34.10044861666667,-118.32941436666667,0,0
d6ee1c75-3a25-45de-98ab-b483496bce3b,34.03654733333334,-118.22097383333333,0,0
72f63adc-253a-44bd-aab4-e2545979a0e8,34.03939438333334,-118.26419066666668,0,0
8b9f2eab-fd80-409b-bb0c-60e95382d351,34.043071749999996,-118.22197723333332,0,0
4a0b4485-9a8d-4917-a3d1-68857ee2a0e2,34.03540038333333,-118.30500793333334,0,0
c9d428a4-dd13-4fa2-9c68-74205449a560,34.044155116666666,-118.24536895000001,0,0
a008ba94-40e5-485e-b3e3-891660899b09,34.08396148333333,-118.26617431666666,0,0
7d0a16e4-587f-4ac5-aa21-d608970c6f9d,34.038463,-118.23266016666666,0,0
b4823e15-71a6-41e0-94f0-8442516fa6bf,33.9485054,-118.38581085,0,0
a2f7d40d-96a0-4e6e-b2b9-75f2d4979bda,34.029059833333335,-118.40960283333334,0,0
fd7a7e31-478f-4624-8b0f-6989f6589723,34.03810883333333,-118.33017730000002,0,0
81337336-471a-4ab9-a72b-611b2a679da6,34.049980166666664,-118.24214171666667,0,0
e8beaba2-e77c-411e-9b9f-9d8a00d79a0a,34.05649948333333,-118.23730468333333,0,0
36360fac-383d-4857-bc15-ac6f1cd2a375,34.041023249999995,-118.25212860000002,0,0
1aae5ffb-ea76-4c47-8c9b-09cba585f47b,34.0833168,-118.35585784999999,0,0
25279687-93ec-4fa0-b388-7279c4221c85,34.05426788333333,-118.24686431666666,0,0
69f931cc-621d-4324-bf1e-9e71f3ff34bd,34.04805833333333,-118.27709166666666,0,0
60da7672-927b-4a71-a150-70665eb0f586,34.08386611666666,-118.34992981666667,0,0
fe29a616-ba9c-4d43-bccc-cbeedc8a5b00,34.04429626666667,-118.23275756666665,0,0
79db0c69-017a-4b3a-81d4-4718435cb27b,34.05623166666667,-118.23990950000001,0,0
074e2dcf-b20d-47b0-9c9a-95a03bcb306f,34.060737616666664,-118.44593811666667,0,0
1432e80b-af4e-4bc8-b501-512f02044177,34.07989501666667,-118.35237885,0,0
b2642cbe-7e79-4e7a-a392-b419b1167448,34.10577011666667,-118.31718445,0,0
1fe61018-506a-44db-833f-90e2d881ecf2,34.078170783333334,-118.35317230000001,0,0
87003f85-e6be-4626-8bb4-3903a44f3a9f,34.03340911666667,-118.23234558333334,0,0
de9a07f8-55b5-4578-9fda-f5da76f411ff,33.9678688,-118.42022705,0,0
b688f0f4-a5f0-4a6f-8017-9bb54359a231,34.10558833333334,-118.31589483333333,0,0
c233c52c-1be8-4a9b-b16d-d2c55dcf6a3e,34.041095733333336,-118.44329833333335,0,0
1b951b4c-9291-4766-9e85-ec37696afeca,34.074621666666665,-118.32378233333333,0,0
11e323d2-03e8-442b-ba80-4381c6c219f5,34.04919666666667,-118.241437,0,0
116edba0-88b0-4b60-9eb6-1288046a02f1,34.16310883333333,-118.39571380000001,0,0
dd5a6559-1f36-4131-b160-a785d8c6107f,34.102874166666666,-118.32377133333333,0,0
1e7d1593-0a0a-4b67-b3b8-7790517031b3,34.071078166666666,-118.364904,0,0
27bd25a5-79a5-48b5-a136-c4f77f8aeea7,34.038028716666666,-118.22564696666669,0,0
7100c5b0-f4fb-4082-b7a4-d9e12bf72546,34.12135696666667,-118.29672241666667,0,0
b809d7c4-b7f7-4695-89ef-f9ff204a39e6,34.03544616666667,-118.25651549999999,0,0
747f8c91-fa4b-424e-a205-d7608103abf2,34.032432549999996,-118.24847411666666,0,0
85727b12-d20b-4065-b39c-683cfe28fc14,34.09785461666667,-118.32894135,0,0
fcf5f9d0-e6c5-4f52-950d-c0b62c3bb8a5,34.150258,-118.4315655,0,0
08bcd776-c097-487d-8bd3-55aa5260a73c,33.987789150000005,-118.45523835,0,0
260cc991-2323-4479-9c36-b492861a3ca6,34.076972966666666,-118.35645295,0,0
f550cc0a-5a51-406a-8a92-58daedd005ec,34.150554650000004,-118.35482025000002,0,0
85594e64-f61c-4ff2-88e2-2e3420f2378a,34.10237885,-118.34986114999998,0,0
81e91105-ef07-4f44-a956-de5df0d0a9b5,34.07263183333334,-118.31451416666665,0,0
2b62caa1-a01a-4a20-9e33-a7d0e3eee19b,34.04708481666667,-118.26487731666666,0,0
5558768c-fa71-47e8-882a-abe667507dd7,34.047008516666665,-118.2647705,0,0
0990926c-0e4f-46dd-b8d1-bf8b4ad29e98,34.153891333333334,-118.44887733333334,0,0
4aa735fd-639f-41c2-9789-1280af776d79,34.10195541666667,-118.29122161666668,0,0
3db3ea49-8d5e-46b0-a77c-3bbd02f07f20,34.083854683333335,-118.36535645000001,0,0
2f6fbf56-1eb5-40c5-95d0-7686cf829f63,34.0836525,-118.35794830000002,0,0
0c564a32-cadd-4014-a5f6-0fb31bd02153,33.98614501666667,-118.43868255000001,0,0
64fe645b-9734-445e-9893-ea7bd974c5e9,34.00624846666666,-118.4462204,0,0
77829658-ee5a-45bb-bb08-aa21668e55d9,34.15751266666667,-118.44451905,0,0
b7d809f0-e563-4a42-9d97-98f941cc0a50,34.097911833333335,-118.33013916666665,0,0
677798f7-41a5-4593-9ffe-802ae281b42c,34.1733551,-118.55931854999999,0,0
54ea63cd-5838-4046-8c1d-a68ed1bc930b,34.16642761666667,-118.39936064999999,1,0
5841c8af-6e95-4084-bf6a-d20c98edf31f,34.027545933333336,-118.29052734999999,0,0
a0d56033-1ad7-4d42-9959-3d3efdd73f8b,34.10459136666667,-118.28755951666666,0,0
245bb8ec-ab51-436a-a1b7-c623d245e160,34.10457933333333,-118.28761066666667,0,0
6a63dba6-233b-495c-ac33-910a47a74a97,34.03993583333333,-118.23081616666666,0,0
789ba71d-66fb-4e7e-970f-8614b26b57c7,34.10991286666667,-118.28763580000002,0,0
5b709995-02b4-4ed0-94b4-dcad3d573f05,34.109714333333336,-118.28755066666666,0,0
86762b04-38ea-404a-a718-aa886738bc8e,34.1097145,-118.28756713333333,0,0
5b90a8df-1d0e-461a-832a-2cdfa3093873,34.10973358333333,-118.2875824,0,0
8784b41a-fb8c-4702-90d4-f720d8c8d119,34.10974503333333,-118.28755188333335,0,0
efa4af20-1bc2-44e5-bdb1-1b82df158684,34.106956483333335,-118.28534698333333,0,0
1ac04539-a3a9-4662-bf77-e925025c65c4,34.10348783333333,-118.28732866666665,0,0
7e24244a-52dc-45af-bb83-0dcbadc7682a,34.103491166666664,-118.28734783333333,0,0
a8db8e3a-ea7b-4f46-9abc-1eddb26b5c7a,34.10349533333333,-118.287322,0,0
88e24690-4fe4-45d6-871f-2298f02bcc7b,34.1035055,-118.28733016666665,0,0
3656defa-f674-4653-a518-bd1bc7d44869,34.10278701666667,-118.28724670000001,0,0
ab8d4a9c-c7ac-4b23-b577-714e4b9452dc,34.08512878333333,-118.36798095,0,0
cf2ab97f-6102-4479-9f51-c8da17681d63,34.10661696666667,-118.34228515000001,0,0
5ce7ca32-efde-4eb4-b4b9-60d443fe6713,34.08393096666667,-118.36162566666665,0,0
db251296-0154-47d1-b3c1-97cd9aab1f2b,33.973934166666666,-118.40087128333334,0,0
2155b093-923b-4dfb-b704-842284879086,33.945598600000004,-118.37104796666667,0,0
51dd5e9e-394e-4167-9708-2cc793fae615,34.027269833333335,-118.42186633333334,0,0
fb0f4f64-bfd5-4e87-8f51-57b75e72b123,34.15547083333333,-118.45209916666666,0,0
210b8151-424f-462f-ba1c-ff3b8b0c4ea3,34.100708000000004,-118.3384018,0,0
d778ef84-c178-42d7-8e94-3d2f9d851703,34.15745545,-118.52869414999999,0,0
81447c68-55ca-4161-9871-bf59512f4cf2,34.09796523333333,-118.35617828333334,0,0
fa4cae33-f41e-4dc6-9596-490f35da68ff,34.09812165,-118.35092926666667,0,0
c4c851ec-079f-4e20-b4d6-8e1133b5bffe,34.0273552,-118.40938568333334,0,0
fc202a85-6935-4bfa-a570-82260db60287,34.10816916666667,-118.30801566666666,0,0
8e4a7ffc-e880-4b6f-bfa6-041adf01cf27,34.07256316666667,-118.36804961666667,0,0
29a8adc1-d0aa-4b88-ad97-29256784fae2,34.0762062,-118.35523223333333,0,0
f6ea9cf4-99b2-4fdc-b677-1d4cf359e16a,34.11909683333333,-118.29403699999999,0,0
23e2afcc-f3ac-41f2-8d10-6002b154dc85,34.083298166666665,-118.30792383333333,0,0
215369c9-65bd-4da4-832d-4d4fb86b7f62,34.0442276,-118.2325821,0,0
8dba05ac-7308-457f-8199-b96898519b48,34.09807968333334,-118.33505248333334,0,0
803210a0-5774-4371-aad5-0b1ea1a8db18,33.98611831666666,-118.45574188333333,0,0
35911d52-b078-4204-a996-33ea269e1f6f,34.09975815,-118.32966613333335,0,0
ba29cad2-b464-4231-80a4-b21292c12047,33.98650741666667,-118.45474243333335,0,0
708c1e5f-109d-40f1-a4a2-406bb98747ce,34.098606116666666,-118.34675598333334,0,0
2ce82f78-f96d-4e0c-99f1-8451b29ee6bd,34.03000983333333,-118.41194966666666,0,0
eba0acbd-2354-432c-92fb-48e42dc7a7d4,34.10072326666667,-118.32965088333334,0,0
eea304bb-c13c-41c3-a9de-502f15c67ec5,34.099296566666666,-118.31040954999999,0,0
d54811e0-c553-4674-b131-6e66803b173d,34.03916383333333,-118.21580033333333,0,0
13c46fb2-74b1-4292-aa54-589f0084fe2c,34.076271049999995,-118.26290130000001,0,0
64360374-b41a-4bbb-a0d7-210c353b5cac,34.09771346666666,-118.3552475,0,0
1a2264b2-408f-4d91-a108-f47752e82806,34.04713821666667,-118.2652893,0,0
af5c524d-0491-4fd2-9b48-3a9dbd5bafef,34.04727173333333,-118.26543426666667,0,0
9dd9025b-3b3e-4366-8850-df5ff09b7089,34.04435516666667,-118.26451616666667,0,0
5e291c2b-2280-47fc-9963-e23f5874deb7,34.10041808333334,-118.33103943333332,0,0
674f386b-8386-4cda-9a94-331f656fcf6b,34.01996993333333,-118.40659331666666,0,0
8e47b14b-9888-4128-b0e0-d09b2f00adf2,34.03465651666667,-118.23201751666666,0,0
2b4a4565-851c-4223-8121-b990ed4b6a90,33.984359733333335,-118.47148131666667,1,0
2b3d16fc-5d98-4db2-90e4-86e6d74ad590,34.098304750000004,-118.2976532,0,0
539862c1-df13-43f7-8be2-71ae509ab66e,34.0861702,-118.28071595000002,0,0
3ff97400-7d28-4db0-b2b0-53c9e48a9977,34.06069183333333,-118.44689178333334,0,0
bbddac7f-a695-400b-b003-27b3baadcafa,34.057264333333336,-118.44146966666668,0,0
4477c59e-a2bf-4665-9701-6d68de3bfc29,34.04847335,-118.36735535000001,0,0
5f90575a-4467-496f-ad8b-7423c909fecc,33.98875045,-118.45913696666666,0,0
8922ddb4-386f-4ece-b048-4f6fa8376b08,34.03523255,-118.23234558333334,0,0
0d022547-baad-4327-9103-0bd674811730,34.06416701666667,-118.31991576666665,0,0
672fc0d5-d75c-484e-baf0-d32d1629d7b0,34.064136500000004,-118.31991576666665,0,0
57c02f6c-09e8-4130-9ebe-d8c2c130ecba,34.02743911666666,-118.28044128333335,0,0
a1df59d3-aa91-4d5d-9a14-96959a669d79,33.9729805,-118.29351043333332,0,0
aab31b23-3e7b-4ca7-85d8-d223528a3b25,34.090881350000004,-118.31098938333335,0,0
9e3be483-f0e1-441f-b6d9-2e0dcccff9d9,34.06248093333333,-118.23854828333333,0,0
a5d4a119-e09a-4443-9f3c-54f4709853eb,34.076921,-118.355382,0,0
95ba7a27-821a-4244-89fc-cb68b88a9b7d,34.0355835,-118.25409698333333,0,0
140c29a9-5a2e-4477-8b42-f26c42981a10,34.04427338333333,-118.23254395000001,0,0
d577a637-288e-4d3f-bb23-ef2a58fedf5e,34.07497406666666,-118.31709289999999,0,0
748dcbae-1fc6-45b5-8768-da52be6e6d4a,34.02269745,-118.33743286666667,0,0
54a4a1f5-93ba-4916-a2cd-639afe1195d2,33.99568433333333,-118.46620466666667,0,0
dc11a9c0-3d86-44b8-97cc-b12c7624a498,34.044185633333335,-118.23264313333333,0,0
8cbcbe9e-6cc4-4009-a09a-5a8f30ae0ce4,34.045822150000006,-118.23443603333332,0,0
85e92cdc-18c3-4917-8bc1-243f3aa22ecb,34.07142016666667,-118.35509716666665,0,0
bad927ba-27cd-4a9d-b90d-c145fd80bba6,33.97771071666667,-118.39671324999999,0,0
2f0cfa63-bfa8-4e4a-b122-f945b8652d15,34.03489685,-118.19264983333332,0,0
21395d7a-25d7-4467-8477-b4d0e7c170da,34.144839166666664,-118.40422933333333,0,0
a5fb8ab3-e881-4630-8d25-06e3017a4b6e,33.99108886666667,-118.44970703333333,0,0
6a73b395-d154-4031-b275-a7b6138a412e,34.1492435,-118.47513816666667,0,0
216010a4-8b23-4168-a876-19550d32f208,34.0890541,-118.25032806666668,0,0
960d3083-6da6-4442-8109-3113570c1c36,34.00395583333333,-118.45034026666666,0,0
4754b7a6-58ce-4823-b3cb-a6e3d7aaf486,34.05129241666667,-118.26915741666666,0,0
895819c6-c7b8-4197-9c5e-056ed07a7b39,34.0464058,-118.23938751666668,0,0
3d67dc80-8817-47d0-a300-a279ed7c5196,34.099330900000005,-118.34999846666666,0,0
55b971b4-fd84-489f-9083-a8716d67dfde,34.0994606,-118.34993743333334,0,0
03fd3bf7-da18-4f5c-b4b2-e6608e9b004f,33.99038696666666,-118.4508667,0,0
a6ef171b-d27d-47e2-9bb7-8ca41cd6bf3a,34.02083968333333,-118.40219116666667,0,0
d63d1018-5576-4d32-91fc-3cc9677a6d7e,34.04804611666667,-118.23946380000001,0,0
d405399d-8aa7-4f8e-83aa-cce921e8ead3,34.04114151666667,-118.23625183333334,0,0
b650c94e-dba4-48c8-9c17-2264dd858f62,34.07402801666667,-118.32378386666666,0,0
bab52c1e-0938-4f6f-aaf9-75e1e55f12ec,34.062186,-118.41566783333334,0,0
998308b9-b535-4323-80d2-47a8aff974e9,33.98734283333333,-118.3308258,0,0
622c7cd5-def8-482d-80b8-5582f40ba474,33.987876899999996,-118.44717406666665,0,0
1580e46b-0480-4426-8af3-8298564d6367,34.098937983333336,-118.33096313333333,0,0
0a037c9d-fe3a-4931-9633-cae34f30138b,34.05449733333333,-118.23975733333333,0,0
bba6eaa9-e0c3-4657-96f0-83eeded5ba19,34.076370233333336,-118.36631775,0,0
8024d6a9-fc1c-4051-b1fe-5b794f531fe4,34.02652358333333,-118.41814423333332,0,0
c8a0da6c-4ff5-46bf-9107-2faade4b3f03,34.100528716666666,-118.33112335,0,0
7e05bc04-0f2b-49fd-8f92-a54195033471,34.100555416666666,-118.33110046666667,0,0
f9bed150-72a1-44ee-bd5b-2596566554f5,34.100490566666664,-118.33106231666667,0,0
0bbf957d-1e35-49d5-a296-cf827ee53721,34.04582595,-118.23555755000001,0,0
16b2c47e-cffb-48a5-b4f1-01036465aebc,34.1453476,-118.41411590000001,0,0
e474e645-e62b-4117-a874-8493c724094d,34.108975,-118.32529466666668,0,0
dae12b1e-80f8-4b84-9ad2-9e3dd0553910,34.14772933333334,-118.45294083333334,0,0
bead5b77-5dbf-4f13-806a-0cff7f9c574d,34.00222083333333,-118.4507655,0,0
ed373d6d-dbd4-491c-b994-faa834a1bc22,34.04488533333333,-118.26995033333333,0,0
a7b7239c-9ff9-411a-bc44-bfe718e70559,33.98893356666667,-118.46200561666667,0,0
a1b99d2a-8812-442c-9ddc-25a0418fb688,34.03643066666667,-118.25739466666667,0,0
5fa01314-c6dc-4ec9-ac68-88e885aa31ab,34.05465698333333,-118.44590760000001,0,0
cdef2b55-4cc4-47f0-b6ae-98f74669e3ef,34.05473708333333,-118.44593811666667,0,0
af733ed4-0dcd-4287-ad5f-cbd26967d365,34.05464935,-118.44589233333333,0,0
d27d43ae-764e-4575-818d-4d868735f6dc,34.05465316666667,-118.44589233333333,0,0
afd6394a-fbfd-4af9-8470-7312de651dce,34.001945500000005,-118.44276428333333,0,0
d5cd5ab8-ebc6-49af-84de-17da674671f8,34.10254288333333,-118.28754425000001,0,0
ece5ac11-4ea1-4c80-882b-1c7b0b7ed56b,34.1025505,-118.28751373333334,0,0
544f44e0-a588-4fe8-9b10-c607f80de28d,34.09815978333334,-118.32887268333334,0,0
939614af-18af-4c3e-99bf-572184c99798,34.0611229,-118.44488525,0,0
312b49cf-369f-4d0b-857b-335a3717fc3a,34.03641891666667,-118.25742340000001,0,0
f5d7f6c6-6ad8-47fb-b02f-d988e04185e4,34.101764683333336,-118.36511229999999,0,0
3eaf7c1f-4f7a-4e37-b573-122c77f55a4a,34.04489516666667,-118.19944,0,0
35c55aac-f834-4a90-b5e3-96bd845ab17f,34.08356475,-118.25059510000001,0,0
b6c0b6c0-6599-4d86-8074-7029a1690116,34.03264333333333,-118.2589535,0,0
2d54bfe2-a307-4919-8924-7ed6e4a4e999,34.10898208333333,-118.32530211666666,0,0
feb9331c-7a71-433f-891c-a9fc2b638abd,34.1005783,-118.33103943333332,0,0
d7bef280-d4ba-4e9f-8b8c-06364d7b78d6,34.03680801666667,-118.22101593333333,0,0
dc6efe8c-c05e-4a5a-b31a-9b31380e1c8d,34.155448916666664,-118.45211028333333,0,0
685f684d-7902-4210-88ac-495af4f83213,34.09810638333333,-118.35199738333334,0,0
5dd2a634-a6fd-40c4-8533-c21ba2ee0efb,33.975830083333335,-118.46012878333335,0,0
d2d151ac-2514-4644-969e-72487c08b3b7,34.0380783,-118.21815489999999,0,0
2a50d00f-2582-4dce-a783-f49c23808cad,34.038055416666666,-118.21813965000001,0,0
661db788-07f0-42e9-a261-6f8c2da1efc6,34.08374405,-118.34423828333333,0,0
39d2ce1a-a237-4031-b6ad-7155fbb3b887,34.083995816666665,-118.36130523333334,0,0
469b4a62-519a-4554-80bd-801cd271f393,33.98650741666667,-118.45516205,0,0
6d30a688-c888-488a-8b21-280b38c2a064,34.039099,-118.2547605,0,0
fce4d029-0388-443e-8826-d7def7974c4c,34.08356095,-118.3533554,0,0
d8c84ecd-9af0-4f3f-bf83-1ff4f27fc84f,34.0567131,-118.23729705,0,0
16e2a334-8228-4737-81ba-ffc8e3003c28,34.11799621666667,-118.29314423333332,0,0
0d2ffef0-7ac4-44a7-859c-8feac3f4009a,34.01979828333333,-118.24037170000001,0,0
fbf70ee1-09b0-4a16-abc8-c47d707d2ff6,34.09891128333334,-118.30721283333332,0,0
3329063b-36a6-4586-97a5-8adc4906e12e,34.10186216666667,-118.29155383333334,0,0
ab50fb09-965c-471d-825b-ef9b67e8b65f,34.07278061666667,-118.25601196666666,0,0
3702a2fa-e1c9-4004-8d17-7ac9ee3c1454,33.98882293333334,-118.46554565,0,0
07a8a2c6-5693-4d6d-82d7-2f4e781a6788,34.097763066666666,-118.3265686,0,0
cb0a5a32-e8d9-4060-ae7d-874ae5fa7344,34.106082916666665,-118.30829620000002,0,0
e37af4b6-a18b-4e7f-8287-3f30dff78e60,33.960372916666664,-118.39433288333333,0,0
dd939734-4b06-4402-84aa-8e80ac10e59d,34.01985168333333,-118.4067154,0,0
92e51861-0ade-423f-93d2-daa72cbd6c64,34.04209136666667,-118.46903228333333,0,0
ab7ed67c-86a5-44ec-b97b-1e9c8cd50db6,34.03295135,-118.23235321666668,0,0
a4bf5253-5ab4-4b6f-b98e-85d676742519,34.06105805,-118.44583130000001,0,0
f1c712bf-a2aa-4ec5-abab-daeacc7db122,34.06105805,-118.44586945,0,0
6dd955de-fff0-4431-b4a8-bc936e17373e,34.061065666666664,-118.44585418333332,0,0
096867bb-d9f8-46bf-9cfd-553d97c27cee,34.061038966666665,-118.44583893333332,0,0
68e56726-bcb2-4a35-9270-a1a06d33d50e,34.06103916666667,-118.44580416666668,0,0
d78f270d-3e9f-49ae-bd21-8d0e9c563b43,33.9992218,-118.47219848333334,0,0
97a13e6d-c120-4662-8a52-084d9a820461,34.06229018333333,-118.44702911666667,0,0
8e54121a-150f-4079-8f70-bcce1be2433a,34.079647066666666,-118.3584671,0,0
4a342fb3-3091-4d00-a790-f9a0c8a7b293,34.08333968333333,-118.3453064,0,0
844e3236-e7c7-4a40-aa4f-7bc1f93f9863,34.105964666666665,-118.33497620000001,0,0
8c02aa35-be53-4f16-be86-8439430b9919,33.9996376,-118.46899413333334,0,0
7a9e6b3b-0073-49a8-a471-6a69e271b618,34.043102266666665,-118.23049163333332,0,0
993d7b0a-0578-485e-bc32-39c685a7fc0a,34.036128999999995,-118.23453521666667,0,0
dd1fc33f-7c03-42b4-a1eb-c868e0e28c01,34.04424183333333,-118.23253066666666,0,0
abbbe4e4-e808-4903-88b0-615ea7ab42fb,33.99672698333333,-118.45249938333333,0,0
d3ab1da3-ab8b-4df5-a406-44f2ca6cd3b0,34.07543483333333,-118.25389033333335,0,0
d19f8dee-369d-4bc2-bef2-2f51e5bf24f8,34.0754242,-118.25382995,0,0
ab62d2a2-44ff-402d-899b-4882b75abe9f,34.03526688333333,-118.23231506666667,0,0
0b0a8840-36ba-4949-b283-25f04c047ae8,34.035289766666665,-118.23230743333333,0,0
20ac9127-a65d-4583-9a4e-d8a4d0976184,34.07129633333333,-118.32726433333333,0,0
2e56ffd9-0ceb-4623-bb60-041091d88a4d,34.042560583333334,-118.23275756666665,0,0
34f2f956-154b-4501-932b-a77e24b831f1,34.10047913333334,-118.33693694999998,0,0
13b82deb-8f60-4dcf-be00-f31a065bb206,34.061225883333336,-118.44554138333334,0,0
0cf3c99e-d4a0-458c-96b5-21e113085e15,34.06122383333333,-118.44555583333334,0,0
e3dce594-9c76-4d57-ba04-bb8208b5af70,34.041725166666666,-118.23516845,0,0
17a90eef-fc7a-4edf-8516-3afadca8c390,34.0630722,-118.44544983333331,0,0
89f48540-70db-4dec-a228-c9dfb6e26480,34.101001733333334,-118.29245758333333,0,0
78e45599-78e7-441d-9d43-0f7e2aeefbb5,34.02755066666667,-118.24760050000002,0,0
9ef463e9-e404-464b-8236-1540246fa3a9,34.04213333333333,-118.22623443333332,0,0
731698b4-dd33-46dd-957d-9a44f18e8837,34.04216733333333,-118.22624816666666,0,0
afc28a44-bf12-4ecc-b43f-4747b48614ac,34.083583833333336,-118.35635376666666,0,0
6cdd4ad2-644d-4bf6-b8f2-145f8a43735e,34.04444121666667,-118.23674011666665,0,0
e8da8381-4d99-4cdf-ac45-a53b1012e546,33.959083549999995,-118.39572143333335,0,0
e117148b-ece0-4abe-91de-d7b2a219df85,34.033485416666664,-118.44853210000001,0,0
98c81836-2937-47e8-9ecf-956b7a325971,34.06706933333333,-118.32261033333334,0,0
4603157f-2150-435f-8d01-843073a51c47,34.05004016666667,-118.34434816666665,0,0
b1a6ad26-1624-4d3b-9b50-2a44dd4f05b0,34.09966278333333,-118.33098601666667,0,0
8dcdcc1a-9a44-417f-a5c7-bd84eff9a217,34.0996666,-118.33097076666667,0,0
d30f5a4d-a974-45ec-a52b-a7d8fb8fe4f2,34.097549433333334,-118.30473328333333,0,0
f2d050a7-e218-4f5f-b23a-67cbb6c5ed39,34.10646438333333,-118.33354949999999,0,0
27090f40-d257-4799-84bc-e1c3e0b71d1a,33.98666381666667,-118.45385741666665,0,0
1fb7caa3-593f-4096-ab35-0994d61bcbd8,34.055725100000004,-118.4433899,0,0
d3739e75-2a03-4e7f-985e-edab46c4e2fc,34.10365816666667,-118.29087733333333,0,0
dd2b37c5-20d3-4c36-add8-87baff72a09a,34.10403061666667,-118.29118346666668,0,0
55579858-0040-43ce-8d40-da9aea16102d,34.10288238333333,-118.32379913333334,0,0
d5382ba3-b6d9-4d07-9825-1cdf0f220155,34.148286666666664,-118.44946866666666,0,0
ebe97e4f-606d-4337-b1b3-036d6827d729,34.068161016666664,-118.24085998333334,0,0
0383d02d-c597-4714-bfe8-019ba5c56eba,34.023179,-118.35943566666668,0,0
98147277-d480-466e-8d9c-14189043f3c6,34.068557733333336,-118.32431030000001,0,0
009ae04c-a0dc-45a5-ae9f-15a1632fd307,34.07498931666667,-118.31130981666665,0,0
b1e3f773-82c6-4d86-aac9-c3dfcecc847a,34.0653038,-118.24906921666667,0,0
9bbe2c4a-d4cb-4f11-a3fd-4dd3e902ec65,34.07629776666667,-118.35196685000001,0,0
d6fee76c-c129-430d-83de-d49a59ee47af,34.10095978333333,-118.28860473333334,0,0
66ab11ad-2995-494a-9ed1-570a3c456184,34.04026413333334,-118.2336731,0,0
7b50b9c8-6072-407b-b13c-9536e2eaca92,34.10393525,-118.28775786666665,0,0
e731bf76-b0e0-4d14-be49-e55a35e18a88,34.147155766666664,-118.44217681666666,0,0
e668aa5d-038d-43b7-bd93-907159224f12,34.056324000000004,-118.48897551666666,0,0
c359d922-09fc-4927-a341-537c49223807,34.07045365,-118.29129791666668,0,0
2c1a9999-b7bd-4494-b7a0-2d41231d8229,34.0881958,-118.32785796666667,0,0
18658fa7-3ea8-4b6c-82db-bdd7e45d5092,34.15284933333333,-118.44981600000001,0,0
6bf6e4ce-c59b-4a49-87a6-41a7a245a168,34.08401490000001,-118.36814116666667,0,0
f76101cf-b1ae-4975-a9cc-a90867953c1b,34.03952408333334,-118.23112488333332,0,0
6fc859ad-6cc3-49db-98ec-6b5bb4c146e0,34.0315895,-118.23075866666667,0,0
b7314ade-1004-4104-9a49-a39d0b3a9506,34.05437516666667,-118.26389583333334,0,0
ca699c87-3f38-4669-835c-33978af55359,34.0458641,-118.23632813333333,0,0
239367c0-ce60-4406-8e2a-94868ee29f89,34.04588318333333,-118.23633575000001,0,0
82bbfa20-5c32-4c9c-b6b0-905ebf22c5e0,34.09981918333334,-118.36532593333335,0,0
fe8a21f5-fd4e-4c64-aad7-72a34577ed7d,34.065521233333335,-118.23661041666668,0,0
8a41d9d0-147c-40b1-80c2-c22207a798d3,34.06552886666667,-118.23662566666665,0,0
4f724977-dd48-4270-9e2f-7a742f96cc04,34.06555556666667,-118.23657989999998,0,0
24a55c21-d9ef-4dba-8574-d47bf853c8f8,34.06547165,-118.23661804999999,0,0
bba9e5be-121c-47c8-82a4-7bc326b9b9a9,34.16604615000001,-118.55252074999999,0,0
cac73d35-1859-41d4-b571-65a219e15e3c,34.043151849999994,-118.23274231666667,0,0
f2a10c7a-83f4-4538-958f-923355298ce0,34.15205583333333,-118.45216283333333,0,0
39dde8d6-18cd-4549-bd48-a822f5359b49,34.08807755,-118.25988006666667,0,0
470c2ced-8c10-47b3-bf11-4729b70f2112,34.10894393333333,-118.32528686666667,0,0
0a7cfc84-0d14-4e94-a996-41cc3a5fff01,33.99687576666667,-118.42321776666668,0,0
5936d28b-a2bd-4b86-b73e-7de1b56cabce,34.08890151666667,-118.32557678333333,0,0
2ec3d848-557d-4d53-a45d-07f975f77050,34.073440166666664,-118.26388416666666,0,0
302902ca-b0e9-4b9a-b878-1d1e2ca74d28,34.106117250000004,-118.33350371666666,0,0
c17f2b98-cb22-4691-b36c-c2ffb6e40ccc,34.04748535,-118.41725158333333,0,0
4afd37df-2a92-4b6a-af91-4439442fc927,34.02739333333333,-118.28993225,0,0
8888071c-96e8-4266-874b-e28154cff60a,34.079625166666666,-118.3584845,0,0
ae9b3f12-1619-407c-84af-be4df9c94b27,34.09582901666667,-118.28778076666667,0,0
628aa025-9662-4809-a33c-1f9d070f63d6,34.02270816666667,-118.40301833333334,0,0
a35f1ad5-1fab-4d8f-812e-fc03f787100b,34.1040268,-118.29116821666666,0,0
1df20c54-586f-48a1-b24c-72b9c7e09c5f,34.05759811666667,-118.19657898333335,0,0
8895c5f0-35c8-48fe-9376-018d60c9b907,33.97410201666666,-118.39720916666666,0,0
d55c5a5a-6e5b-43c3-91dc-164716a87dac,34.013511650000005,-118.44868470000002,0,0
f3235d64-8d73-4be4-b3d8-7a43ab965b33,34.030090333333334,-118.25955199999999,0,0
31915589-6125-4d2b-ab01-530618ce65a8,34.03214666666667,-118.35643833333333,0,0
