bike_id,lat,lon,is_disabled,is_reserved
6aa5ad06-8a59-42c6-b4d5-12822b6dd378,34.04188918333333,-118.26622771666668,0,0
6db31217-e419-4358-a65d-48c9b0afa62d,34.044063566666665,-118.26509095000002,0,0
c496f728-d433-491a-a74c-f49d26f571bf,34.04697036666666,-118.27745818333332,0,0
6a64b10e-e837-477b-b04a-491de6f5afe8,34.01769256666667,-118.40914916666667,0,0
b4895b4a-0ac2-4c0f-be05-3ae5fbe7edec,34.10173416666667,-118.30848693333334,0,0
0afc5d37-e7d6-4489-9e1d-608e04319722,34.04318618333333,-118.27661895000001,0,0
0e5476ab-1738-47f2-9e21-66ef24d2ba4b,34.049382666666666,-118.23908816666666,0,0
73216f49-1c9b-4a6b-aa06-d1b5de7d8ee4,34.063930516666666,-118.44876861666668,0,0
55638f8d-6dcd-4f2d-90da-dd17a525a34e,34.044490816666666,-118.26463318333332,0,0
a8e43138-47fe-4a40-a5dc-b5709eacf345,33.984901433333334,-118.44296265,0,0
ec4e8e76-f05a-42a4-af24-bc7e018c754b,34.07234955,-118.45289611666666,0,0
5be88756-d17b-49ae-a3be-f8e64345faca,34.10169466666667,-118.30407599999998,0,0
24c63ed1-3318-4575-8807-9489526829ee,34.04542541666667,-118.26533508333333,0,0
ae94deab-0485-4839-9b91-69158673685f,34.069035666666664,-118.43895416666668,0,0
b4e0ccbb-a439-44ed-a572-a2c746ee3d55,34.10659416666667,-118.31147066666666,0,0
ed06096e-b67c-42ef-a0c4-a385adccb8e9,34.075862883333336,-118.25543213333334,0,0
57e0d122-0663-40ca-b5b6-d1014c4c3295,34.058814999999996,-118.44387816666668,0,0
6089be61-317e-4834-b1fb-6e3fa1275d77,34.106595666666664,-118.31147733333334,0,0
36cf45ad-ab2b-469f-ba20-7fa8511eff7f,34.072153,-118.45269416666666,0,0
bdfb0019-884e-4c08-b885-fd22305b28be,34.05958556666667,-118.4416809,0,0
9159901c-3620-46ac-8689-10f20f00b0ce,34.103866333333336,-118.34602716666669,0,0
524ba237-ac85-4f03-93f7-93e878adc60c,34.04504776666667,-118.26405335,0,0
3dbe0970-f6f9-4e76-a0cb-4f40d67c5a6b,34.10661696666667,-118.31143188333333,0,0
cc95d34d-c448-447a-8889-1663849fffe5,33.970275883333336,-118.42608643333332,0,0
baa11ce6-c037-4bf6-a285-9c54642e96b8,34.08803176666667,-118.34399413333334,0,0
1eff5318-8aa0-487c-848f-95db09c1cbe5,34.02644866666667,-118.37176966666667,0,0
14f6eb60-ab36-44e3-8add-3c32d41229d0,34.04224395000001,-118.26660156666667,0,0
5470f11f-96df-4a5d-a4f7-2542926a79a0,34.073265666666664,-118.45082750000002,0,0
5f5591dc-4e4c-4f4a-b70b-c6b40816f3db,34.10264206666667,-118.30928801666666,0,0
d52946d8-3841-4c07-9e86-96b7206a0d6e,34.06678771666667,-118.45414733333334,0,0
6f02fbf4-524b-4dfc-b24c-63adb45ec0e3,34.059146883333334,-118.44323729999999,0,0
fa249311-bc2e-4260-af28-a39136432222,34.044723516666664,-118.24130248333334,0,0
242254ba-e483-4bca-95e0-23d85f3b991e,34.061698916666664,-118.27353668333332,0,0
8678c593-05d8-4993-a9bd-08c52d26cc33,34.04512786666667,-118.26426696666667,0,0
766834ce-061e-45b4-92d5-0ce67340fb21,33.97642135,-118.45983886666666,0,0
666e53a3-30cb-4da1-a4d2-60c2019a41fd,34.064731599999995,-118.45204163333334,0,0
beca672d-976f-4808-988d-8ad571e82317,34.04679108333333,-118.25546265,0,0
70fa94a2-8907-4238-9362-838d8482b3bd,33.976990666666666,-118.37579466666666,0,0
bb506e81-def3-47a5-95f2-ac5718c374a9,34.047946933333336,-118.25766753333333,0,0
d6c4eeb0-d761-4655-9d0d-2563f4d7ea03,33.98142241666667,-118.46312713333333,0,0
bb296648-47c7-46bd-beae-4971d549aad1,34.056629183333335,-118.42549896666667,0,0
1998cc7f-1a30-49af-9d7e-55f1dbcb6ba1,34.07234016666666,-118.45290916666666,0,0
f3ddd84a-5ba4-4fab-a4b1-11ad7ccc4ab0,34.10171126666667,-118.30042266666666,1,0
3e24d615-6430-4e06-b2ff-9f40980f8593,34.10080718333334,-118.34502411666666,0,0
c014e087-bbed-4e06-883c-3ac3c269b0b2,33.9600563,-118.41664123333334,0,0
0e4f0c44-1b98-4fd9-9f65-d6fbbb37783d,34.07241058333333,-118.45293426666667,0,0
9a92237c-2dc7-4042-baa1-abdc7e8b7881,34.06671143333333,-118.4508133,0,0
fa02aeeb-1fc4-4eb8-8f9e-89075c00ea7d,34.06785583333333,-118.45463561666665,0,0
7e83149f-0e78-45b7-abb8-4126a7d9f676,34.07345963333333,-118.45265198333333,0,0
59f008e0-68d5-4379-aa37-7b3cfc9eb787,34.036767833333336,-118.43072933333333,0,0
e1fcb481-1007-4448-813b-3ab87fde0232,34.08804321666666,-118.34407806666668,0,0
00ab5f4e-146e-468d-bd11-000410fb3825,34.042926783333336,-118.25090026666666,0,0
ed8a4e69-63dc-4f92-89f5-8caf558ff5be,34.06904601666667,-118.44982909999999,0,0
9f24118e-8973-46d8-98e8-422b7c0efb2a,34.03404616666667,-118.39002989999999,1,0
9bcfb6b9-ce1e-4a98-bbdd-648dc9f4e925,34.10240173333333,-118.30921173333333,0,0
5245b89f-5143-4ed9-8e21-9e00537e5079,34.070720666666666,-118.45249938333333,0,0
b5115edd-1b73-4f9d-bd10-acec074f5db7,34.0998764,-118.33113098333334,0,0
bdab2bb8-def9-47ae-8af7-c95bc505ae65,34.07328415,-118.45256041666669,0,0
8aab45e6-ebf5-4f91-a4ac-3671d49bd02d,34.04236603333333,-118.46968841666667,0,0
cecd20a6-31d3-4a86-b344-e70b70b0ba1f,34.04954146666667,-118.27450561666667,0,0
c55b6cf0-e000-4cc0-a314-9372426ceb20,33.97372233333333,-118.45766366666666,0,0
97b52a85-dd81-4c00-99d9-61d20ec8d74a,34.05901718333334,-118.44335174999999,0,0
e296305e-2d43-4107-9122-978cc0e1a425,33.99736023333333,-118.43470001666668,0,0
eeaf654e-8a87-4480-b5f9-9c9afbaeb239,34.096492766666664,-118.33860778333334,0,0
4cd93236-959c-4091-8c0b-8b7929926ff5,34.04434585,-118.26483155,0,0
33009217-03f5-4f0c-8f93-28a97ff20026,34.04485703333333,-118.26396941666665,0,0
8f66393d-c141-428b-845a-7664512b45c5,34.05729675,-118.42471313333333,0,0
873c48af-6b24-464e-827d-7f335fb6d55a,34.04414748333333,-118.2651596,0,0
f0a53917-313e-4f83-9a03-dc025ed6681c,34.0437851,-118.25833130000001,0,0
eae83d8f-404c-4f4f-a453-917457edaeba,34.08400116666667,-118.36160316666668,0,0
3bb53ff4-4faf-438c-9ff9-3a047b196306,34.04420471666666,-118.26476288333333,0,0
80404741-6194-4802-a644-2d5189a70ef7,34.0632515,-118.28332520000001,0,0
2be2d5b1-9307-49df-baa9-f7163bfd2c51,34.0264495,-118.371773,0,0
701c51c4-007a-497d-acca-6c383c39cd91,34.04764938333334,-118.26410675000001,0,0
88d544bc-cdd1-4232-b117-0bbda48fe5e5,34.049419400000005,-118.27457428333334,0,0
eff3f9ad-30f5-4cfa-b9da-13eae296b3b7,34.101642616666666,-118.30900573333332,0,0
f56c4331-d3bb-4471-8e50-a22d52ed02e5,34.083496100000005,-118.30704498333334,0,0
bafa4abf-570b-42da-b28d-b49140efea97,34.04938125,-118.25226593333333,0,0
86cee592-248f-4711-b068-6f6f49a51fc8,34.058731083333335,-118.44413756666667,0,0
648dcbb4-d99a-43ae-8607-c727cf9fa101,33.98570251666667,-118.44377899999999,0,0
2bfc4bc5-c1e6-4744-b2c9-0049a7cfad77,34.04375076666667,-118.25469208333334,0,0
8464302e-1500-4ffa-af35-00fb14a5d14a,34.07041168333333,-118.45207215,0,0
4732ba9e-6bb7-4e5c-95a1-45bbfd6e5168,34.0615921,-118.44139098333332,0,0
cfd9d3fe-fa08-4c5b-98f7-3ce821cf72e4,34.04561615,-118.2659378,0,0
420fcc4d-e215-436c-ab5a-f076eb248796,34.04552078333334,-118.26569366666666,0,0
586e4324-e56e-43ad-b386-df1d6307333f,34.06383133333333,-118.41409301666665,0,0
e3985693-e129-40f9-835b-8a8e4ef44adb,34.02419281666666,-118.28541564999999,0,0
e8264412-0212-4e51-8388-dfe1c118e81c,34.05047606666667,-118.26446533333335,0,0
04cb212b-8039-4958-88d5-47ae56f3d95f,34.08097076666666,-118.34423828333333,0,0
3cced68e-ecd1-4009-a8e1-c4e3f448b5f8,34.01859283333333,-118.28222656666667,0,0
879d6a88-118b-49ad-9728-83aeaa41ed0e,34.07009506666667,-118.45305633333334,0,0
bbdc58da-f8ee-4016-a036-7b8b70f9b1f7,34.06924438333333,-118.4516449,0,0
83a0ccf2-31a3-44cd-872f-5f7820664d57,34.04571915,-118.25798798333332,0,0
c0d2ad35-5204-442e-9a5b-9d7e19e83517,34.06789466666667,-118.44961433333334,0,0
b34fd14d-da42-4765-911c-06994f36f820,34.01102448333334,-118.29251861666668,0,0
e71781b5-01a0-4f0a-9187-936c10e779e8,34.022686,-118.33680725,0,0
c67c6cef-91b8-4fe1-9339-5c0988626fca,34.07343673333333,-118.45263671666667,0,0
a2031424-aeb5-4f3b-ab4c-3c0aae3055d5,34.06672016666666,-118.45079766666667,0,0
1ac10499-4fbe-4465-bdb1-d12e23cc1a77,34.06433105,-118.440979,0,0
dd64b2aa-7491-4025-9b21-0680840caa8a,34.09986496666667,-118.289505,0,0
8ca005b0-2c60-4741-b234-0742e3854c2f,34.05894851666667,-118.44323729999999,0,0
5dcd0369-bb7f-4a0f-b7ca-493144d4e747,33.98945998333333,-118.46212005000001,0,0
373dd5a8-b150-43f7-b06b-e50f05cf72de,34.04553223333333,-118.26581573333333,0,0
653cb33f-999f-4111-a31c-70abbd9a4810,34.088378899999995,-118.34410858333334,0,0
b4edbdda-9372-4b9a-b8f6-502445b9339b,34.027389533333334,-118.28936768333332,0,0
7bcbad81-2fc9-4e54-84ff-078b85967ea2,34.03050231666667,-118.41612243333333,0,0
fb59f5e5-e01e-4cf8-bc1d-fd22aa123b0c,34.154404500000005,-118.43668733333334,0,0
e7eacab2-8b88-4b4d-b16c-9d6240360c56,34.06703568333333,-118.45462798333334,0,0
34109b65-5d0d-4e2e-852b-144f8a8fbe04,34.06178033333333,-118.32562033333333,0,0
129c3f42-3e58-40d2-a5f3-18c45d42fcfc,33.99735166666667,-118.43473733333333,0,0
e384f7b5-5a59-48c7-96ae-b922b1eda83c,34.0482254,-118.31724548333335,0,0
341ed5d1-2910-4778-9413-517ff4d09049,34.10008621666667,-118.33259583333331,0,0
04ccd44d-4eed-41c1-9627-edbac9b33a58,34.0979271,-118.28674316666665,0,0
39b36a79-cf22-4ed2-828a-96b278e4de84,33.99876785,-118.46282958333335,0,0
a971f9a1-0447-40c4-a410-c7766eeb9987,34.0991005,-118.34150566666668,0,0
b9f00bea-63b6-45b5-b92e-0978dd663971,34.01102828333333,-118.29122161666668,1,0
77700fd1-ae5d-425c-9ab3-57f39159c019,34.05895615,-118.4433899,0,0
41409821-4770-47f1-a85d-3a99124d2162,34.046421050000006,-118.24237823333333,0,0
5086f010-c99d-499e-9084-49866c2f2a82,34.05833435,-118.44532013333334,0,0
fa43df19-5051-4d98-bdfe-2e564f35502a,34.02643316666667,-118.37177183333333,0,0
61f7b510-35c9-44dc-a8a7-7b8ce73f2e4e,34.071064166666666,-118.45179033333334,0,0
f0b4e5d0-71f9-414f-acd1-ddb61e3611b1,34.063777916666666,-118.44902038333333,0,0
810c2feb-c313-45b2-a8b2-84ea17da96ed,34.026966099999996,-118.37193298333335,0,0
9b2dd299-2a76-40b0-b518-a5b7f2404a7e,34.038684849999996,-118.46756744999999,0,0
a54efb1c-acc2-46d7-946c-64ee0ff459e4,34.049804683333335,-118.26024628333334,0,0
83453279-d39d-4b7a-a0e4-b2d873f5a645,34.04547118333333,-118.26561736666666,0,0
9ddf15a3-23bf-47f6-8154-8eece736bb3e,34.04940033333333,-118.27458191666668,0,0
6a8c8439-7890-4935-96d2-0146e9d25184,34.0414238,-118.2228775,0,0
79fddaa1-1e0d-4a3d-a5eb-6c5fece73633,34.05934143333333,-118.44165038333334,0,0
d199d6a0-80e6-4fa8-9ece-5affa1eca028,34.04595185,-118.26702881666667,0,0
eb27d854-3754-48a2-aacd-0a6a22c3c7b7,34.06983566666667,-118.45107269999998,0,0
f4772507-b40e-4602-ad16-2a06797b1a87,34.04476928333334,-118.2637024,0,0
deb98c75-c827-420c-89cd-093efa6c4351,34.094165800000006,-118.33094025,0,0
bbbdcdf3-f10a-4663-99d6-02ce86743bb9,34.06360626666667,-118.44724273333334,0,0
aa03865f-4ff9-4ee4-8017-205d37157cde,34.06429671666667,-118.45229339999999,0,0
1c08408f-f3fc-45fe-b838-2b6173f2c231,34.06163406666667,-118.4413681,0,0
e5060673-699c-442b-9e51-f3f0e57a3a1b,34.046459199999994,-118.25727081666668,0,0
7be9f2e4-1efa-4385-899f-01df867715c1,34.07004928333333,-118.30910491666667,0,0
15e745f7-d2bf-47f8-a74c-62b1bb05fd26,34.02633285,-118.37172698333333,0,0
67eeda89-dbc2-44b3-b9aa-ea49ec079fef,34.04944228333333,-118.27457428333334,0,0
9f7b5223-0071-4e03-98b2-fe7e1e6f4e19,34.019466400000006,-118.32269286666666,0,0
4a5bf987-83cd-415e-84d2-141159ff287e,34.05730438333333,-118.42469025,0,0
4b7aabc0-a9a7-4b8e-b45e-cf8878f8ea90,34.043556216666666,-118.2651825,0,0
6ab42a2d-ead5-4d1b-9b29-57b1bccf1972,34.06356048333334,-118.44688415,0,0
a32dacf9-5e90-4f9f-a378-496aa8e205b4,34.10256195,-118.30932616666665,0,0
0645a753-412e-4c88-aad2-ada3297741a5,34.04546356666666,-118.26561736666666,0,0
ea508d94-9e38-4830-a4d0-9b413a5ced21,34.05658721666667,-118.42552185000001,0,0
079c6741-7e6a-4201-b7d6-1f818f35cb07,34.10369491666667,-118.34336090000001,0,0
ef849730-ab5f-4fbd-a652-d26c6527e113,34.058139800000006,-118.44598388333334,0,0
ef8781eb-ced0-4967-bfa9-e62f378c0070,34.06459426666667,-118.44795989999999,1,0
6e67ca0d-bef5-44bd-92c2-c79863636bd3,34.044886,-118.25635516666668,0,0
44c39a75-51da-4022-9f47-5f2ccab608ac,34.08338928333333,-118.34074401666666,0,0
7a906d24-3643-4fc2-978d-5a5e756167ff,33.9918518,-118.46842193333332,0,0
a629a7ce-c1db-4885-8017-e8834ecd49ee,34.03294753333333,-118.26846313333333,0,0
d4cb62b3-39de-4724-aa00-514f48a16fcb,34.068552833333335,-118.45261733333334,0,0
c032dc3f-c928-483b-a28b-cb8f5b0a564a,34.073303216666666,-118.44989776666668,0,0
c50c764c-5873-4be1-ad6a-cdf836092948,34.0589447,-118.44347381666667,0,0
8799b266-36f8-4f53-9b02-9f83bfd8301c,34.05892945,-118.44355011666667,0,0
0b4718f6-d345-49f1-b392-81b44e27925e,34.04895401666667,-118.36746215,0,0
0c8a39c8-7a37-4829-9378-1c27ec9d7a22,34.040892166666666,-118.45658566666667,0,0
0cb45646-2e46-42d4-a963-4131ad4cfbe1,34.0437088,-118.25299835,0,0
76cef612-b07d-4ad9-b035-3204b66f613b,34.058757783333334,-118.44380188333335,0,0
98f33ef9-2110-4d55-9ff0-ce4af8c2dddc,34.07761001666667,-118.43964386666667,0,0
067f69d1-502c-4950-a208-6d1a1487d83d,34.05517196666666,-118.27371215,0,0
478294a6-11bf-4942-b256-8284ff9d1a87,34.05521775,-118.27368163333334,0,0
14f75469-af3b-48b8-8438-4b841a12ce5d,34.05516051666667,-118.27374268333332,0,0
992407b2-aa40-4294-aaf2-e2751f7730d1,34.04288483333333,-118.45953368333333,0,0
c2b906ff-5e02-4df1-9ec7-bda04dde01bf,34.04076766666667,-118.26789856666667,0,0
666c208f-dce8-43b9-9eaa-b82df7f2f9b0,34.073370999999995,-118.45270766666665,0,0
93dea9eb-5478-4729-a697-8d7e53671c64,34.06388066666667,-118.44882983333333,0,0
d4105701-069c-46e0-bd54-10d7120ee64c,34.07335281666667,-118.45246125,0,0
0b5eead6-4703-4fd5-8a94-d681133b92fe,34.028778083333336,-118.26985931666668,0,0
0d18e214-e88e-45a8-89d6-2d3ad4a61764,34.011013033333334,-118.2925415,0,0
df239eed-5023-4d1f-b0e5-c0d396f0bd4b,34.073574066666666,-118.45201873333332,0,0
8be161b0-24a6-4882-aa45-011e456913e8,34.04960251666667,-118.26029968333333,0,0
ade1626f-fa27-4a65-bf69-80dbcda49c3c,34.067678666666666,-118.43939683333335,0,0
407048d9-4c4e-40ae-9626-b5a4e04ea299,33.998805999999995,-118.43212890000001,0,0
05c6bb46-4f50-4ded-a9b3-32526e5b9b29,34.059009550000006,-118.44309998333334,0,0
4c78ab57-3ed6-468d-beed-706919503ea5,34.049808500000005,-118.24928283333333,0,0
ee5ef171-aa29-4dc9-9375-e46fea6d5159,34.0495758,-118.27454376666668,0,0
659ce348-1d2e-4707-b9e4-a84d3f11fa4b,34.06936645,-118.45373534999999,0,0
5eaaa9c4-ef98-452a-9e7e-c41c1a0a0bd4,34.10183335,-118.30852508333334,0,0
9399403c-0ed1-4718-a019-b0ac391a084d,34.189647666666666,-118.44449615,0,0
2fe5819f-409f-4902-9837-3b170e2302bd,34.10174178333333,-118.30858611666666,0,0
ffab2c57-de87-4632-8f44-55733d6dae8b,34.069118499999995,-118.44940184999999,1,0
a1a20513-3cef-4ba0-9b0a-c4204690789f,34.02633285,-118.37207795,0,0
c2c18d8e-151b-48b4-9930-1d378fb40a4a,34.04036713333333,-118.26644135,0,0
ebb6f6a6-6512-4f29-8f93-754a7914a056,34.06474305,-118.45078278333334,0,0
86ed6f74-f104-496d-9ef2-858a2a168bdb,34.06488266666667,-118.45075433333335,0,0
18555fdc-ca03-4710-b3ee-ad1b57f1fbf4,34.065235333333334,-118.45081950000001,0,0
b07f801b-9534-470d-a4d6-215a9209bad5,34.10071563333334,-118.3449707,0,0
ffd6e0fd-2e92-47ea-858a-2de555c66794,34.02643966666667,-118.37177276666668,0,0
c3e4988e-f989-489d-9243-ef8513602690,34.088050849999995,-118.34409331666666,0,0
1c6d83b2-2c23-4da0-8d46-55632c5eea94,34.069393149999996,-118.4536972,0,0
113c35f3-7d92-4ee0-b4d9-b935368c5af1,34.036106116666666,-118.30878448333333,0,0
2b283a2f-fcd0-49fc-b313-bcf46948d4f1,34.063621516666664,-118.44363403333334,0,0
c6945598-20c2-40d1-9233-7b5f4adb3c12,34.019732,-118.28124000000001,0,0
0f1b868f-edbf-4ba5-b8c8-8f5349f5656d,34.047786716666664,-118.44351196666666,0,0
968e66d7-f36d-4a55-b90e-c29c310851ec,34.101749416666664,-118.30854034999999,0,0
db1a0c58-3175-46a6-aaf5-a6619c2510fd,34.07312011666667,-118.36146545000001,0,0
a1eec12b-787f-47cc-94f5-3bb42bcb603e,34.043613433333334,-118.46808625,0,0
98cccbfe-ab66-42fb-9f1a-58ce8dc57f30,34.048309333333336,-118.24500275,0,0
7abecd10-c409-4a60-8fbf-056eb377690a,34.07280733333334,-118.44976966666667,0,0
b8e528dc-cd6b-4a3f-85a8-5353d3765d8b,34.07045365,-118.45481873333334,0,0
0c5be655-f6f3-44d7-b42b-cb909a669428,34.075943,-118.44054413333333,0,0
b08b7638-1979-4482-bfa3-9f257074b7ab,34.02643585,-118.37174224999998,0,0
bd24ccfb-afed-4dd9-a4a4-59c6da436c43,34.02650716666667,-118.37177083333333,0,0
37335565-d843-4103-9fa1-9fcc032b9995,34.04967498333333,-118.24380493333335,0,0
695129de-18f0-4ee2-8eaa-e053d21cc549,34.08804703333333,-118.34411621666668,0,0
0bcf4055-9431-42cf-9938-c1e60c7c1f18,34.05029296666667,-118.27505493333335,0,0
10cb0815-5af8-4768-b8ac-1b765b5239dd,34.105247500000004,-118.32910156666667,0,0
b6176743-699b-4912-9367-13b2d70d8552,34.05267715,-118.24150085000001,0,0
c00fcf1c-471b-407e-bff6-cc7e59d5917a,34.059177399999996,-118.44210051666666,0,0
1f83c0be-a567-42a1-b52f-c015f6879b1a,34.05020141666667,-118.25380706666668,0,0
d8913838-7940-4439-ad90-0c11f915bfd2,34.068155499999996,-118.45155716666667,0,0
e1c6abb3-a03a-4255-a620-13548a3e4071,34.06815483333333,-118.45154516666668,0,0
9fdebb44-9323-4c2b-b2e0-4301ae246b27,34.0681839,-118.45153808333335,0,0
a483e938-b520-4ca8-b459-28dfe43572a3,34.06814116666667,-118.45154050000001,0,0
9d0be48b-352d-435f-bc24-b45d962070ea,34.020584099999994,-118.35474395000001,0,0
02a885df-9dc1-454c-bec3-478f14c6dd50,34.02760315,-118.42844391666668,0,0
f0bfafd4-4b69-43c9-abb2-d4786a95d53c,34.06285858333333,-118.45195006666667,0,0
5f794014-1e06-43e5-a439-747f8d8aaca1,34.059150700000004,-118.44150543333332,0,0
3c45d2a6-07ba-4cfd-a65b-e1a3e0ae60c1,34.06432723333333,-118.44095611666668,0,0
b87403d7-f450-46d0-b78a-64a5579713f0,34.06520843333333,-118.44812775,0,0
c545734e-a92c-4645-b15a-88a3d2cf818f,34.07070541666667,-118.4525528,0,0
dd2bb63c-6dcf-48d9-bbec-a6015d6503ad,34.0639,-118.44871521666667,0,0
e6098ee0-b776-4ce8-b09e-0b8b1edfaea9,33.98290633333333,-118.46051025,0,0
707018ff-bcc4-455d-828e-a49f8f932aac,34.04537581666667,-118.26049041666666,0,0
f7911da2-e630-4846-b49f-084a43dbf2e0,34.04853058333333,-118.26076508333333,0,0
c89f69bb-269c-4e56-b8e0-08e15e7018b8,34.07426833333333,-118.44326019999998,0,0
1e803f70-b18f-4087-be6c-4b5f8640a5b0,34.02253723333333,-118.25880431666668,0,0
19ade19d-19c3-4db8-a6ce-2e634967a98f,34.123845833333334,-118.37540883333334,1,0
4f5618b9-a7c4-4a65-97e7-9b3729b9117a,33.98097991666667,-118.43939208333335,0,0
76ca97dd-e152-4d45-9a4a-78651c2b4eac,34.068321233333336,-118.44919586666668,0,0
5052ef88-1517-45fe-ab73-a2d3d42cc8c8,34.10351943333333,-118.34784698333333,0,0
e3dd1983-7d45-41c8-ba66-51db8b37a396,34.0454195,-118.26074933333332,0,0
4cab717d-0b8c-41d8-9fff-725c75bc2675,34.045269016666666,-118.2605896,0,0
f0e3756d-6fc8-4978-9338-a558f68f7579,34.05040733333333,-118.26458966666665,1,0
1fbf9bf7-7a65-4ea7-9936-08a275647ac9,34.03073883333333,-118.44953155,0,0
11ec0234-05bc-45a8-98d3-7914eda3f053,33.985923766666666,-118.44287109999999,0,0
37d1c5b0-e191-4253-b087-171fe0da1563,34.044205166666664,-118.24371666666666,0,0
c83a681c-a372-419f-8b1c-7138d84400be,34.06495666666667,-118.44786835000001,0,0
239c56ba-b311-40ab-8d8c-e4f1cb10b44f,34.065361016666664,-118.44985198333333,0,0
ca697024-9a90-4026-8d65-70f418333482,34.062786100000004,-118.258667,0,0
f0446acb-5bc5-4ecb-9615-86c5e40dfc02,34.03810883333333,-118.26246643333334,0,0
eff7078f-f971-4de0-897f-bffdddbafc3b,34.025352483333336,-118.39427948333332,0,0
c2d66a21-bf4d-4774-adfd-15fd9b5c55aa,34.045356500000004,-118.25728616666666,0,0
614734ad-0c77-4082-b9a6-0373896f23f3,34.19188308333333,-118.59278106666667,0,0
ae73db72-b7da-4ae3-88cc-c686bc2d1e80,34.06701278333333,-118.45216370000001,0,0
02c8838e-5325-4a13-b784-c11a427669f2,33.985023500000004,-118.45707703333333,0,0
6dbc2347-0707-4626-9fc7-ab9d7e6b2ade,34.065601349999994,-118.45060729999999,0,0
2846b232-15ae-4b1f-aad6-ddf91183ca96,34.045475,-118.26086425,0,0
6c5165b5-0f53-4ef7-a0a2-e968491831e1,34.04542541666667,-118.26079560000001,0,0
4e544403-8585-46b5-9671-f7a3397b0673,34.045404833333336,-118.26082433333335,0,0
b1c3f542-0fed-4840-8edb-ebfaa4d75db8,34.04555893333334,-118.26076508333333,0,0
64c7d1d9-5280-4f00-9f7a-ac2a43c16754,34.09692765,-118.30916595,1,0
361dccfb-3e85-4925-bc92-286b6fb7b418,34.101757049999996,-118.30122375,0,0
e03244c6-df31-4411-8881-10c69cff9fbf,34.02705383333333,-118.27596283333332,0,0
8d9301b8-f5ac-45d8-96b7-5e10d508dae5,34.0457344,-118.26669311666667,0,0
01891d61-90e3-46b6-bc3f-78b2152eacf9,34.009864799999995,-118.29715728333333,0,0
2d0cf69f-5edc-48d0-b5be-fd4ab6d21606,34.09453583333333,-118.35696411666667,0,0
5bd7819b-b0ea-47fc-952a-8c71082f82e4,34.04285811666667,-118.26073455,0,0
e994f851-a222-45a4-aded-0c57af4b3aef,33.98957443333334,-118.47401428333333,0,0
3ad8af29-d1a1-4bf1-97d0-12146856f4d8,34.05908203333333,-118.44319153333332,0,0
54c3172e-c536-400f-a347-17d95ed62108,34.06808471666667,-118.45249176666667,0,0
f7baf134-9045-4d64-b2a4-7fe11dc19d04,34.068077083333336,-118.45247650000002,0,0
d85675fd-e115-46c6-bc49-e31dfdd19130,34.06667328333333,-118.45204163333334,0,0
95e072e1-faa9-4924-bc78-5edfa2496b47,34.066688533333334,-118.45204925000002,0,0
5595bd32-1d09-4f5e-abbb-5882d3da8aed,34.06666946666667,-118.45204925000002,0,0
19910b4f-931d-48a2-a528-a4958d6e3e8e,34.10290908333333,-118.33756256666666,0,0
2a8343b6-00b1-4544-942a-f3070f22fb11,34.088062283333336,-118.343956,0,0
cc865505-e26d-41d6-969b-9d3241e00e05,34.10077285,-118.34504700000001,0,0
5eba020e-1397-48b1-babd-5f32ea854662,34.067142483333335,-118.45223998333334,0,0
7d950089-ffb9-4e14-bfb6-bb485d5f0ab9,34.067382816666665,-118.44966888333332,0,0
d3cd432b-2a92-4947-bee6-48632a674c66,33.9856453,-118.44374085,0,0
83222528-a4be-44f2-ab91-beb6848cb15e,34.058918,-118.44348145000001,0,0
9e02a0ae-6f7f-4c54-8c28-58827ae7485f,34.0282402,-118.2804718,0,0
2109fad6-5140-43d2-8b6d-c6c4149f4e79,34.07055663333333,-118.45370483333333,0,0
50def1f4-dfad-4e03-9077-b64a5f4f4e3c,34.07049178333333,-118.45215606666667,0,0
8b3de4ad-44a7-457a-ac8b-99581ae5f60a,33.985980983333334,-118.44279479999999,0,0
13bac5e6-751c-447a-90a3-6ae48f57778a,34.07951355,-118.28696441666668,0,0
4e26a40a-cce7-4e1a-b8b8-67e19de995b0,34.0555458,-118.2539444,1,0
bd155d7f-c03c-4df1-bdf5-885af036de8c,34.05816268333333,-118.27598571666667,1,0
d6790cff-b15f-46d2-b694-93a81e4bf545,34.07109833333333,-118.45171356666667,0,0
6423a795-2dfa-4e88-92ab-0963070e7700,34.05295181666667,-118.41696166666667,0,0
cf0552c9-da48-4605-911f-31f17b1ce1ca,34.06433486666666,-118.44096375,0,0
213bb6f6-ed96-4310-9f88-4cd900d92180,34.06363296666667,-118.44850158333333,0,0
5ba58a10-f95a-4917-99e0-a70c3f0dba3e,34.10251998333333,-118.30923461666667,0,0
c68bd85f-0cb6-4fd8-ae4f-5dd13e21b281,34.042442333333334,-118.24550366666666,0,0
2e0e7a7a-2203-4c2a-8b3c-913df1f038e5,34.02631378333333,-118.37187958333334,0,0
ab389104-de0b-41b0-a03e-b2340b31307e,34.04538933333333,-118.25733883333332,0,0
beafd359-55f9-4d41-8465-a29aa60408fa,34.0683403,-118.44917296666667,0,0
fa83c796-8495-4e06-bcd4-c93e61ff4bbd,34.06832884999999,-118.44917296666667,0,0
364a12d3-b54c-47fc-baac-b96c189266b0,34.06835938333334,-118.44919586666668,0,0
752b8ca9-05d9-4c13-85ac-d55c5f79a939,34.068317416666666,-118.44916534999999,0,0
dff7a79e-c210-4360-93c9-4de0df0a919b,34.068317416666666,-118.44915771666668,0,0
ccbe888c-468d-4967-b8c4-6352ffe56648,34.0956688,-118.28414153333333,0,0
42a28102-708c-4680-95ec-72e105f5ef36,34.049747466666666,-118.25456238333332,0,0
bd424904-c1f8-4448-bcec-9f1e8455b7ef,34.06833648333333,-118.44916534999999,0,0
201d62cd-fe45-4c07-b9a4-6553faddd434,34.06834411666667,-118.44913483333333,0,0
5b895104-c083-4808-915d-e3d2bfc7f5e1,34.0683403,-118.44917296666667,0,0
f19e58cd-eec2-47bc-88d0-e185f5215662,34.075303166666664,-118.30099616666666,0,0
a450c908-f334-4564-ab35-540f2b9e3a40,34.06667328333333,-118.45207215,0,0
0142e9c6-cbeb-4023-b2f9-13fe696fbdc0,34.0667038,-118.45349883333334,0,0
70ab44a8-8947-4633-ba46-4a1e41c3ca1b,34.06679153333334,-118.45351409999999,0,0
19e4a9b6-a689-4a10-8559-3dd76cb47976,34.06646346666666,-118.45325470000002,0,0
abf30edf-9887-4694-864f-ec772f2438d7,34.06645583333333,-118.45326996666667,0,0
22863668-805c-47af-b673-2c3940cf4882,34.070555166666665,-118.44950266666667,0,0
80151830-85c0-4a49-b104-2b0061fb437b,34.00988006666667,-118.45592498333332,0,0
528bd615-4271-40f5-8822-31dc31bd91df,34.09563065,-118.33102416666667,0,0
f77696b5-a3f3-494f-9b9c-389b7f154204,34.06735416666667,-118.29134033333334,0,0
5d917d1a-c368-4a63-be1b-6d10c39b2cfd,34.0439682,-118.25289153333333,0,0
9a5a7495-4ca0-498b-93f9-b481f3a0dde9,33.98568933333333,-118.44378333333334,0,0
689aa9a6-0e19-4e6b-b0da-01fbd6dab9d4,34.0517044,-118.25582885,0,0
5253b2ed-4c6d-4dc0-a05c-a645faeb374a,34.0292511,-118.41090393333334,0,0
e4dea314-c51b-489e-bde6-3e3adf9780bd,34.10014343333333,-118.29614258333335,0,0
c14c4ed3-86a7-4db5-9c3e-54df2047480b,34.08620835,-118.34410095,0,0
34613577-1310-47dd-ab72-58d2c1e5c6bd,34.0667038,-118.45352173333335,0,0
5c56c67f-20fe-42a4-98b3-ab703cf25384,34.06673431666666,-118.45354461666666,0,0
6797c61e-78c6-4716-b9f8-1024dc702be3,34.066722866666666,-118.45348358333334,0,0
320c2f9d-34a9-4946-b99d-cc2a85fc744d,34.06671523333333,-118.45353698333332,0,0
8d5b644e-2e46-42f5-b9a6-3c3f34f69427,34.066722866666666,-118.45354461666666,0,0
94a73b59-6f76-4ffb-9c13-1bd92c39e08e,34.043342583333335,-118.4684143,0,0
7447691f-22bf-4afc-939e-34e4e28706e0,34.034622199999994,-118.27260589999999,0,0
4b05c880-b47e-4b0c-af36-0aa0224db96c,34.072139500000006,-118.45034849999999,1,0
eec6dc8f-3d4b-4c37-88df-9d7b4e0b86a5,34.03016663333334,-118.36311339999999,0,0
aca5fab7-682b-4186-8f50-6f65a74cce04,34.0718422,-118.45224761666665,0,0
85d5c5ce-3fc2-4f86-9bea-5ba67fc57741,34.06051634999999,-118.43988800000001,0,0
59942eae-2a94-4031-ba90-48f6724d457b,34.06647833333333,-118.4489485,0,0
44c58ae2-2715-459f-80e0-c69a5813d4c7,34.05366433333334,-118.24988300000001,0,0
7cdf2289-5dae-47e6-b6c4-f0f2bf56c8a9,34.29937743333333,-118.4600296,1,0
1c2cec5d-4963-4439-960d-4de18eb3e5d6,34.006862633333334,-118.33783721666666,0,0
1ad9de4f-4cad-4b6d-8d42-3f235c12cd0a,34.04036713333333,-118.24093628333334,0,0
3bd03c57-7d7b-4bf8-a738-dde74df03a17,34.04201126666667,-118.24843596666666,1,0
c63405f5-7038-41c3-a975-dffb4514896d,34.04599761666667,-118.26697539999999,0,0
d490e5e1-c8df-4b18-be0e-b823f9793539,34.02772903333334,-118.23230743333333,0,0
60e9e189-f618-4bf2-b397-b2a2196dd960,34.06736755,-118.44969940000001,0,0
9c4886a4-5c48-49c4-b0a4-70341cfe0063,34.0673523,-118.44966125,0,0
10bbdf2b-301b-45f3-8058-a0a6b99f2892,34.06739045,-118.44970703333333,0,0
6bf46626-77b9-4e2c-8342-c4c278c799f0,34.06736755,-118.44968415,0,0
7cdc5bcc-4a82-42a8-8df3-3b4ebe0e7c89,34.046142583333335,-118.26382446666666,1,0
1d435be7-0207-4e6e-830e-8ec57863dc12,34.048477166666665,-118.25775909999999,0,0
4348f06d-e6b8-4543-b84e-f155a70729c0,34.026641850000004,-118.27822113333335,0,0
86b12377-c034-403d-a745-bbee58b1cd89,34.02500153333334,-118.3947525,0,0
b537e6d6-e4d8-4611-bc5f-087940b05a28,34.06642913333334,-118.45323181666666,0,0
c2db275a-db21-4942-9c1a-6fe03d69de49,34.06643295,-118.45322418333332,0,0
e2a4f9dd-01bf-4738-b0fc-f7049a698a1d,34.0664444,-118.45326233333331,0,0
a840c6eb-52fc-4ccf-9e15-a15098e25a1b,34.05168533333333,-118.27951813333333,0,0
bdb408f5-b51c-44bc-98eb-b1edbf46a3dc,34.06007003333333,-118.43791198333332,0,0
7fab02bb-af86-4677-b09a-d4211f542427,34.025540666666664,-118.32529483333334,0,0
d0b1ebb2-7e24-4345-9454-7d2f22573300,34.05899,-118.42146633333331,0,0
2d1ac61b-bac0-40f3-8c13-9948106130cc,34.093822483333334,-118.3324585,0,0
0c173af9-eb22-4e38-be4d-1443b65386f9,34.04166031666667,-118.25121306666666,0,0
998965e0-e577-4081-9338-9ee5a3e574bc,34.041694633333336,-118.25122833333334,0,0
902abc5a-8a6a-401f-99fe-46a62479e36d,34.041690833333334,-118.25118255000001,0,0
3093b0f5-55e8-4864-8a23-277c6d662f37,34.04170226666667,-118.25125121666666,0,0
ab8ab840-0e53-4db5-ab35-46f343795812,34.05931473333333,-118.44165038333334,0,0
a774191b-25a8-425f-8e98-0fb044b0d177,34.05891116666667,-118.42151383333334,0,0
8d5bc649-317c-4b19-9268-a9ee818d89ec,34.06633983333334,-118.45333416666666,0,0
ae6df660-9124-457c-8ec3-a00b60ea73fd,34.066326133333334,-118.45336151666667,0,0
6844f288-e031-4526-a547-e9c34c9d9436,34.06631851666667,-118.45333861666668,0,0
1bfc8e8d-93cf-4a3b-a514-67293f3a1148,34.06631851666667,-118.45335388333334,0,0
1120b6b3-4bce-4ffe-ad4d-c88bab1d97e0,34.06360626666667,-118.44355011666667,0,0
5079cd22-71ee-4bbf-bdb0-17e84c535b64,34.0264885,-118.2782665,0,0
89578477-c825-46eb-b701-cb93a556b535,33.98730086666667,-118.46915435000001,0,0
c77860bc-612e-4002-ba4e-bf987b34cc5b,33.99176025,-118.44454956666665,0,0
38888d6a-a5da-431b-a697-0612b129aad9,34.03939438333334,-118.26914215000001,0,0
f0448f50-629a-481a-8492-377feac5919d,34.05397796666667,-118.26658629999999,0,0
d2d7b3e5-5fc1-4362-87d5-673190490625,34.0447464,-118.32814026666668,0,0
aa55df44-b235-44d1-bab7-b1dda140d99f,34.044811249999995,-118.32817840000001,0,0
1330698c-ec48-4ae2-ae3c-9d43a47a13e4,34.044792183333335,-118.32817840000001,0,0
1b173d3e-5c0a-4c7a-b381-88cee07bc535,34.02657266666667,-118.39583749999998,0,0
4244c1fd-4729-44d8-b153-539374c08968,34.051963799999996,-118.24900818333332,0,0
b517be29-9e01-49ba-b403-5e317dff68fa,34.0555458,-118.25393676666665,0,0
1e792353-1bb9-4768-8e5a-6054a0463800,34.05192185,-118.26499176666667,0,0
415d2ee7-4965-4744-a700-bcd0bf112152,34.08837128333333,-118.34381866666666,0,0
21c922b2-9ba3-4ccd-a38f-c65256c4b125,34.06562805,-118.45313263333334,0,0
6180991e-046d-4ca9-94da-774e9e01a2e1,34.060848666666665,-118.4382365,0,0
4b6f7f7c-7ccd-4752-85c8-1210cb8f4ba1,34.04600525,-118.23278808333335,0,0
50fcf8e2-4be7-4ae6-ad62-9ffbdbd74e19,34.064328333333336,-118.44096666666668,0,0
33131ec7-218a-49e3-a126-5d496d4f1c87,34.00117111666667,-118.45411681666668,0,0
fd34806b-d161-4f95-a833-9330d455f4e5,33.945889666666666,-118.39588683333335,0,0
383a4afa-ec01-48bd-a6f4-55d593c259c8,33.98618316666667,-118.43950653333334,0,0
9b720ef7-fed8-413a-a188-6188134e2d42,34.04376633333333,-118.46778183333332,0,0
6fa68f87-a324-48e9-bf6d-f4b9a722c3c1,33.952560416666664,-118.38562011666666,0,0
196e87ab-97d5-448c-8c80-b633e479a352,34.04011155,-118.33083343333334,0,0
94e3a4a7-fcda-4e39-a41d-d3416db98dc5,34.05120468333334,-118.26191711666667,0,0
982d5b1d-a3d8-4f3a-b261-ac6167a424ab,34.02934646666667,-118.2887268,0,0
787e9453-1e8a-4e6f-9d25-445cea08f4ac,34.04485703333333,-118.26402283333333,0,0
84aa341e-c67c-4ad6-87ca-df06cef0c7ea,34.040100100000004,-118.33081055,0,0
2de77859-2691-4b90-87cd-edce0b00df39,34.05573655,-118.42690276666666,0,0
4ba75eb1-8e60-42b7-96de-56af31841a46,34.058040616666666,-118.44652556666666,0,0
76a294e5-1869-495c-baac-9266a8c192ff,34.05812835,-118.27558136666667,0,0
040cfa70-4b4b-49dd-822d-761b93789ef8,34.04432296666666,-118.25181579999999,0,0
7b58b991-161c-4933-935f-951da399cdc6,33.97737885,-118.33494568333332,0,0
a19d47e6-c935-446b-ba0a-abe5bf751fb3,34.06689071666666,-118.45110321666668,0,0
c359f14c-59d7-4013-982e-ae4cbc541f3c,34.040100100000004,-118.3308258,0,0
960f7107-29c3-4b96-90aa-9f70734cf8d0,34.040115349999994,-118.3308258,0,0
02ebe790-a568-4d62-99e6-c362bfcc348e,34.04002466666667,-118.33076750000001,0,0
1896093c-922d-49e0-93bc-386ecd55d3f8,34.04930115,-118.26367950000001,0,0
99211571-98d2-4ae4-ae29-af649b325115,34.01509475,-118.29610443333334,0,0
9966b423-0c27-4b7e-9ef3-ec0b93e07d5d,34.06392616666667,-118.44877433333335,0,0
484953c9-2f7e-4851-a8c9-ea1c88c8170f,34.0485878,-118.49195861666666,0,0
30ecd2dd-45aa-479f-93bc-ccd977fabc4f,34.06978225,-118.44489288333334,0,0
d3537dc0-3165-4c98-853a-40bde4daad7d,34.02849196666667,-118.28545379999998,0,0
e2ae6ff3-c963-46ba-8516-91b4a6107d76,34.033164983333336,-118.37642669999998,0,0
6d515436-efff-42a3-96a3-fc85e1ccbc6d,34.06072016666667,-118.44422066666667,0,0
99f9a5c6-f34c-487a-b03f-38b7c2ec9b1e,34.05913925,-118.41072845,0,0
a5b98910-1d1e-4096-89a3-a45902149167,34.105587,-118.33733368333333,0,0
6517abb9-9682-4290-9e4c-1a18b0806721,34.051544183333334,-118.27700043333334,0,0
cb43ff51-1f23-4d10-86d9-7270d28d8e07,34.07069778333334,-118.45254516666667,0,0
7a938398-383a-4bb1-91cd-6cb6811a22e2,34.06770325,-118.45148468333333,0,0
a390ea3c-aa6f-4e37-8857-0190e6a05cf9,34.05065536666667,-118.21362305,0,0
bd8b5ffd-689d-4d7b-80dd-d4d2f8f04c24,34.04490333333333,-118.25663266666668,0,0
6de7c13e-b4fb-488f-828a-87d7a8cffa07,34.04491599999999,-118.25663083333332,0,0
e2a6b34f-0acb-449e-983f-1972b512482e,34.04697036666666,-118.26017761666665,0,0
ef20de6b-800c-4224-aae1-997e9648526e,34.04782116666667,-118.44339716666667,0,0
596cef23-08d3-49c0-9465-5c13a8350e5b,34.04735565,-118.26394653333334,0,0
46057077-7b77-4c1e-9012-868e65f05937,34.03752733333333,-118.37882866666665,0,0
ef602a15-f077-4e10-a1a4-ed297cd36ad9,34.05583191666666,-118.23749541666666,0,0
c878a236-0c51-40a1-ab11-651d14b961b0,34.055763250000005,-118.42690276666666,0,0
1d45db7f-770e-4ba7-aec5-6302b5eb1bdd,33.973732000000005,-118.45765686666667,0,0
40b771b1-54da-451b-96c7-e3c393e3a5b0,34.06628316666667,-118.447689,0,0
3c9d5de9-3f6c-4684-b7a1-d1e2ff53f918,34.063716883333335,-118.45275116666666,0,0
3e556c3b-7480-4b45-9a98-4aedd6554027,34.04375076666667,-118.26519775,0,0
236fa186-0f5a-409d-9d06-28b55a2d13a9,34.02516966666667,-118.28357433333333,0,0
b091e416-3359-4440-9d7c-56367c8628dd,34.08432216666667,-118.34951733333334,0,0
238bc903-8330-4479-b2e9-1a2ea21af3fb,34.01017761666667,-118.27416229999999,0,0
58aa792a-ec2d-433b-bc30-cf0439324284,34.07045866666667,-118.45192283333333,0,0
9a3adf9d-57eb-49f8-bd34-5168877733f7,34.08034133333333,-118.22540283333335,0,0
537c2bd0-170d-4583-91ed-f4f58d5ecf20,34.06078338333334,-118.44426726666667,0,0
3e2952d5-e61f-4208-b50e-ecb63ad7e1b0,33.95733261666667,-118.43223571666667,0,0
1e9f2397-92cb-43a4-81a1-4bbb07965823,34.07377625,-118.45272826666665,0,0
b803005e-5038-403e-b4b4-e4ffc52a84dc,34.06077956666666,-118.44427490000001,0,0
aa26fcd5-e4ef-4b09-bdee-8b2e60ac8104,34.06073783333333,-118.44430116666666,0,0
2ed03712-28d4-4c66-8421-6122752856f5,34.06077575,-118.44428253333332,0,0
7ceb3bcb-d954-47dd-82b9-c304a1f82b95,34.052715166666665,-118.2614045,0,0
91bbd0d7-2f5b-45e3-87f8-cacd7f26dc82,34.09787368333333,-118.33900451666665,0,0
a7a6f4d4-377c-4744-acd0-16ea5216e88e,34.045959466666666,-118.26181793333332,0,0
37fe9d30-03bf-4c29-810a-f70490772479,34.06816366666667,-118.45153883333333,0,0
1bee0701-da81-4dcf-8be4-80f0489d5a03,33.97372055,-118.45765686666667,0,0
347ca47e-56d7-4eeb-afac-e024de6984b0,34.047878833333336,-118.25797616666665,1,0
8c4121ac-a872-4020-95e0-b9b996f3fa37,33.99747466666667,-118.4465332,0,0
b8815a7a-a270-4170-ba03-327f4ffb221d,34.056962666666664,-118.24229633333334,0,0
1dff427d-9726-46e4-b74e-179f149b4bbf,34.15245166666667,-118.45718633333333,0,0
118e9b3d-bab1-431f-83de-9489fb719d57,34.152511600000004,-118.45722198333333,0,0
18070ace-3d96-49cf-b8cb-d897c52ce7ec,34.067482000000005,-118.45239258333335,0,0
b9569e5d-21f5-4635-b0ed-89075d7447bb,34.062213899999996,-118.30862426666665,0,0
d3c6bf40-5b79-498a-9a6a-4e90cf25e425,34.06401883333333,-118.44882933333335,0,0
43205e09-1ea8-4aab-bba4-8bfaaf527050,34.02755356666667,-118.39196776666668,0,0
922abba5-ad36-4680-8748-ab20b2da7e09,34.085380549999996,-118.34649658333335,0,0
8e6de39c-24da-42da-b465-6313c035d9f2,33.99055861666667,-118.46601868333333,0,0
002302f4-ec06-404f-baa4-49c968511834,34.08834456666667,-118.34400176666668,0,0
2b0167c6-fdb1-4102-b966-b77abe4e8298,34.04201508333333,-118.24843596666666,0,0
fefc6dcf-37fa-4e17-ada5-9a18c3cb867b,34.06357956666667,-118.44559478333333,0,0
9b663cbb-fca3-42c7-9c3d-b761263ce9a7,34.05368166666666,-118.26867783333334,0,0
a019ab64-9d23-47ee-b6fe-72629adad4d6,34.034244533333336,-118.36947631666665,0,0
fb9c61dc-99db-4cde-a0fb-9f9e18f0eebf,34.034271233333335,-118.3695221,0,0
afc47d76-8d1e-4fbe-9744-a1c508566888,34.03419495,-118.36954498333334,0,0
9d49b696-6c2e-4d5d-9b05-a461f21e0d17,34.03424835,-118.3694992,0,0
265154fd-5404-400c-9894-51b9db2dfecc,34.03421266666667,-118.36952416666666,0,0
93d7ce01-90c0-46bc-8121-7f9c1aab3492,34.03420258333333,-118.3694992,0,0
c802b45c-5719-43db-84ac-04b99e41fa0a,34.06264496666667,-118.44812011666666,0,0
481dea87-a9f6-4cf0-9b41-9de67120b8b3,34.0906601,-118.30829620000002,0,0
1ae1406d-3ecd-4c73-a0f6-3d266e19fbe5,34.10512925,-118.33227538333334,0,0
42434149-2d93-4ab6-b078-9bbb221d3afc,34.06262588333333,-118.44419861666665,0,0
f3427f8d-df10-414a-8931-9d87478252fa,34.06258773333333,-118.44419861666665,0,0
1a47995f-2c46-4dc2-bf74-2028f9c0e54f,34.0625763,-118.44423675000002,0,0
67a9fa0a-16a4-487d-85cb-52e6bfce9463,34.06261383333333,-118.44434883333334,0,0
e7eaacf3-f7b4-49fb-a126-b51e8628c3a5,34.06264496666667,-118.4442215,0,0
8e6d0787-86cd-460e-af71-9fd88661f6dc,34.062604,-118.44422699999998,0,0
b07d3225-ffc6-4e68-b681-50851ae3eb45,33.99411216666667,-118.44541666666667,0,0
d458441f-3c6a-45fb-8062-1e509dc98ebe,34.018318183333335,-118.28607178333331,0,0
6fb5d578-cf99-4d23-959d-38bbb26eb125,34.098091133333334,-118.34478759999999,0,0
346c07fc-bd57-45df-9286-92086e198864,34.06232166666667,-118.44720383333333,0,0
6667e00a-e064-4251-ae25-70ab757f21c4,34.062332149999996,-118.44721985,0,0
319e5a7f-524f-4a4d-b943-2114cc14fec7,34.06230133333334,-118.4472265,0,0
4ff7faa6-da1b-4849-97ef-3f8de5d545c8,34.06235503333333,-118.44724273333334,0,0
4f425a1e-2f34-4997-89c2-ffbad4db15bb,34.06238936666667,-118.44725799999999,0,0
68e527f7-467e-466f-9527-2b6ff44adeaa,34.0623436,-118.44718933333334,1,0
35c5f320-ff23-44b9-8758-6d6f9562a87a,34.04533005,-118.24964905,0,0
3e1a6b56-ad1c-4a24-8545-695bcb706f66,34.0307808,-118.28654479999999,0,0
9b383756-a842-4c9d-a4dd-52374c46938b,34.04393768333333,-118.24661255000001,0,0
65257003-2805-4cfd-8399-0c431b0d615a,33.99412536666667,-118.44536590000001,0,0
dc0927b1-6d3b-45ff-920d-1e7d877edf87,34.06042098333333,-118.44760894999999,0,0
8dfac4d2-2ca8-4956-9f10-d32a4ecfbebc,34.0643158,-118.45140074999999,0,0
a3d49494-d30f-4a58-a663-5f07090bbd3a,34.066360466666666,-118.25415801666668,0,0
43533840-814a-4689-ad49-0243e352ffeb,34.0643158,-118.44096375,0,0
12476f84-675b-44d5-9079-970e454eca83,34.06995391666667,-118.45396423333335,0,0
e915dcf3-03c5-402e-9872-6cbe9de8353a,34.06770366666667,-118.45149716666668,0,0
007b2c8b-e070-4c7e-b385-93c98597047c,34.101581333333336,-118.351802,0,0
953d2313-22cb-4167-b018-2b52068d580e,34.0723114,-118.45275878333332,0,0
94de32de-1b43-4c8f-aff7-950a75df8718,34.06058533333333,-118.43793916666667,0,0
c9e066a9-0811-4e1c-8e68-2a4926ce5409,34.07256316666667,-118.45282745000002,0,0
5166b500-4c86-4fb1-b4d5-9ea293f46751,34.02737183333333,-118.27635583333334,0,0
b9b2e41d-c265-4ab4-acaf-cb4267802a42,34.044334416666665,-118.26457976666667,0,0
4d7e1831-b17c-41d9-8525-0ad265b48e03,34.093708033333336,-118.33742523333333,0,0
0796f668-4398-46bc-b106-18df65c3fdf8,34.0678235,-118.4390625,0,0
8dac14c6-0033-49d7-a440-cae5462ef1e4,34.0591305,-118.41072516666667,0,0
16646373-dd73-484d-95c7-eac9b12894e7,33.95640181666667,-118.43865966666665,0,0
04663897-7bb0-4aea-bef9-9435dcc38871,34.15240096666666,-118.4572525,0,0
2e46e1f2-4981-417a-affc-cc72cc13a6d7,34.080638883333336,-118.34735106666668,0,0
44ff620f-09e7-42ce-aa21-9a1f6746741f,34.04112216666667,-118.24687016666667,0,0
a273771e-bc0d-4716-a6b8-a6937f7bf25f,34.0584665,-118.44535616666666,0,0
a0e3de18-23f6-46d4-a4d9-6c6949627f65,34.05896633333334,-118.44330450000001,0,0
7c8ee464-165c-4c43-b165-d64d495078c4,34.066631316666665,-118.45331573333333,0,0
6f920eec-8fd9-491f-9b27-8279d29b6ae3,34.048988349999995,-118.2495346,0,0
97608b67-424d-4766-b55a-2c7e52d8041a,34.06238466666667,-118.44566583333332,0,0
75028bc5-7d85-46ba-8068-1318e9360da6,34.06246185,-118.44552611666668,0,0
09944596-32f6-4cfc-8c5b-545d3ef53322,34.0624466,-118.44554138333334,0,0
43239eae-6bb9-4510-8859-fdbd2f132938,34.06244266666667,-118.44563566666666,0,0
34a10d2e-0bd4-4781-8c96-3b286d0b0299,34.06244278333334,-118.44554138333334,0,0
a4670878-997b-40eb-b97c-4929e1ab632a,34.03676605,-118.26758575000001,0,0
0d47d554-6960-4db4-afd6-a15592e06189,34.04625216666667,-118.2560205,0,0
a69a247f-7f57-4f85-aca9-a45c5aee5dea,34.03676605,-118.26757049999999,0,0
4a0a7ddf-803b-4c26-9b6a-2220618a974a,34.0391388,-118.276474,0,0
ba735bd9-0d3a-4d45-a2df-1d3fd4641012,34.058139800000006,-118.210495,1,0
8f92d1ec-00ca-4ce7-a3e1-de689b2b8ff7,34.04852676666667,-118.25941466666667,0,0
1344b6db-b661-4c97-9700-338d3b0a016d,34.06493758333333,-118.44794463333334,0,0
de74f368-615a-4ee5-9577-e5303692e252,34.01768111666667,-118.40916443333332,0,0
7e717797-1c45-4211-bc2a-c6ec85c1b459,34.02650451666667,-118.39408111666668,0,0
30486171-d60b-431b-a7fa-dc04032053fe,34.193347933333335,-118.55406951666667,1,0
7e907d6b-c6dd-488d-9918-2cf7e464b2e6,34.0610755,-118.44736616666665,0,0
42bc595f-84a9-4b60-a46c-f832a00f9e93,34.026402,-118.3713455,0,0
16c352ad-09e0-4ad0-bc04-e6f7417ac4d1,34.02640533333333,-118.37138366666667,0,0
109e777b-fe5d-4ede-9f9c-e7f98cbd0bd1,34.02636336666667,-118.37137603333333,0,0
58f114db-ea4f-4891-84e1-fe0a450579d7,34.02643585,-118.3713684,0,0
eb1be274-a0db-4e67-8235-b757da71205a,34.02640533333333,-118.37138366666667,0,0
3a243c37-e4a8-44cd-8139-a39a15ff33ea,34.069751733333334,-118.44485473333334,0,0
ca53c92e-d1c6-4002-a04b-ab9ae1c6d9c0,34.050447500000004,-118.264617,0,0
c01b9f7c-1722-46ae-baa5-85e9f5202ec5,34.06361008333333,-118.44541931666666,0,0
52d0740f-5916-4207-bb5d-cd25211d820c,34.04457855,-118.42021179999999,0,0
9bc1a07a-039f-48ed-bc90-3ff18450ae1e,34.073577883333336,-118.45307921666667,0,0
d07df48b-b852-472e-9bb2-ec7d6baf5bf4,34.004117666666666,-118.45838316666668,0,0
6a023ffb-83ba-46ca-bd18-549929e58208,34.06672668333333,-118.43069458333333,0,0
c7642a64-c854-46ad-b968-8c6c6a717576,34.10474,-118.31240733333334,0,0
6046f1f5-d656-42e7-b544-9f401bcab559,34.067298883333336,-118.45111846666666,0,0
2df6adff-cf36-4e1c-8d37-94a42b077e8f,34.0225029,-118.33531188333333,0,0
4d69b615-347a-4ff8-90e4-16eaff6ceec4,34.07114383333333,-118.44969566666666,1,0
f40b634e-34f6-4956-b00c-f15cb35aef2e,34.02975633333333,-118.34043066666666,0,0
e5c3934e-2df8-4b7b-bc3c-7f2a5c5b79e6,34.06394195,-118.44871521666667,0,0
4d3000dc-a95b-4f44-bfc7-e46c5e24a2f9,34.04288483333333,-118.24623108333331,0,0
e02793a3-5a3e-482d-90ca-ed7aa3049d41,34.06708566666667,-118.45239833333332,0,0
6d626fc2-d2ff-47c2-af43-927ac5310813,33.99749756666667,-118.44655608333332,0,0
6d88e01c-abd8-4a23-9757-f6a711788be1,33.999550666666664,-118.4032465,0,0
31d74ff0-f598-4f7c-b46b-2435c1b44ff6,34.17196273333333,-118.45994568333332,0,0
501164a9-20bd-4957-a0ba-793a1799ec91,34.06357956666667,-118.44837951666665,0,0
f210f45a-b781-438e-939a-0a012747b91a,34.04687118333333,-118.24884796666666,0,0
646e3d98-89e6-4f49-b976-9b38621c5fb0,33.96175766666667,-118.42060851666665,0,0
f2338c27-f6a5-42b7-86ee-2d422aa714bf,34.03653335,-118.27108001666666,0,0
0f48d3b3-95fe-4f44-a02f-36ff2e7102f1,34.10531235,-118.3105774,0,0
6e454341-56b4-4784-b6b9-f15eff817aa2,34.05008316666667,-118.25975036666665,0,0
3f4b26d0-b3f6-4f1e-a96e-066ffa746d0e,34.10414123333333,-118.33329773333335,0,0
88cc2960-66a3-490e-b650-6761f98addad,34.06652831666667,-118.44715881666667,0,0
e8fd6ab9-0c06-4a2d-8ff1-12b9dd0c98b0,34.044788366666666,-118.26390838333333,0,0
5afd8112-4a6f-4bfb-be21-dc6c5cc3dcc2,34.0223198,-118.40702056666666,0,0
8859cc43-c25e-4b10-9f19-4bb4f38a4cbe,34.07047271666667,-118.45236968333332,0,0
a4fea831-390a-4411-90f0-891623969c42,34.055488583333336,-118.29975128333332,0,0
ad22bf43-5fa5-4249-9ee9-c18b62167b53,34.06949233333333,-118.45265198333333,0,0
3d7a0563-20a7-46f1-9f76-1cb967049a47,34.0614985,-118.44290449999998,0,0
2e7defde-b776-497d-ab54-0343ff46fb68,34.07686996666666,-118.27550506666667,0,0
af4bd889-e65b-47f4-8571-c41d6dd4122c,34.04819869999999,-118.24697876666666,0,0
9a167196-f4e2-4699-b9f2-f729997ef735,34.06292725,-118.38336181666666,0,0
c6ee96f3-67e9-403f-8c35-431e9ff977c5,34.03974915,-118.26106261666668,0,0
16da3e11-dfcc-4c36-96a0-3e50cf005929,34.0724945,-118.45362853333333,0,0
5ff1548f-94b2-4863-b67a-7b47f0276707,34.0623703,-118.31648255,0,0
de500619-2635-4b29-9bb1-3ac95ff6236b,34.069950999999996,-118.45274083333334,0,0
136f2c1e-2a4a-4581-80e2-59896fe889b5,34.06206893333333,-118.44781493333333,0,0
0efed4f0-c324-4edb-af06-63d22c2d5e3b,34.06202698333333,-118.44773101666667,0,0
36befa62-a394-40b1-91d7-1302c60111c5,34.0620346,-118.44772338333333,0,0
d80d77e0-a3c4-4338-80ba-a4df40c843f0,34.06201553333334,-118.44776153333332,0,0
f2ecb856-8351-4964-bde9-3a37dcb69089,34.0620308,-118.44772338333333,0,0
542942bd-331f-41bc-b581-1b536f56508e,34.05871581666667,-118.44403076666667,0,0
e834a9d9-35f4-4c48-9997-46759e372b58,34.04199981666667,-118.24836731666667,1,0
35bce1c9-675d-4a5b-b97c-f46445c0f83e,34.069755549999996,-118.44489288333334,0,0
30c9995c-124b-4a3c-8e36-e0c6966e073b,34.0686493,-118.45100403333332,0,0
a146a974-cda3-4ccc-9565-c9fd15bb78f6,34.07069416666666,-118.44753233333334,1,0
e9b9e390-3d9d-4375-89e8-25601435e4af,34.061904899999995,-118.44433593333333,0,0
e2fbb708-ae88-44ff-afa8-c4d4cb8309a1,34.10029983333333,-118.34376526666668,0,0
20190998-eeeb-490f-aaa8-1c5aa51c9b83,34.07061386666667,-118.45250701666667,0,0
a384ed16-5485-42d5-9d2f-5f6f0a86411d,33.9457065,-118.38222683333333,0,0
fb1508a0-88e6-40fd-8bd2-fb387ab11bfe,34.048248283333336,-118.24710083333333,0,0
5e520e00-5c13-4444-8472-726f163584f9,34.061546166666666,-118.44861616666667,0,0
887fe334-3dd4-4a6d-ae78-61e169387523,34.061580649999996,-118.44862364999999,0,0
c1378798-2256-4337-91b7-c212f88084dc,34.061561,-118.44860383333335,0,0
8d679eb7-5d76-4ca9-a4db-eca1443a0fed,34.06157303333334,-118.448555,0,0
4c84838a-7c5b-436b-9635-4def3226fc7d,34.0615387,-118.44858551666667,0,0
b177bb9e-2d3f-4457-b080-6d3430fa9b41,34.0616188,-118.44853973333332,0,0
a1b49da4-1de1-42e7-af67-ba278aea6a40,34.050117500000006,-118.2555008,0,0
72b2f726-6bc1-4545-bb29-2d2103124fb0,34.06637573333333,-118.44760131666665,0,0
b8cb4630-ff65-4515-ba1e-c08a7ec77cd4,34.04756926666666,-118.25981903333334,0,0
6165acde-fcbd-4aca-8a35-b4aac8014386,34.14952468333333,-118.43954468333335,0,0
fb85061a-8e2b-40f9-a87a-ac25c3fff0bd,34.14954758333333,-118.43952941666666,0,0
7d4a4d23-8ad4-4487-b0db-51d201361b9e,34.149558,-118.43947433333332,0,0
c2a3da44-e0eb-40be-8ff7-fa13b8c54652,34.04540633333333,-118.25038909999999,0,0
690e6635-4bb7-4b9d-aa28-9ac215f1f879,34.077034000000005,-118.2781601,0,0
2ab88ed6-a67e-446c-a907-c2cb3c01b5f4,34.09453583333333,-118.35693359999999,0,0
3f268488-2423-4f46-8ea5-b5324b5592fb,33.971117166666666,-118.45571816666667,0,0
00eae447-cfdb-4f7c-a5f0-e32031755ff5,34.06376648333333,-118.44911193333334,0,0
0ea7d529-ee7a-4289-ad97-af70058a82ef,34.100345616666665,-118.34351348333333,1,0
03eaf9c4-cf75-4b20-be0f-4d34d59221bf,34.04600906666667,-118.26676941666668,0,0
faeae4f1-ada9-425e-b9d6-107066c6d551,34.04618835,-118.26744079999999,1,0
3e081154-ed99-4559-8a3a-fb8eb92cf7a2,33.997455599999995,-118.44652556666666,0,0
789ff92a-b2ef-467c-b70d-f47240973b09,34.03606033333333,-118.26350403333332,0,0
5ed44928-49d6-4c5d-91ff-03ce6a458aca,34.02184676666666,-118.29141235,0,0
1243b534-a270-4f59-ab4a-dc1d9892f361,34.043521883333334,-118.4624176,0,0
78c57dc8-de8b-4922-b565-0ec547f84587,34.08023071666666,-118.36082458333334,0,0
3924d620-f929-4a5f-9e99-adeb27f248ad,34.04219436666666,-118.26353454999999,0,0
03a27d8b-9b89-4a9e-ba01-21f6810dfd32,34.17206573333333,-118.43511199999999,0,0
74ac5df6-7fdb-45da-8eb2-54a21f83b8fe,34.04537201666667,-118.25027465,0,0
69dbba72-398f-4075-92e4-d12112752903,34.04639816666667,-118.26268004999999,0,0
834203fe-87fb-4637-88b1-320ef3b91d81,34.0635643,-118.45011901666666,0,0
45edf9eb-c2ab-4344-97a6-06470225e547,34.10750133333333,-118.33730016666665,0,0
8c432f92-6aa9-45d9-975a-42a37ca5fedb,34.07054901666667,-118.44955445,0,0
361e7a8a-641c-4ece-9679-0d14574cc769,33.9973526,-118.47940063333333,0,0
674d475d-d220-4b81-ab9d-37b9acdf04b2,34.100402833333334,-118.344841,0,0
8eeb9b9d-32c6-4158-80c0-22403da1f9ac,34.05879633333333,-118.43982316666667,0,0
1880bc92-a0fe-4b2f-b649-4d274a4ce549,34.042683000000004,-118.43424933333333,0,0
85c09d9a-8caa-4034-9349-7f9995283785,34.027127666666665,-118.27624366666666,0,0
d7dfec5d-3459-4076-934b-665775dfc32c,34.04953003333333,-118.2587204,0,0
9bdf4524-f1da-4de4-a56c-69b3464b9e3b,34.05837631666667,-118.38250731666668,0,0
05c1ba08-9c51-475a-bb75-25134780064c,34.06853683333333,-118.45088050000001,0,0
98940efc-b7e9-4fdc-a96e-87245b930a37,34.04510498333333,-118.26402283333333,0,0
b23e9b71-d745-4e29-9702-d1808bd5c80c,34.05540848333333,-118.28916168333332,0,0
408ef1f9-e477-4353-805b-85e8f137a03e,34.048339850000005,-118.25856781666668,0,0
03323082-0e2b-452d-ad0e-688adbad044a,34.083602899999995,-118.31143188333333,0,0
92adb8f7-0dad-43e8-9c34-ce2e94b0c66e,34.04250916666667,-118.46935116666667,0,0
8ff16284-2952-47e0-8722-80e0416a7c46,34.09977183333333,-118.33797066666666,0,0
c7a6c01b-322e-4d79-948e-116690b4a105,34.048354499999995,-118.258536,0,0
3e07c4ec-388c-4f55-84f6-1da3a28e0b2f,34.025562283333336,-118.39536285000001,0,0
c94629e6-ae64-4eb6-b922-0cb966e74692,34.069751733333334,-118.44487761666666,0,0
7fee4dbc-8de0-41c3-a19c-aabf03d104c0,34.03272246666667,-118.328125,0,0
d15b1d0c-a987-46cb-b1bb-243de960eaf9,34.09946823333333,-118.33881378333332,0,0
ebadcd65-d206-46ee-b6cf-69b317263bd4,34.05877533333333,-118.44311633333334,0,0
9f646efb-8807-427d-80ee-81b6a87fe431,34.07515716666667,-118.27208710000001,0,0
62b393bf-c8b4-46bb-8fd7-b92f08714798,34.09366608333333,-118.32914733333334,1,0
9ce430e7-3b8a-482c-8580-012e0ee28d7c,34.06657791666667,-118.45259856666668,0,0
e90dceec-dfc8-48d5-86a1-b9e918d23d8a,34.100402833333334,-118.34356690000001,0,0
c75c2df8-e8ad-48e9-9b40-89782f9a2a91,34.066940300000006,-118.44914245,0,0
61d22b5f-e510-4f4a-b85f-eff124cc2091,34.05708695,-118.26364135,0,0
962bfae7-72db-4bda-9563-852f8372ba65,34.06116866666667,-118.45033263333335,0,0
e2b601a5-9015-48f6-bbeb-21d3c07d5b50,34.16874695,-118.37729644999999,1,0
a7939013-b1f3-4576-9bf2-8803beec4ea9,33.988449100000004,-118.45391083333334,0,0
c7c8ce50-549a-47c4-83a1-4df93a3dbc33,34.035411833333335,-118.25650786666665,0,0
c224ab5d-1e1c-4833-bf4b-ee8093095efd,34.04555130000001,-118.26163483333333,0,0
8d2ce83d-efbb-4e2a-b910-15255bae7654,34.02935028333333,-118.27146148333334,0,0
b24fe47c-95c9-49cf-96bb-5966c1729a11,34.04917145,-118.26679993333333,0,0
513610ae-ca0a-4383-b9c0-d97a82927822,34.04391098333333,-118.2325058,0,0
3bf46a22-62eb-46b5-b5b7-701b03417a28,34.02639008333333,-118.37181854999999,0,0
6f71fcab-6ad4-4425-9de0-e622681d0601,34.01866913333333,-118.41087341666667,0,0
e1222f4c-ae5a-4579-b55b-ed808e4dce45,34.06378936666667,-118.44906616666667,0,0
36193fa5-c1cb-4ab2-96cb-c29f26beab20,33.95694351666667,-118.42617034999999,0,0
571e8ccb-0f4a-49f3-b7a0-8b8b2c219fd3,34.032524116666664,-118.32828521666667,0,0
a00f04e9-7728-4456-9ce2-07f7c47af4fa,34.04632568333333,-118.25148773333333,0,0
1a4c8617-7e57-433d-a373-ac921a143edb,34.06541061666667,-118.4505539,0,0
fed13674-2550-4eb6-a7d6-ea50a3e687bf,33.963291166666664,-118.4193039,0,0
090cc223-d38e-41b5-82f4-c8b9a234aed6,34.0573015,-118.42469033333333,0,0
3a61e844-3078-475a-8dc7-48e1426db8c1,34.04723358333333,-118.24975586666666,0,0
fbb4f69a-2c38-4291-a1cf-088498f5363b,34.060104366666664,-118.43992615,0,0
52542e47-354f-4eab-9c1d-d773eb4b8404,34.04519271666666,-118.25011443333332,0,0
eda0fcd0-98d3-4d8f-b513-5e4d9d8d07b7,34.049537666666666,-118.26042938333333,0,0
51215651-3006-4ef5-9f8d-48e91ef9339b,34.0399704,-118.26049041666666,0,0
c03b8781-545a-4516-b294-8c384da50035,33.96604538333334,-118.41656493333333,0,0
93e3a7db-28dc-4e46-ae54-9fd1435c8cf6,34.047878266666665,-118.25372315000001,0,0
9e110ea7-819b-4840-99f6-22f5fba7dcc2,34.0201416,-118.40533446666669,0,0
eb8628ef-ad06-4e6b-b6d2-6c41da291c34,33.99473516666667,-118.28131733333333,0,0
c282a850-ef62-4079-aa96-3075aa046ab7,34.04092025,-118.2646408,0,0
7bb02946-8e89-480c-baf9-8b59c8dd30de,34.02007293333334,-118.40527343333333,0,0
3ca6685f-70e3-499f-89b6-c758bb6867f9,34.16473006666667,-118.43005371666668,0,0
a2a4e8db-2199-40ce-969b-a04c33d98ccf,34.04307938333333,-118.44781493333333,0,0
aed89542-dce7-4cb2-bc9e-83b1fe002091,34.07103348333333,-118.35758971666668,0,0
df5aef9c-a3cb-4a91-83e3-867e0ddd395a,33.96599196666667,-118.41695403333333,0,0
c7cb4292-f4e9-477f-aa93-79b0edca3f53,34.041816716666666,-118.26480103333333,0,0
8a2b8473-b5c0-4584-874d-0b5e7c20c4e1,34.0311203,-118.2740097,0,0
24ea774b-bcc1-45b9-9f70-00b9748f6b86,34.04053116666667,-118.26296233333332,0,0
86109160-3679-4b1b-8c21-7a55239f583b,34.02013778333333,-118.40531158333333,0,0
c614d486-1ddb-4a25-bc1d-845b5700142a,34.06271,-118.44687633333334,0,0
3aadee3b-9166-4a7a-9812-83c2d5ad398a,34.06301498333333,-118.28695678333334,0,0
de2505d4-705c-438e-a895-54e5a41d8dd1,34.05979538333334,-118.44460296666666,0,0
7f294c8d-6e3a-4ae5-9083-d90d1a66da77,34.052639,-118.41776275,0,0
4962ace9-c6ee-461f-b8e9-9bcbef77f500,34.073181149999996,-118.44725036666665,0,0
3c81a13a-25fc-4209-8d7d-a151aed0e94d,33.96473311666667,-118.40697479999999,0,0
28b196d3-f160-4d45-8a0f-1d87e1434f18,34.03917693333334,-118.26924133333333,0,0
c7b1d79e-cd46-4dff-b081-fb2fbc110abd,34.03918838333333,-118.26923370000002,0,0
4278a0a7-062f-4135-9c25-492a76d2b2a8,34.062998,-118.45093116666666,0,0
67c723dc-d267-4fc3-8b0a-3bb11b00c36b,34.067643,-118.45148066666667,0,0
2e9d3031-4b7e-43bd-94c8-6d90784ec6f6,34.06310800000001,-118.45087083333334,0,0
a1820462-3940-47a6-a31b-7caf06d3632c,34.06315033333333,-118.45091683333334,0,0
fc23f224-232f-4110-868f-0d2013f6539a,33.98344421666666,-118.47015381666667,0,0
73c91539-d2b3-4964-bb99-cda3914d501c,33.983455649999996,-118.47016906666667,0,0
103e1e44-1147-4ffa-8725-c0af7e6486c7,34.055671833333335,-118.25379866666665,0,0
7bae0356-68c1-46c3-87ef-529d74c6a7aa,33.983425133333334,-118.47013091666668,0,0
a8225862-b8f1-4b2f-a909-e198ca9adebf,34.02545928333333,-118.28373718333333,0,0
dc53d942-0a70-43c6-9277-5a5dc8d70de4,33.9833908,-118.47019195,0,0
b7fa1cb6-84bd-46c2-b357-f910ecf39aa3,34.039409633333335,-118.26515198333333,0,0
9de7e7be-0866-4a61-bf77-3c861e83008b,34.04516601666667,-118.28762055,0,0
0fe9a18e-6a5f-47e6-aa8b-2d8a5e2e3cfe,34.06490706666667,-118.45187378333334,0,0
22f0628f-6263-4285-bf04-7002db46b076,34.05478866666667,-118.44564433333335,0,0
e582877d-8347-45e3-bd58-c69796420d66,34.04724783333334,-118.23425616666667,0,0
a4fada63-2b73-4afb-b8ea-50c2e1b6ef9d,34.03987503333334,-118.25952911666667,0,0
cda33f1a-0fea-4b2f-8b0e-1c5f86e878a7,34.053161616666664,-118.46467589999999,0,0
9b4a5b8a-b5ef-4cf6-aa6e-156da2764265,33.97368033333333,-118.45762583333332,0,0
55809f13-cb77-4a06-b994-ddadd927e184,34.10061645,-118.33884430000002,0,0
039569ea-caed-4681-8773-dc6d77fcfeb7,34.02554703333333,-118.3953476,0,0
254371df-424b-4638-9ae1-6af2e794c59d,34.02553183333334,-118.39531916666668,0,0
2ae1b231-3436-4fa7-af4c-c39fdc0d7b64,34.025587333333334,-118.3953415,0,0
cb39b68a-6637-4af5-b002-64653e94899a,34.02555683333333,-118.39533383333334,0,0
56c2bdea-3934-42ab-b4bc-2294b204bde3,34.03112411666667,-118.27404021666668,0,0
e3941633-9a37-4c56-8bfc-1ab8c63e94a1,34.063083649999996,-118.45235443333334,0,0
7d26df8c-eb92-488f-9d13-860852329b18,34.03137166666667,-118.28753933333334,0,0
c709765c-1c1d-472d-9943-64d7b94eaddb,34.059955599999995,-118.28036498333334,0,0
b187cf37-ab30-42fa-b684-54a0d94a3d63,34.0396347,-118.26367950000001,0,0
1162d439-29f2-45f8-ae1c-ddc78512cd71,34.16480636666667,-118.43968199999999,0,0
63ed4dc5-9108-448e-86c7-ebaeb74b9c6c,34.164768216666666,-118.43965911666668,0,0
ee21a2d1-c111-494b-8cdf-d9547e4cef2c,34.164794916666665,-118.43966675000001,0,0
a008bdd4-bb0b-4e6a-8f84-ae23be5a8388,33.95352716666666,-118.39639183333333,0,0
daa65633-d08a-4537-b9e6-82c8d0360c49,34.067459099999994,-118.45257568333334,0,0
8011cd1a-4bc6-42a3-9417-4afe3858641c,34.039493,-118.26027033333334,0,0
3fbe0579-4068-4f49-a87f-b535ecac5f67,34.05874633333334,-118.44136046666667,0,0
f50b5c02-6ba8-4ffa-9cdf-57dcadc3b15e,33.960025783333336,-118.40998076666668,0,0
576c7fe1-324a-4abf-b984-47aae43b3f61,34.069728850000004,-118.44493103333335,0,0
35304b68-817b-46b3-8d45-47297a8ff5e9,34.024971,-118.35492706666668,0,0
206cee3a-60fd-4af6-92bd-c70460405c43,34.04627228333333,-118.25948333333332,0,0
89e939c0-005b-4916-b1bc-9ad25d5c865a,34.09416961666667,-118.33908843333332,0,0
eff4a03d-53e4-4a13-bc39-3013fefad071,34.07433318333334,-118.4539032,0,0
fe2c8cb3-5c76-472b-8dc7-24dd884a60fb,34.017108916666665,-118.40563201666667,0,0
b0d52183-4cb8-4592-b07d-c58cef9a90af,34.061475333333334,-118.44837383333333,0,0
530e8d4d-4dd7-4056-aa70-82e1d35c62d6,34.066810600000004,-118.45101928333334,0,0
273eb5bd-e7b1-4300-970d-c635a27f7f21,34.04035186666667,-118.26663208333333,0,0
755f6b82-a17b-4a3f-96db-ec6a8225bd5e,34.04876708333334,-118.24903870000001,1,0
1f73e526-8360-4f68-acc9-46c6c72c30fc,34.07383016666667,-118.45079866666669,0,0
41f2200e-b7e7-42fc-87f7-681aa5214def,34.062010666666666,-118.27460966666668,0,0
04454503-9002-46e9-8033-2fb17484d3f7,33.995117183333335,-118.46721649999999,0,0
2a22ec53-6122-4b53-8b88-af27053efff3,34.03446198333334,-118.23238373333334,0,0
3306d29d-4c61-4e0c-98b4-25de1340cc52,34.10165786666666,-118.30670928333332,0,0
a3eb9bf2-1d95-4597-badf-d80eb5cbb485,34.04627766666667,-118.45690366666668,0,0
8d3cb7fa-9fe8-42d9-b9bb-6965584b2099,34.034477233333334,-118.23239898333334,0,0
700bf15a-a0d7-4d86-82a9-85c44738d3c4,34.04567718333333,-118.25053404999998,0,0
4de8b00b-4c69-43a4-8604-89946bf964c1,34.06361008333333,-118.4469986,0,0
734060d5-db4e-44ca-a932-30bf36131656,34.06093596666666,-118.2851181,0,0
1e7f477e-14a1-409c-ad30-95e3e0f4b90d,34.06136321666667,-118.43378448333333,0,0
469e93c0-5932-47a0-bf78-0a32c00a47be,34.067169183333334,-118.44972228333333,0,0
de076e49-778b-4de8-983e-cef5adb5587a,34.06373215,-118.44909668333334,0,0
45faa3ca-4047-47a8-8d09-5f704e2b07ec,34.04392241666667,-118.24664306666666,0,0
b1aff9e0-0d4a-4b04-8adb-2ebe1fb2ed0e,34.07226563333334,-118.4535675,0,0
061da13c-6d2c-4b59-9825-cc99b336b22e,34.05034533333333,-118.42032616666665,0,0
cb4b2c0c-5655-4ea4-893a-8e7249a4801d,34.072826383333336,-118.45075225000001,0,0
9a0fd636-bbf4-409b-9ea8-ed86ef724b92,34.0235138,-118.40340423333333,0,0
9ebc8f95-dada-48bc-a593-61f64e6bef1c,34.073871616666665,-118.44308471666666,0,0
e8068272-7349-404b-8067-255bf43db86e,34.06566238333333,-118.44902038333333,0,0
a8f42988-c467-4dfc-83cb-05342e6c243b,34.0399437,-118.2600708,0,0
ce14cf23-dd74-47b9-a045-4b9ab88eb11d,34.04393386666666,-118.26499938333333,0,0
a7809f58-502b-4c5f-8c8f-279ac034a5d7,34.04466248333333,-118.26432036666665,0,0
1764f4c1-db9a-47ec-92b6-7bae8b8508a7,34.04801941666666,-118.25963593333333,0,0
f10824e5-d1fd-4b70-8f95-6484dfcf0b09,34.04179763333333,-118.25924683333332,0,0
af3a5727-8f23-4557-a22b-efb9d28c336a,34.027807,-118.36584983333333,0,0
d9323f1b-5784-4137-87f6-901cb8b66216,34.0697937,-118.44487761666666,0,0
1dc365af-92fd-4f3b-9ed7-d1eac7dba60b,34.05586243333333,-118.42701721666666,0,0
1d6ddf25-4085-4ec8-8417-d8a4a65c4bdf,34.043380733333336,-118.26100158333333,0,0
1c8793da-d159-44a3-85a9-1bca95d15220,34.06820678333334,-118.45262908333333,0,0
de16c14d-8e83-4bb9-857e-ebf1575152de,34.056327816666666,-118.23734283333333,0,0
b43b6d63-7eb0-4245-b2a9-b3fa30829b5e,34.01712418333333,-118.40563201666667,0,0
b0163f28-c083-4198-879d-d8bfc8613467,34.04813385,-118.25067138333334,0,0
dc4b3b77-7816-4b80-a6ac-16a6c2fc06b8,34.045410149999995,-118.26533508333333,0,0
9e352d15-4341-4f93-b557-a8dfd3e78aed,34.058799750000006,-118.44396973333332,0,0
b23a9eba-9d20-46aa-ada9-3913622a77a1,34.038859,-118.26298866666666,0,0
57b796a4-6add-46ce-85ef-2410d85e8b48,34.05816268333333,-118.44577026666666,0,0
62e430c2-8137-40d7-a656-7570b9b20921,34.04100036666667,-118.26444244999999,0,0
21c7057c-64a6-4aaf-bde1-01e3e0d21e56,34.00963973333333,-118.34417725,0,0
073a7074-38bb-4af4-992c-3bb1f6b0bf5c,33.989555366666664,-118.45137023333334,0,0
245902eb-2364-4a91-abb3-82f90b6db1eb,34.06845475,-118.44308471666666,1,0
f7a73d72-5dc0-4ada-b268-697cd5e796eb,34.042151,-118.25988216666669,0,0
0ea0d13a-1ed4-4c18-a6ab-e68c5b2e80ab,34.16226616666667,-118.43023533333331,0,0
1a7a7591-155e-46d4-9d97-7b6542fe4aa7,34.045902250000005,-118.25986480000002,0,0
b60cc065-fbf5-4ffc-a7e1-85c806c1bb47,34.06932566666667,-118.45483633333333,0,0
e225c2b7-ec5c-4329-977b-bc5bab4871da,34.05977248333333,-118.27455138333335,0,0
50e6228c-d2f4-4439-9850-3f951b3d45ef,34.0452156,-118.26397705,0,0
8b030e9c-0e30-447c-956e-57f74dc36b81,34.04549026666667,-118.26071930000002,0,0
71a4772d-ee1e-493d-86d3-5b0ca36e4858,34.065219883333334,-118.44059753333335,0,0
51260c13-8e35-44c1-b994-0c9370968ad8,34.1031456,-118.3351593,0,0
85d73845-048b-4766-b95b-8d9dc7e76e94,34.03709411666667,-118.24072265000001,0,0
d3a44267-1446-4cf7-a764-252a057f008d,34.042835233333335,-118.26261901666666,0,0
c7297d71-0a79-431d-a7ee-b5a33f1720ce,34.00086975,-118.42932891666666,0,0
cc82a4cc-123f-421a-9553-2bdd1f779ff7,34.06949996666666,-118.43887328333334,0,0
e39db109-dddb-4c73-bdda-f532bab368a9,34.0171051,-118.40566253333333,0,0
d22f2a39-3998-4688-b239-37772fa84032,34.015911100000004,-118.34869384999999,0,0
d3d43b7e-7b63-420e-9ccd-44fb3d6f8c83,34.06892283333333,-118.45365883333334,0,0
8af80443-6ec7-41e2-9078-290824a0f441,34.069549566666666,-118.45220185000001,0,0
cd0b0d84-8af8-4c07-9109-939bd075d907,34.03681945,-118.28111266666669,0,0
e5fafdc8-60cc-4a61-b768-c9f59fa0b680,34.02826833333334,-118.38988433333334,0,0
33d10912-63ef-44c5-9b38-00a79ff46552,34.02824401666667,-118.38988495,0,0
93020ca4-a1a8-41b2-9aa0-42d437e205c0,34.02828598333333,-118.38988495,0,0
bf7a6f1e-d2f0-42b6-b3ca-d030a5b5f3cb,34.027423866666666,-118.3916092,0,0
965d36d1-06dc-474e-9587-4b9b3378f3a7,34.04613113333333,-118.25843048333333,0,0
02bb337b-f42b-4771-a181-869a5c0a590a,34.042099,-118.46194458333333,0,0
d7c498ec-39f5-4137-89a9-fa994e26c021,34.08401490000001,-118.36162566666665,0,0
cfe7dc36-4ef5-446a-b5fc-3435bf8ee933,33.98287201666667,-118.46967314999999,0,0
58216763-d7b0-4d34-b191-8cb5189a499b,34.045955649999996,-118.26298523333335,0,0
f6ef3a8b-a91a-4277-8074-57f3c0289137,34.028965,-118.40369414999999,0,0
c8386d7e-2dcf-4198-892d-61d68dc9887d,34.01692963333333,-118.42015074999999,0,0
57bfe5bc-2cd9-45fb-a083-e04e64404775,34.07136966666667,-118.45313133333333,0,0
2778eedf-aa30-4a12-95f1-47c3c08f8ef8,34.0676895,-118.45365916666667,0,0
94ce5187-7a20-4d6c-9e17-6451234167c6,34.045837399999996,-118.26300048333333,0,0
fc177617-b342-4cff-99e4-7256d848ba03,34.016998283333336,-118.35044098333334,0,0
aebad075-5d35-49d5-a7ef-d9448292596d,34.043502800000006,-118.44577026666666,0,0
6e7dbfbc-cee7-40bf-ad6d-f87ec3698a76,34.052308333333336,-118.26531066666666,0,0
21c58bab-06f2-4b9f-9afc-4244021e0143,34.0171155,-118.40563983333335,0,0
43f1d42f-136d-4ffa-b22d-2346c3452c5c,34.046234133333336,-118.45684815000001,0,0
13250bea-7b19-48ce-a285-b08f31daf6eb,34.02942276666667,-118.27153015,0,0
4770bbfe-39d4-420f-9915-696317d24aa4,34.027389533333334,-118.3915329,0,0
afbb15a6-43da-4c69-8b99-85f92c955424,34.05543136666667,-118.23231506666667,0,0
0a1561ed-879e-4a88-9c3c-9a76b92affe9,34.027423866666666,-118.3914795,0,0
95c78240-5dad-4130-bc0d-6156ddcfd24d,34.02739999999999,-118.39153016666666,0,0
53a13a9a-0cae-466a-b5ba-bd2c3a8e17d5,34.06850815,-118.43904113333335,0,0
d6974d6d-2126-446c-9693-fef97ff9637a,34.06274413333333,-118.44846343333332,0,0
6a62ea1f-eaf4-485e-9608-0e0f498fbd20,34.03813935,-118.26661681666668,0,0
590b1592-1714-4206-b3bb-5e9910f59f2c,34.098072050000006,-118.33975983333333,0,0
2a1019a2-3be0-49a3-a8fa-817c51e6ab9f,34.062779,-118.44841383333332,0,0
295815dc-9bed-48a7-a0a2-12f11f634bb3,34.07005516666666,-118.45488733333335,0,0
1fb13d22-3aa1-444b-8a83-e1c0977b1f56,34.0326271,-118.36277008333333,0,0
a7499968-83fb-4c0f-96fe-56e6224cb141,33.9981308,-118.46968078333333,0,0
f38feaa0-070a-4f17-b232-ce9eb2e5362f,34.08037948333333,-118.26308441666667,0,0
7b339202-152f-4d84-9556-685aeef3c9b4,33.98767853333333,-118.42338561666665,0,0
3487bb61-e5f5-4b74-93e8-0e68d2b89796,34.18657303333334,-118.41201781666665,0,0
f524d57a-ce30-4ca7-afe2-8d04da5e6c03,34.05724716666667,-118.25290680000002,0,0
b471ed37-bf93-4853-9fef-4ff1f6548403,34.045722966666666,-118.26692963333335,1,0
879f91ba-bbb3-4cba-a9c1-b5c5605d36ef,34.07496261666667,-118.25340271666667,0,0
f3d14e64-4399-47d3-b6e9-5363029f20ba,34.05504666666666,-118.25301883333334,0,0
d3442f5c-de13-40f7-bbc4-82ec9c611709,34.02371166666667,-118.28429233333333,0,0
e0bcdfa3-01ca-4871-936d-eda1356bcf5e,34.19851066666667,-118.45280483333333,0,0
549a045e-4021-4ff0-ae88-7fcba8ef2576,34.04919433333334,-118.26358031666665,0,0
4510aee5-2ee1-4921-aab9-1199af56f247,34.04581451666666,-118.26670836666666,0,0
01f7aba3-a6b7-4722-8ca6-50d4063f81f6,34.0699515,-118.45144866666666,0,0
a8efe582-4074-45e0-b736-98210049fc4f,33.99781418333334,-118.47245788333333,0,0
5a773f62-05f4-42d6-8abb-9a0d177764f0,34.06523131666667,-118.44933318333332,0,0
b5699e7d-4ee2-4904-abd2-80824f44e625,34.02580261666667,-118.28678131666666,0,0
4f53d3e7-0d13-40d0-b3e6-88e4efff057e,34.06192398333334,-118.43388366666667,0,0
b293e8fa-c06b-46fe-a071-3cf4b11bdb84,34.06191033333334,-118.44430616666665,0,0
6a6bb098-d467-4ebf-93f5-f08b68b74c6b,34.06454086666667,-118.45189666666666,0,0
3ee93d14-68a8-4a92-8427-2ffa44473783,33.98499266666667,-118.470262,0,0
a5b23b3c-ef14-4c3b-9428-62537fa0a2c8,34.042669333333336,-118.45819449999999,0,0
4c311bda-7c03-4802-a177-29a206d734ea,34.022911066666666,-118.29471588333332,0,0
0dc92603-c114-467a-8a43-c36df4f1f12a,34.04079436666667,-118.26113128333333,0,0
a26a7ae0-ec0c-4839-88fd-accd13f8560c,34.04936218333333,-118.26018524999999,0,0
d20af36f-33b8-4984-a9da-c28f762fd785,34.046794883333334,-118.25585174999999,0,0
4bf56fc2-eba1-4d37-8e56-bfb9044cdcc2,34.0409317,-118.26448821666666,0,0
5c5caa37-9786-4e21-9d86-67bb399f62db,34.044534666666664,-118.45517983333333,0,0
69d3940b-6ef5-400a-8d3d-81333c2951e4,34.061206166666665,-118.446069,0,0
9e26250d-b01e-4642-9dff-a02295aeb6e8,34.04690466666667,-118.26033950000001,0,0
f5803fc4-b140-489d-8419-cdd3947d2e8b,34.03383636666667,-118.46212005000001,0,0
1af22029-5ecb-4466-80fb-c515deccdb3d,34.0404475,-118.23334716666668,0,0
906ef20a-618c-49b1-9997-af0c97ff8912,34.0658615,-118.45070583333333,1,0
69f2a8a1-e3dd-4193-aeb2-5817b6fdd6c3,33.946205133333336,-118.38591766666666,0,0
d5705231-b135-4dfe-ac4d-0a013e86b7fb,34.0494461,-118.22023773333333,0,0
ded7f20b-d981-4a19-abaa-4d0b727fb68a,34.0529495,-118.41762866666667,0,0
d3bdeb19-6afa-46c1-9173-bd12dfede45c,34.03649901666667,-118.31344605000001,0,0
73ef189c-ee2f-4ef1-8dc3-d78502df04e9,34.09555816666667,-118.37334441666665,0,0
b5aaa7b1-831f-42d6-a1d9-6bb3308e28b2,34.061483833333334,-118.44630416666665,0,0
9fbec5a4-457a-47d5-b3cb-8d1dc6b40863,34.071365349999994,-118.449646,1,0
0aa31a62-b405-4720-ad1b-a670ffec740d,34.0207901,-118.40122986666665,0,0
0a823f5b-e443-41c9-a396-b21532cdef8c,34.064411166666666,-118.24913025,0,0
5965d552-d332-49ad-a543-c055b298fb34,34.05716705,-118.26281738333334,0,0
98434e0d-81b5-4eeb-a7e5-7c2ebc54804d,34.050098416666664,-118.2466507,0,0
d8ed89ed-1f97-4d4f-a3e6-03857c1144a2,34.05012511666666,-118.24661255000001,0,0
10a94a45-5c3d-4c6d-ba13-8064bc374a09,34.057113666666666,-118.26284050000001,0,0
219991d1-6c7b-4fe7-a95c-262b1b5d1090,34.06861876666667,-118.45249176666667,0,0
250e10ca-1eff-4da9-9d26-547fd6a91694,34.07656096666666,-118.44060516666666,0,0
d5639e01-012e-4de4-939d-50f1e204d65a,34.066600799999996,-118.45315551666665,0,0
c731efeb-1d1d-4447-b0b6-6b65dbc9c246,34.027057649999996,-118.27978515000001,0,0
366995c9-6b6a-41c1-9383-ef41d1fd0719,34.076641083333335,-118.44054413333333,0,0
f8b2c3c0-5b5c-4504-a00b-625f78ae951b,33.968215949999994,-118.4187851,0,0
96f72900-f514-477e-8684-486508b7cd2a,34.06502583333334,-118.44809666666667,0,0
92338f4b-7ef6-4771-add2-3d7f3ae84df5,34.070865633333334,-118.44315338333332,0,0
d20e7de2-5371-4a18-866c-00283bde948b,34.06244383333333,-118.44418466666666,0,0
0123117e-66b9-40f7-84d8-95f9d3562dab,34.045803066666664,-118.26888275000002,0,0
5d820f58-2a74-4146-8db5-eb53c9fe74ae,34.06679535,-118.45105743333333,0,0
b0f07c9a-2722-45b0-863f-a57213b8d003,34.04763411666667,-118.26337433333335,0,0
997b95b2-d397-4ad3-be61-982b2666a33b,34.036985333333334,-118.35124766666668,0,0
12005af3-4d20-4aa6-ae0d-bf38b85bd890,33.998538966666665,-118.47330474999998,0,0
087684ac-e438-4b3e-914a-91764dde75b2,34.06772994999999,-118.45149993333334,0,0
8c6cecb0-d03a-4e4e-9728-ba6ef3c0abcb,34.067586166666665,-118.45142,0,0
e0019e2b-7f7d-4fbd-b7d5-aeafb05591f8,34.088359833333335,-118.30901336666666,0,0
6c72a432-2800-45f9-baa5-af19d8374cc9,34.037208549999995,-118.24094391666668,1,0
b4c4cd6c-1ffa-4755-b570-da0148665022,34.04735183333333,-118.25634765000001,0,0
c2c5d5a0-6a0e-4097-8c21-dd1b4399cc99,34.01769256666667,-118.40915680000002,0,0
e464d7eb-09e8-4eb9-8080-ed407407673c,34.04573058333334,-118.25813293333334,0,0
dc3943c7-6425-4a04-964b-88f8b1aa7db2,34.02869716666667,-118.42959533333332,0,0
822c925c-02d6-4666-b898-44fc118ae327,34.05638885,-118.3112793,0,0
70a55c02-e36a-44f1-ad16-f0a445157ad9,34.06779098333333,-118.45246886666668,0,0
eee6cb3f-ea91-4b71-8f9e-5e85ad36e9af,34.049677833333334,-118.25975949999999,0,0
0914d9b9-9f04-4ec8-aba4-c4aa42455c44,34.068401333333334,-118.4526825,0,0
9601d554-4f49-4acf-80e3-f41791a09a7d,33.987720483333334,-118.46878051666665,0,0
780ceb65-ca14-4ead-95c5-59c238fbdcf1,34.09051895,-118.31329345,0,0
3af7bc0b-2c22-4a4b-99ff-516abfa1e5ab,34.02540588333333,-118.27983856666667,0,0
99aa1219-ab32-4bed-96ac-7f843fed40db,34.04971313333333,-118.25988770000001,0,0
e49a290b-825c-48e7-91c3-94b13991dfe2,34.06554413333333,-118.45373534999999,0,0
2b067a9f-8fca-4419-a1bc-890752f9df4b,34.065853116666666,-118.45068359999999,0,0
16482c2c-e579-4096-9300-be94e0a9733e,34.020107,-118.41061450000001,0,0
6b5937a3-4bbf-49b3-85a4-20ec999ec754,34.03084945,-118.42362976666666,0,0
805fd4b2-8e27-4719-a4c7-dd79039aeb0d,34.04444885,-118.25206756666667,0,0
7ccdce61-0ea0-4083-a70f-f725e33f663e,33.98694991666667,-118.44367981666667,0,0
7ddf9b2d-5d18-4cea-ac32-1ceb3f4ff356,34.04792833333333,-118.23957116666666,0,0
8c7182b2-14ed-48a6-8741-19efdfbbe784,34.014739983333335,-118.28268433333332,0,0
b1c9b74c-04ea-44b4-8630-70e03a137d8e,34.02902733333334,-118.26154166666666,0,0
2c066f25-1546-4881-af0c-6dbd17552a0b,34.04795216666666,-118.23954833333333,0,0
ab9c55a9-65f5-490a-b846-4995a7b98a52,33.990665433333334,-118.46639251666666,0,0
481f647a-2236-4e08-8260-9d8f5817f726,34.029468533333336,-118.41546631666667,0,0
969388a1-8bf6-4860-bec5-ca40011c53d9,34.17184448333333,-118.44631194999998,0,0
e4e10016-d3ef-42de-ae92-56f40b091096,34.02947998333333,-118.41550445,0,0
817cd6dd-f69f-46e1-9c0d-15ecb206b652,34.00017166666667,-118.44864655,0,0
914afa69-5cb0-4b32-ba39-6266127c8f54,34.04503916666667,-118.26450766666667,0,0
90893f92-eb80-4a9d-bb47-b6e82e5ebfe8,34.01804283333333,-118.28715383333335,0,0
660db63e-ca09-499e-b3b6-69f208c18188,34.07231521666667,-118.45028686666667,0,0
3f4bfe76-2a8f-428f-b637-ac6da1b32954,34.06105041666667,-118.44966888333332,0,0
a53df4ef-636a-48f4-b87e-64eee8aea57b,34.06099701666667,-118.44968415,0,0
5f1828a8-eac5-4531-8f95-c565bd350385,33.99373966666667,-118.41814933333332,0,0
bd0526bb-171f-42e1-a7a3-34c40625cae4,33.985771183333334,-118.44326781666665,0,0
17803bd9-a13a-476e-9d17-2fc98f635d7f,33.99269485,-118.47808074999999,0,0
8b7c2b31-39ed-4e3a-93db-85ccbc8ab683,34.04667663333333,-118.24940489999999,0,0
89bcb349-7432-498c-9f32-dc0fd05a5f7d,34.04756926666666,-118.25429534999999,0,0
372f2277-c00e-4c5c-9285-9c7cdfeb76cf,34.03978016666667,-118.37953883333333,0,0
b2b7dcda-7973-489d-a03d-d5ccb8078f1c,34.026065833333334,-118.27757263333334,0,0
bb674347-ee2f-472b-8999-39468e920f4f,34.05796083333333,-118.24116033333333,0,0
90c30bf7-3b12-4b06-bdfa-00fe5dce7596,34.0439949,-118.25952911666667,0,0
bcd7a688-6f95-4a54-a86c-11a7e5d3a82f,34.04773266666667,-118.25442033333333,0,0
c8009b1b-936f-4acc-a9aa-b58d068542fe,34.06812286666666,-118.45050048333333,0,0
b53234d0-7f56-442a-b129-c94dcfb3d601,34.02059173333334,-118.38129425000001,0,0
dd021e3c-165f-45b5-b878-3bba432505d0,34.08349991666667,-118.32236480000002,0,0
78e1a445-5f22-424d-b245-fb25bdc6d997,34.040279383333335,-118.4614029,0,0
9ac4129a-0614-427c-81ac-4ba09f71b558,33.99267578333333,-118.47810363333335,0,0
983762fb-b4cc-4053-8f0b-66d3597823d3,34.043526166666666,-118.25332449999999,0,0
306afb93-efba-4478-9050-bfb3fa1a5c83,34.0610733,-118.44744873333333,0,0
f4d6461e-4347-42e5-950e-c8a854befcd0,34.06106516666667,-118.44733633333333,0,0
21c52134-71f5-44df-a549-c60cd0b44e7e,34.10342406666667,-118.34891510000001,0,0
a8e68748-e466-46f9-85ee-ddd872695ce2,34.03635788333334,-118.27559661666668,0,0
40719e20-2e5f-4079-a985-57e6431f5109,34.03642273333333,-118.27561949999999,0,0
e459171c-f9b5-47ca-b339-b71a98fb3e73,34.045963283333336,-118.23333740000001,0,0
888796e4-6339-4163-b228-6c46dabfef6f,34.073654166666664,-118.45273590000001,0,0
4bea8bef-0adf-4bf6-8474-b66d7302a685,34.06976318333333,-118.44500731666668,0,0
fb2516bd-ed2e-43f1-8a98-11d63bfb0084,34.0294342,-118.4105835,0,0
d2aa9db3-5b58-4364-bff5-c3de6d52c638,34.02942276666667,-118.41059113333334,0,0
cf913065-11d8-4af1-adf8-fe448936746c,34.09030915,-118.30789185,0,0
90c820eb-5ee3-4187-b4e6-fe15b4813257,34.154132849999996,-118.44119263333332,0,0
908cba96-05f1-4775-beeb-4fdddf208e19,34.03089905,-118.38589478333333,0,0
9f953a22-7146-4e4d-bcbd-f5b6d5291e80,34.03242493333333,-118.30551910000001,0,0
b8b7fd71-c34f-428c-ae42-99e9cd42ab21,34.06785583333333,-118.45030211666666,0,0
12736999-65f0-49a9-a877-f8c4b8765bab,34.022945400000005,-118.25178528333332,0,0
288840e8-5719-4a72-9d39-e4879feef95f,34.0999031,-118.34486388333335,0,0
fd810258-1d17-47a6-9adc-281e2167e9ea,34.017143250000004,-118.40569305,0,0
7dbf6d1c-fcac-4442-bde2-758a578b9a2d,34.06572683333333,-118.45183916666669,0,0
bbdc7374-2879-456c-8aca-8674a916434e,34.02283096666667,-118.31835938333333,0,0
1e8e4c97-1396-440e-b1d1-eaf4a049df9f,34.101564,-118.35093983333333,0,0
486a0b52-adaf-42b2-8c4b-3cf63700d637,34.03593445,-118.3004303,0,0
f1bda81e-97c2-4f29-af52-ca3cb5014e10,34.06937516666667,-118.45476266666668,0,0
c73b410c-105a-41ce-9e3d-6a45bbd48507,34.06937583333333,-118.45483266666666,0,0
c50306e9-c5ee-428e-9ff0-ff9f008f8f91,34.018736,-118.28194,0,0
e638032b-d435-4160-8d7d-cbafcefb04ad,33.989734649999995,-118.46260070000001,0,0
96c677d9-9bdd-4b65-8e92-b3b3b644bb73,33.979732516666665,-118.46592711666666,0,0
3280f704-5d4f-41d4-8142-15197e1356c0,34.06520033333334,-118.45290166666668,0,0
6ad109ee-dde7-4414-8514-9dcf61a7356f,34.03338623333333,-118.32850646666665,0,0
dc3c05f7-da54-4285-b73b-9c2c05ee77ca,34.033401483333336,-118.32850646666665,0,0
1ba56bca-96c8-4055-b801-565b32002213,34.033379833333335,-118.32851216666668,0,0
7e2a9991-53d9-49c5-9075-4bea23710eaa,34.0610733,-118.44740295000001,0,0
f48ee752-e710-4367-ba0f-5a9e446b0509,34.04199981666667,-118.22545623333332,1,0
7b3ef1a5-192c-49fc-8635-7714569c25f7,34.028347016666665,-118.28884125,0,0
e28ee72e-9648-4728-b72c-19b20d3c0723,34.0555458,-118.4384842,0,0
3dc0ccf1-017b-413a-8921-737a3c13c2ab,34.02349471666666,-118.28096771666667,0,0
be5952ec-1f19-44cb-866d-c51e574484f2,34.0493245,-118.26370016666667,0,0
69a81b30-eee4-4671-b468-c5fb4d88a485,34.09988403333333,-118.34485626666668,0,0
988cda99-c368-4110-b61e-6bb2621b360c,34.05484771666667,-118.43759155000001,0,0
361ab17c-92f2-4356-a3d5-a0a373da8840,34.06117630000001,-118.44593048333333,0,0
52750ff3-f1fe-44e5-9f7f-c658f051a5be,34.0380385,-118.44098283333332,0,0
48d576b0-e97b-4c54-a320-684275bf1c39,33.999097666666664,-118.47306566666666,0,0
8cccfe46-5294-4c3f-bd65-616e64bfb07b,34.046833033333336,-118.24263,0,0
b7b4d63a-b932-4311-8a18-547e23864cc7,34.06435013333333,-118.44742585,0,0
f5de74dc-940d-4415-992c-e5620a852711,34.054462433333335,-118.44158173333332,0,0
312b7a33-e7b8-4fff-9693-506f22156084,34.01711655,-118.40563201666667,0,0
07c8c691-e7ba-4e93-b18c-1d3ae9ca84d3,34.09664153333333,-118.32917023333333,0,0
47057f58-2459-4ffe-be6c-fb36ac00fa92,34.049266816666666,-118.22605896666667,0,0
bd6b4f25-f7e5-4f37-8f45-4031d679d05c,33.96598053333333,-118.41651153333332,0,0
047c37d0-27d2-4329-8f9b-21eaf0710998,34.04948043333333,-118.44680023333333,0,0
a0977c4d-b0df-459a-a17d-665c8baf5885,34.09811783333334,-118.34807586666666,0,0
5a7d12bc-9fe7-46df-84d1-a1b3d43f8a29,34.07120895,-118.44606018333334,0,0
26a6a16e-7fd1-4d63-8723-ad8f98998461,34.05682373333333,-118.28770446666667,1,0
32b1febc-4e6a-4203-8184-6c4852b039ff,33.99967193333334,-118.43992615,0,0
a419e50e-00dc-4037-95df-0d8bf472b22d,34.06262588333333,-118.44270325000001,0,0
e5d1551f-52ef-4046-859f-978a71bd06f8,34.02564621666667,-118.27744293333332,0,0
3074f637-2660-4af2-935d-b74054a70926,34.02565001666667,-118.27780151666666,0,0
32b374ab-5536-491c-8b45-ba2e61e453e4,34.09988021666666,-118.34487151666666,0,0
b02b5f90-c42d-45dc-8be9-8434ad8eae07,34.02634783333333,-118.37176866666665,0,0
3f6f2a8a-9526-4b4e-9303-a3078e863388,34.023845666666666,-118.28373718333333,0,0
4cdacccb-f86d-410d-935e-b755fc2969de,34.060077666666665,-118.44741058333332,0,0
f4fc3899-5c06-4185-9b7f-ee9c34be6493,34.05472366666667,-118.44506066666666,0,0
ff763dc2-4d09-4bbf-a175-9d17adaa9fe1,34.05474853333333,-118.44506073333332,0,0
55badcc4-3b9a-4687-a238-6fcb364763f9,33.981147,-118.43924666666665,0,0
4eec0928-f5d3-45db-876a-47b5ce9b8147,34.02344895,-118.33929443333334,0,0
b177e943-526f-403e-b007-22ae1bb6e2d5,33.99176788333333,-118.44454193333334,0,0
06bb2bbd-7659-4198-9792-1d203bd8e4a5,33.95471191666666,-118.39655303333332,0,0
70089037-09a5-461e-8f5e-6d83b526780b,34.039829250000004,-118.26349639999998,0,0
5eb4e6ce-f19a-41ef-81c9-9dec7bc22ccc,34.0443573,-118.45503235,0,0
e17ff600-953d-4fca-bda4-a6ed64a5cc84,34.02639933333333,-118.37182050000001,0,0
0d3b9160-f3a3-45ff-9458-a034b14d8405,34.04391116666667,-118.262286,0,0
93a9e3d2-78ee-4228-8cbb-d213bcbf1e3c,34.098110199999994,-118.34810638333332,0,0
b68c4472-d725-4504-949f-0cfe3bc73f45,34.07398223333333,-118.45376586666667,1,0
30950c85-be57-4489-8ba6-32b86cfb4b97,34.06543083333334,-118.44920466666666,0,0
2403ad92-5230-477d-87bc-a0966eaaf641,34.03790665,-118.26042938333333,0,0
96d21907-008f-4317-bcb6-23a29e28f813,34.040588383333336,-118.26237488333332,0,0
e19547a4-dab1-4a8e-a118-743044fecbc2,34.015369416666665,-118.28427886666665,0,0
1c3763f3-95c3-4294-ba50-19e8df0a07dc,34.0980072,-118.33987426666665,0,0
dd5e5b27-ad4a-4b99-a898-5c0eff962f10,34.046073916666664,-118.25963593333333,0,0
6ede5bc7-335e-440f-9aff-b442ef0a3f21,34.03294753333333,-118.29253386666666,0,0
d0fc1382-1c04-4981-915d-288709a323dc,34.0265274,-118.27852630000001,0,0
b2ceb41d-2636-4111-9ae5-7ecf5e0b3ea4,34.02404021666667,-118.28357696666666,0,0
8a9abf1a-f93a-4972-a5e2-e6c73d7daea3,34.04260635,-118.26165008333334,0,0
a62b7a53-4f4b-4bdc-af11-2bacf4c63715,34.07112121666667,-118.44769286666666,0,0
aa369340-2fe2-4090-9357-f3e6598c52d4,34.06554413333333,-118.45372771666668,0,0
ca1822bb-1b89-4c9b-9815-06aa4f948a30,34.02640151666667,-118.39465331666666,0,0
647064ea-91ba-4f89-b0a3-f5ae64c31c80,34.152771,-118.45186614999999,0,0
e2f47373-0e56-4ce3-aea2-9cb0367cab96,34.03086853333333,-118.28752136666665,0,0
2fe2918e-f8b3-49fc-bcc8-a738ba111d5b,34.02749251666667,-118.26905059999999,0,0
566c4463-5c5c-4c45-8696-ef370eac39f3,34.06928253333333,-118.45388031666668,0,0
a54a1b66-9e7c-48e7-a073-5a37fc8d8a56,33.946559900000004,-118.38657378333333,0,0
fad97509-e8a6-4bfd-ac24-dae3ad020b55,34.02488326666666,-118.28013611666665,1,0
6918c912-aaab-4e87-bc35-da744c0c32fe,34.02387618333333,-118.28356933333335,0,0
2b8e84d5-5036-4507-9d3c-d558f6768873,33.957443233333336,-118.39604186666665,0,0
e3a51f2b-b7d0-4b99-8bd5-0b3b97f4c85f,34.02196503333333,-118.30788421666666,0,0
a46bbacf-3e82-4bd4-9d01-c8cb994e43c2,34.021926883333336,-118.30790710000001,0,0
76476208-4816-4235-afc6-aba9c62839e9,34.0416832,-118.25201416666665,0,0
1b97c501-d980-41d8-a8d1-2f9458ecabbd,33.980541233333334,-118.46577453333333,0,0
8c7b5cca-0e04-425f-bb6c-84c3e1767d84,34.07217025,-118.45276641666666,0,0
db360cde-e761-4f14-938c-fcb9964465f9,34.04104995,-118.26108551666667,0,0
71239eda-065c-4483-ad52-7b56c1be1047,34.06268983333334,-118.44816033333333,0,0
44f8485a-5b9d-4703-9d33-3f8091138e33,33.99779128333333,-118.41850279999998,0,0
72c47038-ff1e-48ba-91ad-1e3d0a23d6ab,34.062637333333335,-118.44815826666667,0,0
91f4f855-e29f-46bb-b618-234c4af1f8d5,34.01986483333334,-118.27804650000002,0,0
5eafbe2f-0f21-4087-8dcd-219c7e7813f6,34.01990416666667,-118.27802983333335,0,0
c564bf2b-d1d3-489e-aeda-ac8c1feb115c,34.064991,-118.45271301666668,0,0
be70f459-f71d-4d10-b85b-de91eb0008ec,34.06183166666666,-118.4480775,0,0
b06dc670-7d02-43b4-af2c-a935621476a4,34.03564071666666,-118.23126983333334,0,0
ba0fecf3-922a-4d6c-886b-f96eb5db9024,34.02666283333333,-118.27907283333334,0,0
6c2afe9f-7fdf-45ae-a42f-7a07179fb35d,33.965965266666664,-118.41659546666666,0,0
348de7f5-a641-4b41-8c01-9cd209fe2260,33.980484016666665,-118.46466065000001,0,0
f8988bfb-c116-4adb-abd1-e8e56e85c0d6,34.09787368333333,-118.32977295,0,0
06af3b0a-1dd6-42fd-b0ad-3d4c0a56031a,34.055210116666665,-118.26137543333334,0,0
9d41c756-916f-4909-bb6b-04205b8c3b41,34.05496596666667,-118.23989868333335,0,0
de906e61-0bc9-43ef-85a3-48cf26561b28,34.10250091666667,-118.3094101,0,0
dd3e7a0f-0592-45a5-919c-93381efeb54e,34.04473766666667,-118.25034633333334,0,0
f5dd90d4-2052-4ce3-8c37-345e9f05c786,34.040480833333326,-118.25707316666667,0,0
96ed74c6-e669-44b0-93fa-98843e116e8d,34.02537155,-118.29014586666666,0,0
689fef38-9531-4715-b5fd-7a54b3861842,34.025402066666665,-118.29012298333333,0,0
c52ce2c3-7938-45d4-98f9-fbf22556da7c,34.03285966666667,-118.29262866666667,0,0
9e740c46-67fa-49e2-9e30-2237a13af678,34.09791946666667,-118.32977295,0,0
59a1f823-657f-4d03-bd9b-40129815aa65,34.050678250000004,-118.44151306666666,0,0
e51cb3ba-d10d-4854-8f7e-55d6f10abe45,34.07042693333334,-118.45335388333334,0,0
0b5f1cd5-ba6e-4d56-8075-5f8b3c0989a5,34.06422016666667,-118.22875283333333,0,0
b2ef0fdb-80b2-4e88-9563-2470c1c56825,34.0576706,-118.35340881666667,0,0
19f66bbb-dd40-4e1f-926a-c7e297e40347,34.01698303333333,-118.29170226666665,0,0
5b8718c2-431b-42b7-a153-231ab3a741c6,34.15081405,-118.41912078333334,0,0
7af2aa29-8f7a-4db9-9b9f-d4b0d49274d1,34.047435766666666,-118.2605896,0,0
453e9bb9-e8d3-4840-8cb3-836a00d49cec,34.150822999999995,-118.41912816666667,0,0
bf489c13-3839-4e4e-b353-768cb59c15c2,34.031536100000004,-118.4003067,0,0
736cc9c8-ca28-4bef-9029-bdd33f0382b0,34.0234375,-118.33631133333334,0,0
b639390e-4ec9-4077-9e81-a80a77e33510,33.986228950000005,-118.45515441666666,0,0
31644061-248e-4caa-a7f1-904d71be73bd,34.10438538333334,-118.26403045,0,0
7682bd55-0a75-400a-a519-7a2b6388bd08,34.02346033333333,-118.33628616666668,0,0
199cbda3-32d0-4848-9a14-9a32b63c5912,34.046531683333335,-118.25896453333334,0,0
489a991d-8fa8-4169-87b7-b34ea9fb619f,34.05411911666667,-118.24701689999999,0,0
68a7c93d-79bf-4a8a-af35-d4b4b30c6dbd,34.05627441666666,-118.44561768333332,0,0
0179e7ef-bbe9-4515-ae1d-efeb012332fa,34.087885666666665,-118.30060116666667,0,0
d6e7f608-2b7c-4e89-95c6-86a30f6087d2,34.10141733333333,-118.33829466666666,0,0
e9b4d54a-8ed4-43bf-8b7c-5cf70beaa213,34.17494965,-118.46645355000001,0,0
5d5c98a4-9e54-4c2b-a98a-d490098fa307,34.06435775,-118.44097136666666,0,0
bdeb3719-e0b0-41f2-b0d0-6499bf9c9e80,34.041175849999995,-118.26224518333332,0,0
2be3c96a-e196-4865-a6bb-4ecaf43723e8,34.102657316666665,-118.3253479,1,0
29e7bac6-2542-4ded-9c00-8aacee07472f,34.05976868333333,-118.2678833,0,0
1efcbc50-32e3-41dd-b967-592b2c69814a,34.06963433333333,-118.45485633333334,0,0
a8d6c9d0-e8c5-4ff9-9c52-d5ee3c424689,34.040664666666665,-118.24520111666668,0,0
ebbfd6c8-e147-496d-a7a4-e3a8c7f4c752,34.062706000000006,-118.44600676666666,0,0
1569ae64-7dde-406b-9424-4dfc9e091416,34.07172083333333,-118.2585435,0,0
e8b1e9fe-4e69-4787-80f0-6bfd5a5bf6ef,34.09794616666667,-118.32974243333335,0,0
e38c3e09-b4ac-42ac-b903-f56b2d2ad06f,34.066546333333335,-118.44893566666666,0,0
07a37481-521f-49b2-b8c4-7fdee1743dc3,34.049533849999996,-118.24222565,0,0
a1573d3b-9321-46da-84b1-5db9963c6f8e,34.02833556666667,-118.28887940000001,0,0
0dd069b0-4a18-462c-a525-34b2663e95c0,34.07108306666667,-118.4455185,0,0
95883534-38b2-4331-83a7-461d1e9743b8,34.026939166666665,-118.27661433333333,0,0
a55975ea-a299-4d23-a6d4-b99af74ed75e,34.073574066666666,-118.25134276666668,0,0
22377ad3-43a6-446d-8549-3876854146fb,34.045421600000005,-118.25733184999999,0,0
93802420-4359-4966-b353-e1fa8202b84a,34.04810715,-118.24664306666666,0,0
f5ba4dab-7346-4cd2-8b7c-e24aae9bfb11,34.04107666666666,-118.24140166666666,0,0
33dd9c82-84f9-40e6-9ba9-bf85763c1b5e,34.00997543333334,-118.29768371666665,0,0
75473912-e1df-450c-9edb-29464b14bc3d,34.09794616666667,-118.32982635000002,0,0
6529df88-870d-4493-b7f4-87b099f0a5f6,34.0392952,-118.2650528,0,0
7c796eaa-dd26-4fc7-97b3-63ea63a7f35c,33.97222518333333,-118.45723725,0,0
66e6c794-1912-490e-8c34-03ba49f4d7ba,34.06251366666667,-118.44445566666667,0,0
366caadc-437d-4f14-b116-03f055fe324e,34.023397333333335,-118.21524,0,0
b5c45630-82fc-4a50-a191-ac802cc85ee8,34.1004085,-118.31377766666668,0,0
b5574593-fd9b-49e7-8900-a207d818320b,34.04538345,-118.23597716666667,0,0
0ab9c543-f67d-47e9-979d-1c5107152d37,34.09781265,-118.32982635000002,0,0
700304be-2ecc-47b4-88a7-e9e83b4e7d42,34.10444641666666,-118.32978058333335,0,0
9dabc162-83be-4431-ab41-540da9189ba8,34.06281233333333,-118.4425895,0,0
b449d592-e858-4c23-9b70-ec13c49a520a,34.03683853333334,-118.44560241666667,0,0
0a484855-7c64-4373-9a64-a5e3b630966a,34.06687165,-118.42856598333334,0,0
a1729b34-0150-48f9-a673-a74ac32585e6,34.07667923333334,-118.25681305000002,0,0
100d23fc-32c2-47f4-b2e6-f63c4535005b,34.04882431666667,-118.24829864999998,0,0
a32b2eea-b2e0-49a2-8388-0f0e91a85993,34.046348566666666,-118.25823975,0,0
beab2a5d-9103-4ba7-8a77-d6e240990c6a,34.06466675,-118.43283081666665,0,0
c4fff9bb-30da-476e-8fe2-bfb31a234ef2,34.03896713333334,-118.26444244999999,0,0
a57c17bb-92a8-478e-be29-68739ced9fec,33.9834671,-118.46880340000001,0,0
5cee415d-6ccd-4229-8344-7ad43323220f,34.07015228333333,-118.45311736666666,0,0
7fecee05-68a6-4168-94b5-e56cb2a737b3,34.061707166666665,-118.44443033333333,0,0
8bbd932b-ab79-4b6b-9216-a4072a6da557,34.072391833333334,-118.45035266666667,0,0
b5898d45-c29d-4cc7-ad00-1300a37ceb04,34.06620066666667,-118.43974866666667,0,0
a9534c88-56c1-440b-aefe-8284b01d13d5,34.100757599999994,-118.34503173333333,0,0
c7bf14bf-c1d7-45cc-8d26-2a7d1d07bfdf,34.02513216666667,-118.28166383333334,0,0
338309ef-9287-45a2-b9cd-b426aab0dba6,34.030696866666666,-118.28656006666667,0,0
0eea32c0-82ec-4a88-86e7-1388e9497876,34.0483017,-118.44293213333334,0,0
622348dd-6d36-4780-a5ed-bec5f79fe121,34.02505111666667,-118.28154754999998,0,0
08bcaca7-0405-449f-9c32-f45f303ac05d,34.06827163333333,-118.45064544999998,0,0
7149767c-d843-44a4-96aa-64072b7d96c1,34.0251236,-118.28159331666666,0,0
7c5ec2a1-d6e2-42f2-b2e7-d8cd47b1fa2e,34.052600866666666,-118.25177001666667,1,0
c7fba29d-8186-4491-9214-7c2f1113e96e,34.02666216666667,-118.28004933333335,0,0
6edf527b-b66c-4e5e-a899-da1167923ad2,34.05373001666667,-118.44158173333332,0,0
47c8fee7-1374-4462-9a62-c2750778d513,34.010982516666665,-118.31684113333334,0,0
d418752c-7612-482f-a9b3-d83cfa4efd9a,34.064487666666665,-118.45263233333331,0,0
bcd59755-4f99-4278-a50a-429c6c872c68,34.02145766666667,-118.27922821666668,0,0
3e86c23c-1408-44e8-9a37-39b9290c9315,34.046562200000004,-118.23627471666666,0,0
05a33c98-9074-42b0-9493-525ceaa9a157,33.98534011666666,-118.46270751666667,0,0
5689881e-89ee-4c98-8c9a-ac8ad093c79d,34.047519683333334,-118.22664641666667,0,0
470e9133-eef7-49ed-a450-c4f88a086752,34.06827163333333,-118.26080321666669,0,0
928f3e07-66bb-47f2-8703-53dd0dee8e0e,34.04906463333334,-118.25145721666668,0,0
0bcd2ca1-282a-4116-b179-8bd74a51a315,33.998474116666664,-118.46071625,0,0
eecb0f85-b482-45a0-9f50-5d275ec6f0c6,33.998489383333336,-118.46068573333332,0,0
fd0a9fa5-0199-448f-9308-8fe0dcaa81ce,33.97112275,-118.45574188333333,0,0
7548f6c9-dbb7-4ca7-9cc4-de8714c3b71a,34.00829315,-118.31816863333333,0,0
2601899b-f326-4bc6-99de-61f64e597677,34.100677483333335,-118.33099365000001,0,0
42531c7d-8fc5-4f2f-9dfa-eb324b1a2e87,34.060466766666664,-118.44766998333334,0,0
10b09f95-f236-4d52-8d95-68d6029d923d,34.06457138333334,-118.45080566666665,0,0
d2c8d872-cf0b-412b-9bae-6d019a40dd45,34.069458000000004,-118.27931976666666,0,0
23fb8a5a-57a9-4e79-8a3d-fcfcedc8ea99,34.0706749,-118.35332488333333,0,0
85e38b3c-d817-4e7e-80b6-863e34af6abd,34.05651473333333,-118.38275909999999,0,0
700cd5e8-02b0-49d5-be90-ee712006ed98,34.05702083333333,-118.32159366666669,0,0
6fffd4b1-dd45-41bb-9e52-654c78ae6c66,34.05107116666667,-118.24037170000001,0,0
a871ed44-8d6d-44d9-8468-586c731c2a5d,34.05958556666667,-118.42144011666666,0,0
a1ac7ec9-1349-4615-bbe3-6f3a9754f1ab,34.041992183333335,-118.24839783333333,0,0
4c871443-ed24-478d-8904-60784318b010,34.07351866666667,-118.37932116666667,0,0
02e0a6fb-7c96-44a7-adf8-f563b7fe54eb,34.04528808333334,-118.26541138333332,0,0
da7f0729-9eba-433c-add6-7c0799335204,34.059841150000004,-118.44503021666667,0,0
906053d1-2573-49f1-8fb3-c3d2963b44c4,34.050044666666665,-118.33193533333333,0,0
4d7ac915-cb50-4b2b-bab6-2a2b1eccdc23,34.044601433333334,-118.23477173333335,1,0
ee23d341-7b34-4763-a8ab-13137b56f55b,34.05131083333333,-118.24230583333335,1,0
b9f0e321-1383-4d65-a4d5-ee7b085d11ca,33.99328995,-118.45154571666666,0,0
95bae6d0-73ba-4012-aae1-8fe42411f618,33.99331665,-118.45169830000002,0,0
18e99e7f-b6c9-46ba-b522-8cdb2c4c8291,33.98626328333333,-118.44416046666666,0,0
31f489d9-2c72-4243-8ed4-d323b76893a3,34.043521883333334,-118.23255920000001,0,0
d0f9c226-f631-4865-9f31-cb705724953d,34.01470185,-118.27954101666667,0,0
c40b3ab6-3014-4e96-84e0-07bbdcff6e40,34.07032013333333,-118.30976868333333,0,0
bbad4e52-e070-46bf-b24d-b2ea5480772e,34.030727383333335,-118.28652953333334,0,0
ad8d2c7f-6d8e-4653-b6b1-060a54c0f91b,34.06883621666667,-118.28451538333333,0,0
003935f9-c37e-4fa5-96cf-6d06f6b28b0e,34.06478881666667,-118.45083618333335,0,0
0e3bdc8c-df24-4223-bc18-e82654462886,34.000997999999996,-118.46648516666667,0,0
27c9d2af-76b0-42fc-99e8-76f2e8a55a1e,34.05736541666667,-118.35729218333333,0,0
b9478c3e-7324-4098-bd9b-bcc7ce9ade3d,34.101902,-118.29329681666668,0,0
20b8222c-0623-4347-bff7-20c9e25ecfdc,34.04453658333333,-118.25254821666667,0,0
89d69499-ddfa-4fa8-bca7-87b6682c115b,34.062667850000004,-118.44570159999999,0,0
df57b270-7a28-481a-bf94-de2fe00eafb6,34.02383041666667,-118.27781676666667,0,0
f5850b98-ce83-4131-9080-ea7d5a3aabe4,34.029746333333335,-118.28863766666667,0,0
ee7391e9-ae62-4834-aa06-7dbbad08c1c8,34.06306838333333,-118.45078278333334,0,0
3817f2bd-63b1-4b08-87a8-128cf524a77f,34.062812799999996,-118.37741851666667,0,0
aeacc4a2-8974-4fd2-a94b-e371d2fc32e4,34.052086833333334,-118.26520683333335,0,0
4d6e928d-0236-4239-82cd-fad3e61aac0f,33.99950026666667,-118.40325165,0,0
7cb4317a-5977-4c49-9a97-af08cbefab0a,34.067802433333334,-118.43938446666668,0,0
1d1a511f-3711-4a5c-9535-8b0a8ac2da82,34.060859683333334,-118.28417205,0,0
cdab0076-d32a-4014-a328-b41bb9681e45,34.09814071666666,-118.33090973333334,0,0
e4fe8e0a-451d-42d0-be85-03467c28604b,34.047191616666666,-118.2352295,1,0
6806826b-7baf-4075-93a6-c7af26bef22b,34.08690261666666,-118.28882598333333,0,0
9be37e31-716c-4642-84d1-5155b8fc7d6c,34.01675796666667,-118.27687835,0,0
ea600018-4553-4b3a-8349-868f6a9e1cc3,34.06995391666667,-118.45293426666667,0,0
a4c9936d-36d6-4293-9473-c0794652608a,34.065217833333335,-118.45276066666665,0,0
01c2570d-8fe6-42a8-84bc-debc617616ba,34.01676941666666,-118.27692413333334,0,0
5deb708b-b017-4926-93ae-15911b69a0d7,34.042385100000004,-118.26112364999999,0,0
b65ddce5-df45-4744-a145-2933be33049a,34.0880394,-118.34399413333334,0,0
1861eec6-b0b0-435c-949e-ee1b13d802db,34.04455948333334,-118.24105835,0,0
3d24fadb-6a59-47df-9290-9275300ffed7,34.033943183333335,-118.28072356666668,0,0
b7aef664-deb3-4fbd-85d4-ac18a9ad7959,34.04719543333333,-118.23519135,0,0
bb170377-4400-48b2-8afa-c5b14c1e05aa,34.0980568,-118.32980346666666,0,0
d592e84b-c551-4d0b-9a99-1933ae8176a1,34.01873398333333,-118.4108963,0,0
4e5a5226-4f03-4de9-8ab2-375d4109cd06,34.047191616666666,-118.23522186666666,0,0
30a123f7-3c5e-4c1b-8669-f35cc01b86c9,34.06166076666667,-118.23293305,0,0
8321cfe7-c052-4f54-a6d7-219418b67225,34.0221672,-118.29144286666666,0,0
2bab77e7-8008-451c-8db6-e34d9186a7ff,34.06164931666667,-118.44171905,0,0
0039ebbe-ae28-4ad9-9297-df5c47bdd80b,34.027755733333336,-118.28137206666666,0,0
126e4b7c-509b-4343-b973-e7c89cd5ee74,34.01856613333334,-118.42493438333334,0,0
db04b6bb-f7a2-4b00-a828-e781e733c5f5,34.04663086666667,-118.24873351666665,0,0
9681f07a-48d1-4c0e-933c-f9e18ccbf7b2,34.04699706666667,-118.25019073333333,0,0
c0b9a113-43ae-4a7a-af46-380f2fadefb1,34.061703333333334,-118.4482815,0,0
250d610a-c869-48f8-96f6-5f5d8f881516,34.04039001666667,-118.24700928333331,0,0
9455af16-5668-47e0-9047-c3096eb020bc,34.04539871666667,-118.25978851666666,0,0
ea7d3eef-bf72-49ce-a74c-708a52fb0824,33.99744796666666,-118.28193664999999,0,0
c91c7553-7b48-4da2-af1b-a8ddeb05f2f2,34.065254216666666,-118.44914245,0,0
2954acdf-95b1-4795-ac0e-b5c44cd2f115,33.98930358333334,-118.46582031666667,0,0
84045f1c-7248-48f7-8f57-90576b175e3c,34.045597083333334,-118.25974273333334,0,0
e1c6a26c-d190-4d06-9c24-920cca6494a3,34.0769043,-118.36151123333333,0,0
cc7b0749-2de0-4f67-bb51-cb8492e6c65c,34.10456085,-118.34904479999999,0,0
d27bb2c8-9158-4243-8484-c022830b164b,34.061347966666666,-118.44441223333334,0,0
c59cf164-122e-445b-95e7-0d93bd838e4c,34.045322416666664,-118.2602768,0,0
f7ac54d3-981a-45f4-bb5a-a4b2ac2d4d21,34.046314233333334,-118.25940705,0,0
995a69bc-2d71-412b-8a8e-0b87669d41d2,34.03224633333333,-118.28864966666667,0,0
d3091fb6-3351-4e71-984e-f3bd533b9d8b,34.06176333333334,-118.44655816666666,0,0
d088535a-d314-4108-bfb3-3dc6dcab5011,34.02196883333333,-118.29178619999999,0,0
0f42e23e-3b12-4c29-b723-489697e8bc36,34.00492858333334,-118.28289795,0,0
3a193d9a-f207-453b-8e1f-8cac3caeb784,34.04291666666666,-118.23423033333331,1,0
e279df61-b93a-432a-b3a7-4d9da1f08511,34.053775783333336,-118.44826508333333,0,0
ab3fc6f2-b2a2-4180-9bf2-02e8a17796a0,34.04859925,-118.43501281666667,0,0
14d4bfe0-8250-4243-b0ae-121aacdbb28d,34.02924346666667,-118.28138733333331,0,0
e5517c0b-0e48-4352-9c9d-51cf3ef893ef,34.057067866666664,-118.27084349999998,0,0
70b2c7df-aa90-460c-bacd-7ea5a896a388,34.06118466666667,-118.45030766666666,0,0
548642d3-bfc4-4440-b921-dc3161b84b04,34.0592041,-118.25189971666666,0,0
1979bce0-0011-4bdb-a6c7-bc1415faafc2,34.047593666666664,-118.25318483333334,0,0
24f49ae0-6c98-49af-9d0a-fb1663496c7f,34.09197235,-118.27975463333333,0,0
c91602bd-37fd-4f62-8bf2-b52d74298ee7,34.04167175,-118.262146,0,0
12787e0e-522e-48b8-9504-0ee5e64e31d1,34.06131366666667,-118.44428516666667,0,0
295dfb50-cc44-44af-97b7-497af3509d62,34.04688263333333,-118.27573394999999,0,0
637ea5dd-52df-4446-98ce-ff34d482bd22,34.02048883333334,-118.40421866666665,0,0
064914d8-c22d-4093-8793-2cf9ba743f14,34.062152866666665,-118.44412994999999,0,0
55b420e6-7995-46f7-a189-202fdf3780c0,33.93525315,-118.4382019,0,0
b0a3e22a-8e94-4e8f-867a-ac003a64e295,34.04800216666667,-118.34785266666668,0,0
e774fed8-d8f5-4a02-945f-c138fa8df5e5,34.03461456666666,-118.23261261666667,0,0
38541970-28a9-40b9-b9f9-6335a32de912,34.0445565,-118.23275516666666,0,0
45f5acc5-a1d0-4fe0-b2b3-c9fdbd7e03b2,34.06933211666667,-118.4521408,0,0
8a151dbd-76e8-41ce-9dbe-59c885048df8,34.15447283333333,-118.46932233333334,0,0
398fead4-697d-4f6c-a99a-6e3d83628f41,34.06035116666667,-118.27134416666668,0,0
e32d0de7-9aec-4db1-8f8b-c31b00eeac10,34.07584,-118.2550354,0,0
af6091eb-e6f8-4d6f-b5ff-36de16cedaf7,34.04359055,-118.25487518333333,0,0
7ac1b496-964c-4f87-999d-4bbf20c5b7ca,34.04244995,-118.24000550000001,0,0
4dee8b61-eea1-48b3-826b-c7769f5f6f43,34.06222915,-118.44676208333334,0,0
f8f0eda9-4526-414e-902f-84fc7c6d6a11,34.03035355,-118.26134491666666,0,0
0066d233-f003-42fe-b05e-55f545963553,33.9943161,-118.47103881666665,0,0
6b93c66d-c11f-46f4-a934-c108917e8739,34.009265899999995,-118.26441955,1,0
83913d21-2656-4edc-99b8-87214faa3214,34.045600883333336,-118.23779296666667,0,0
81280df9-e3cd-4347-8c65-3020ef19fa1c,34.00926208333333,-118.26446533333335,0,0
67655ee0-d629-49f2-ac53-000949cc56f2,34.062313083333336,-118.44168853333333,0,0
7cd6b390-a591-48f3-98bc-c4d2f631bc4a,34.051094049999996,-118.24044036666668,0,0
4ea97aaa-0699-440a-b66b-5c914a8115dd,33.9991684,-118.4355011,0,0
6ca35ff0-679d-496d-be06-672cbc74aaf6,34.0511055,-118.24046324999999,1,0
f3d90145-21d3-4b2b-a074-9993a8c51ac4,34.083633416666665,-118.2598114,0,0
10a3cec1-38a2-45ac-86a2-477d146169b4,34.07099915,-118.35663604999999,0,0
086f0d48-5f68-42e6-827c-1849e7623146,34.0759785,-118.46780083333333,0,0
746ae18d-42c1-4e99-a31a-16b545cb2255,34.096103666666664,-118.33313751666668,0,0
b6e97dfe-7f03-4bfe-b853-bc0ba2d840d6,34.061939233333334,-118.44413756666667,0,0
b130c0a2-0919-49c9-98a3-fa61f2949418,34.062004083333335,-118.44411468333334,0,0
8b3c1a6e-3110-4874-93dd-dc95af0ac966,34.069068916666666,-118.44448089999999,0,0
1969f0f9-b9d6-4f3c-83a8-4ef7ae89292e,34.06914138333333,-118.31440735,0,0
c1faafd6-cc06-4672-97b9-21854427eee5,34.06123733333333,-118.44615936666666,0,0
fac22405-8357-4da3-8db3-d856d6ebe398,34.049018866666664,-118.45902251666666,0,0
6193d696-58df-4b76-a58c-f6481188427a,34.034078,-118.43990183333332,0,0
f35a6b77-d1ad-4606-958f-e5000341a402,34.01712166666667,-118.40563966666666,0,0
57ee070e-e20f-4764-b9cf-66ec52fa5f85,33.999446866666666,-118.40326689999999,0,0
b786ed59-7b28-4231-b08e-ed494640245a,34.093072166666666,-118.32219716666665,0,0
8bba8735-cf82-4b42-817b-387815b17102,34.04901123333333,-118.22077941666666,0,0
72ae70d4-93ec-4a51-84a4-ed47474e1cf1,34.0065918,-118.42993163333334,0,0
07da92d8-a00d-47fb-9385-753e00101083,34.01102916666667,-118.292534,0,0
8c339aa3-74e5-497b-ab24-1786f4d5a4c3,34.0546608,-118.44264983333332,0,0
9826862d-3c98-4e8a-b7db-fcb0b79ed365,33.9744606,-118.30937195,0,0
0b4297a6-8c49-44ed-9116-cb3031a53693,34.06940933333333,-118.45227600000001,0,0
88d02c54-928d-406c-9944-889ea09a4715,33.98492431666667,-118.44282531666667,0,0
41116c30-9eb2-4d30-b90c-5f36a5ab70d0,34.04501343333333,-118.26046753333334,0,0
47ac934d-a286-40ac-83b3-c09defd1b413,34.025581366666664,-118.40045928333332,0,0
e72ff040-e172-4c2e-80a1-7a2b5e03649c,34.0569992,-118.42272186666666,0,0
20be31ff-b12a-4c54-a8fa-147e81357a07,34.06953048333333,-118.23254395000001,0,0
a1c98b47-bf1e-47f0-b23c-ee315e5593ac,34.0320015,-118.28283691666665,0,0
91c6360d-99e1-4377-b24b-acb1fffe1caa,34.07042693333334,-118.45207976666667,0,0
167123b3-f61f-4529-b4b6-ff0a7c6bba75,34.05451683333333,-118.44249633333332,0,0
7d87edc9-388e-45f8-beeb-2a386da7bdb6,33.952507016666665,-118.37721251666666,0,0
9d6d5d48-1a8e-4949-94df-7410000e4732,34.07094573333333,-118.35621643333334,0,0
9a8cce22-4bea-42af-b9d6-700d766186cb,34.04035186666667,-118.42843628333334,0,0
4a2dc324-4900-49c5-997d-62c2358d2008,34.04116821666666,-118.26466370000001,0,0
f7654e4e-565c-4f6c-9aed-92a8f17602a1,34.06238556666666,-118.24618530000001,0,0
30a3110c-217d-4a8e-b069-d64f9518ab60,34.045793333333336,-118.25096149999999,0,0
56fc7129-7779-41e0-b5b2-c5785405c997,34.06266183333333,-118.4443465,0,0
31b104c3-d428-4d09-9d4b-f26230bd231b,34.063083649999996,-118.45092773333333,0,0
a38a6fe3-1b36-42f3-949d-1adbbfa1182c,34.06304931666667,-118.45096588333332,0,0
da01d493-2ac9-4093-96b5-4cbe7c066933,34.04817581666667,-118.28900909999999,0,0
033b1534-7676-4c64-926d-10b3afbfed7c,34.0546112,-118.23862456666666,0,0
2c782bc3-71e7-41c7-8d10-71933e378021,34.094184883333334,-118.33095550000002,0,0
5ae91886-dc78-40d9-8b4f-e45bb709dc71,34.06747055,-118.45259856666668,0,0
a283a13b-d54d-4124-8136-a4c99ad85013,33.99025726666667,-118.46762085,0,0
9e358125-b2fc-4f7b-813c-0a2806b66408,34.06419373333333,-118.44985961666667,0,0
9f8dcae1-c118-45c9-985a-00ba6eedda96,33.99025726666667,-118.46762848333334,0,0
d2d466c0-5226-4293-87ed-6c0bd8556a81,34.04455133333333,-118.43193433333333,0,0
3be3f5a8-359b-4183-9403-609a217856c6,34.094913483333336,-118.33103180000002,0,0
7f1ffa0e-06ba-40e3-a4f6-bf19e22f1692,34.05566833333333,-118.44358349999999,0,0
da6076ad-54bc-4a72-87af-f1cab88ce818,34.08699416666666,-118.30908966666667,1,0
46e9d6d4-cbb9-42e5-bf5f-1d9bcbc5bc3d,34.04689788333334,-118.25852966666667,0,0
ada90a78-d11b-485f-a3d7-6aeb80a6b4de,34.023811333333335,-118.28381348333332,0,0
312b8765-87c8-48c8-9646-a0a24b6b5369,34.065433500000005,-118.4400711,0,0
6aad35d5-3092-4350-b790-8ffb85d1d996,34.053504950000004,-118.46720123333334,1,0
fb65cfc7-c8b4-4e1a-94cb-7525ea014ca0,34.063934333333336,-118.29808806666666,0,0
89ed195c-4125-46af-b482-2f39b3b7776f,34.06391906666667,-118.29808045,0,0
32d67628-0d3a-4887-b78a-5fd7fb889fc3,34.063934333333336,-118.29808806666666,0,0
43fb95e5-0662-4e7e-b6fb-3273a8595045,34.0406723,-118.30345916666666,0,0
2ceebf5d-c5a5-445b-be8a-04c854402918,34.02646255,-118.20685576666668,0,0
719efb09-9773-4f64-b1e1-de532774692e,34.06091066666667,-118.28195316666667,0,0
469df4d4-7a00-4487-97c4-b0544ca94db5,34.058381833333335,-118.26144466666668,0,0
47f75bf6-af52-4885-9720-a9f0ae7868b4,34.05892181666666,-118.34545898333333,0,0
5d687347-8fb6-4248-8e79-1b8d99bdd2bd,34.06179046666667,-118.44661713333335,0,0
c5e1f84c-48bd-4a8d-bc86-fb5d5c5510c0,34.024108883333334,-118.28524780000001,0,0
199cfe92-b12e-4a9f-b07d-e29827a55f31,34.094310766666666,-118.33200073333335,0,0
786a04c2-f11b-4019-93e8-0a98661fe121,33.94685916666666,-118.38697916666666,0,0
3b6a09a9-21a7-4b92-9b38-1228a8a545e5,34.0701561,-118.45310211666668,0,0
2b262df4-6d86-41ec-9cda-19456e2dd659,34.07703781666667,-118.29058838333334,0,0
8d073489-ec27-46fb-8a2d-ee7d0e3629ec,34.02214431666666,-118.29361724999998,0,0
0dbdd53a-fa06-4b2f-8d3b-91cb31e3d93d,34.069717399999995,-118.44460296666666,0,0
02d1bb76-99d8-4bee-a994-81c18a0a8405,33.9944458,-118.45323943333332,0,0
762251da-2480-4531-96e7-9c298ead6573,34.03167725,-118.28250885000001,0,0
9b5ef183-4926-49b3-a265-e6118b36de17,34.068380499999996,-118.45318133333333,0,0
3e1c2373-3c1e-4ffb-8bbf-cd00102d0b0c,34.0619812,-118.4444046,0,0
55b1d4c9-3560-4d80-a467-d874e197dc1f,34.026371000000005,-118.20661926666668,0,0
d8e07617-9583-4445-a93c-f01d292a8145,34.02092266666667,-118.27847599999998,0,0
622e5724-e44f-4ec5-a526-3ed42b8788f3,33.99840545,-118.42614746666668,0,0
38e25987-f1ff-4133-a479-279810f5cd33,34.029491416666666,-118.41551971666668,0,0
20892725-e8ed-4101-b586-133120c0c27f,34.060829166666664,-118.4365158,0,0
29a28fbd-ea78-41b9-8f66-bf663c5ff5c3,34.063449866666666,-118.31420898333333,0,0
27437f7a-3cd9-4132-b448-db467a954a36,34.07640075,-118.37423706666665,0,0
9b2a223e-6ea2-471d-b125-373dd4591987,34.03996276666667,-118.24144745,0,0
d0c91d0d-ef47-4b28-ab82-1b0e9654729e,34.03972245,-118.46494293333332,0,0
5c148ea7-ed4f-4b75-aae6-3eba5388ccc9,34.06974411666667,-118.44492340000001,0,0
b5c4021f-e5b3-449c-9c84-5956a0dd4a3e,34.062816616666666,-118.44526671666667,0,0
06ea493e-717e-431d-88ab-7021dded0ca8,34.045715333333334,-118.23822784999999,0,0
3ae8e723-6f97-438f-9be4-7b9a34806442,34.05378723333333,-118.24401854999999,1,0
f3cf2175-9873-4500-ad11-29c5051ff023,34.04140091666667,-118.26388550000001,0,0
5f4b55c9-2246-49b8-b31a-63112e60f48a,34.063625333333334,-118.30952453333333,0,0
a0efcf11-1d08-419a-b72c-963e7a26da4f,33.975318916666666,-118.37482451666668,0,0
dbe5ab76-37b4-4c94-b679-41d6b37bf8b7,34.05401416666667,-118.24390183333335,1,0
133115bf-8b79-4853-a73a-2db027828d1d,34.06345748333333,-118.45163726666667,0,0
4c40c4a2-ee37-4af5-b2a4-9971adeb9fcf,34.069767,-118.44492340000001,0,0
12bd7e7c-7020-4af6-afb6-5516e61d9f3b,34.069038383333336,-118.45170593333333,0,0
59bf17e1-fec7-46f8-b480-9ff540bc0614,34.149024966666666,-118.46764373333332,0,0
b311356d-f8d7-4cca-83a1-f4c062617706,34.042324066666666,-118.26112364999999,0,0
8d29f4a8-b422-4360-9f80-6d54ed6b4f6e,34.07331848333333,-118.45121001666666,0,0
ade276b7-8231-4586-9ed4-81250377c312,34.030662533333334,-118.29042053333333,0,0
72cd6c80-383f-4917-a274-f59b874b8adb,34.098468499999996,-118.29155733333333,1,0
a98b25fd-d209-4608-b5b5-9af892160fec,34.01707616666667,-118.42353966666666,0,0
66a04ae7-318b-4a18-8ff9-796690b99803,34.02875518333334,-118.35795593333333,0,0
ee73e160-b852-4a2d-8f2b-61115815ef51,34.04724503333333,-118.26063538333334,0,0
3c2cfcc0-19da-446f-bed1-b5425b781510,34.099922183333334,-118.32972716666667,0,0
557fd3c6-f571-4242-8195-7e3572706e7c,34.046283833333334,-118.25951716666665,0,0
0d22ef53-f39a-4da3-b251-ce775d844bbb,33.976061666666666,-118.38794016666667,0,0
2b14e73b-59fa-432c-9e0f-4e8a21458c49,34.06375121666667,-118.4458847,0,0
e5697d04-583a-4ccc-9e65-722a74b3bf7a,34.06006621666667,-118.44696045,0,0
bbf625c5-5a64-4b92-8b0e-8fe9be08f31e,34.04772186666666,-118.2633667,0,0
9d019978-2d43-414d-8443-2151599e7662,34.02830505,-118.28566741666667,0,0
99ce01c1-bd58-4ff8-98fe-000db64646f4,33.98582458333333,-118.44309235,0,0
09740491-2aa5-44e4-bd03-eefbd87ab39e,34.040973666666666,-118.4438324,0,0
4396d1b3-30c0-4e03-89ee-31e453f4e9c8,34.0981865,-118.29220581666665,0,0
698cf321-0bda-4837-9e33-03ee5227d4dd,34.06853485,-118.45261383333333,0,0
afd39cd7-4dd1-4da9-8c4f-1bb241264534,34.069867333333335,-118.44371466666668,0,0
5ccd6dd4-8cb0-4920-881e-4c53e050de0a,34.019367216666666,-118.25106811666667,0,0
2336e5e6-2458-4480-bfc2-bad24b6572a4,34.04151153333333,-118.2637558,0,0
7684cd88-9e58-47ef-b0c0-3cf712f19346,34.04037475,-118.44328308333334,0,0
db8a16cf-5ac8-487f-af3c-e093df72c757,34.07164765,-118.45084381666666,0,0
34d61256-ae77-4b58-8770-be8282636fa8,34.06352233333334,-118.44923401666668,0,0
241b618d-da13-4257-8e73-82fa38e7f1b1,34.02634811666667,-118.37248229999999,0,0
1c9864c1-f2bc-4948-904d-9ba9fcea0fb8,34.05006026666667,-118.30897521666665,0,0
642e4b04-2187-49de-bde2-8af4b306188c,34.039657600000005,-118.44216156666668,0,0
ad81fc6e-bbf2-4fa1-8a02-357b51300de1,34.020503999999995,-118.40334319999998,0,0
c36dc6a0-1a32-40ec-8e98-5c958eac7918,34.041454316666666,-118.26381683333332,0,0
6a087802-6da6-408e-9b3b-199e70d16048,34.108158116666665,-118.32852173333335,0,0
51e8d8d5-e2a4-4847-975d-0a13d529b6cf,34.05468368333333,-118.44152068333332,0,0
0b296724-c045-4694-9a1a-10dc860ddb92,33.9883194,-118.45664978333335,0,0
3f4851dd-ad2a-4870-929d-a055c67c2443,34.02044383333334,-118.2812605,0,0
bfd37e70-aa02-4f60-a3e9-cc6bc3db270a,33.98002243333334,-118.46540833333331,0,0
0f8f46b3-ff1e-45d0-938e-9377743d950d,34.04336166666667,-118.26098633333335,0,0
551dc9a3-5635-4d14-9333-3b14ed914898,34.03055953333333,-118.21336365,1,0
7fe79ba7-d698-409e-a436-f42509f845ee,34.103022333333335,-118.35012816666668,0,0
de021c4a-c345-4a3c-af0a-7661f24dc350,34.10303878333333,-118.35015868333333,0,0
ebd927e1-0ef4-4074-b3a6-0154f08e90bb,34.0428772,-118.35100555,0,0
12839ec6-07ce-4ae5-a45d-b7f8301db68b,34.06376266666667,-118.41403961666668,0,0
6ca42838-fed0-49fe-b3f5-a01c7671fe46,33.96558761666667,-118.42443085000001,0,0
030cc432-f65b-47f6-aaf2-5ece0f0d6885,34.01553345,-118.2893982,0,0
84d1daae-3ac9-4e1f-8cab-c6eda100ddc2,33.987087249999995,-118.4719162,0,0
5f199fc5-66a2-4ea8-8e2a-059fc6cb35d5,33.98705673333333,-118.47192383333335,0,0
9c28ec2a-7bb8-4cc8-9451-4fc96815e4f0,34.06657791666667,-118.44888305,0,0
4cafa59d-7b90-4e8f-9327-fa34c63fa096,33.94564056666666,-118.39553069999998,0,0
7a641a98-aa77-4232-a58f-247d69b17711,34.061798100000004,-118.2463684,0,0
1d49b73e-7f95-419a-8d87-f7571157e820,34.03601866666667,-118.23160283333333,0,0
b7c0a748-1cea-4ee6-be8d-413adb4ad9d5,34.03121185,-118.28572845,0,0
6578fc55-4771-4878-a6f5-e30dab9f5a87,34.03603633333333,-118.23159866666668,0,0
41418887-e2e8-46a4-96e1-f5652dbdf64c,34.035827633333334,-118.35596466666667,0,0
ec0632f7-a476-47fe-8656-ee6133c838c0,34.03978348333333,-118.26726531666667,0,0
108b2662-892f-41ba-bc10-c53c7dd7b2ac,34.035804750000004,-118.35597991666667,0,0
856a4dbb-4a49-443e-be0b-4feba1eac1b9,34.06782913333333,-118.45368195,0,0
b49819b2-c5a4-4044-81b3-4c54a6d93c25,34.04985428333334,-118.23906708333334,0,0
a9f3d853-9d4a-4380-bfba-a0acd50c7bf3,34.08026505,-118.35964965,0,0
f90fb0a2-b2f7-4c1d-8fd9-5b7c645e05eb,33.991146083333334,-118.46455383333333,0,0
4a27638a-c32e-403c-8b4f-82dc4e2a12b7,34.04792405,-118.26340485,0,0
91a2268f-797a-4090-9b8b-26a9bea20b6b,33.99116135,-118.46452331666666,0,0
571ea20a-ee0d-4219-9be6-9c01a859ada8,34.03031921666666,-118.27320098333333,0,0
f8473fd2-39e2-4f0d-9977-7d8b8cf7b36d,34.045822150000006,-118.23636626666666,0,0
2388f9a8-8c69-4512-9819-733f3387fbc3,34.075794216666665,-118.25488281666667,0,0
197dad73-ac3a-4c64-ab5e-77e5887b38bf,34.04221725,-118.45893096666666,0,0
07bd79f9-17a0-4db4-82c0-33fcbe62bff9,33.965877533333334,-118.41698455,1,0
913818a3-3c78-4e89-b9fb-3d6d5eb9707d,34.100997916666664,-118.31126403333334,0,0
70224e4c-3b97-4307-9e60-a5ad1fb39289,34.061538166666665,-118.44638283333333,0,0
ee5bb6c3-f337-4fe1-808b-7bac51e2de5c,34.104465483333335,-118.32990264999998,0,0
4fab0339-c959-4d1f-a217-1b678eb528fb,34.069736,-118.44490599999999,1,0
fffc9ba2-4044-44e9-82b5-2a2df1b7bac6,34.067936333333336,-118.45261233333333,0,0
b38f6f7a-70a5-4dba-9b79-c0553ca15d1d,34.030586250000006,-118.2135086,0,0
45136851-c2d8-4155-a9fa-c10112d4a7e5,34.063616499999995,-118.44320416666666,0,0
898fd80e-6f92-44fb-8ebd-c3eba68a2924,34.04391098333333,-118.45613861666668,0,0
d189287c-15ce-461b-b536-d43541edaaf6,33.980880733333336,-118.33067321666667,0,0
e9b3e8f2-a922-48d2-bad8-6ed18b042afb,33.99720383333333,-118.47586823333334,0,0
2890e4bb-2154-4350-b340-f8f6739a58c2,34.06976816666667,-118.44504183333332,0,0
ee4ef2ec-9c23-467c-8a2a-c2c9c10c82b7,34.049869533333336,-118.23915863333335,0,0
d62c8ce2-6a5b-4a06-9ac4-95edbc078543,34.06980133333333,-118.44503785,0,0
7b2c072d-ccca-4997-8c2d-f2728284c531,34.04592933333333,-118.23565816666665,0,0
6582db22-c452-4348-834d-c56cb46d185a,34.052635200000005,-118.23178099999998,1,0
dfa2ed70-6edd-4894-908c-5b75714b34b4,33.99949265,-118.40327453333333,0,0
4443c4d6-d50f-4dac-b00d-be2946cb7978,34.07016533333333,-118.45311266666667,0,0
96c979e7-34a3-4ccc-ab06-aa64bdb737b6,34.05083465,-118.24344635000001,1,0
8031bc76-4206-4e76-9971-8d0a056b5adb,34.05634308333333,-118.42523193333334,0,0
cd02f52d-7306-4c4e-a750-55b72d272f4d,34.05940628333334,-118.42160796666667,0,0
dd32965d-b42b-42d2-8695-4f7d2f44356f,34.04684448333333,-118.23432921666667,0,0
225b04fb-5b4b-45bd-b09f-c942eddc4fd3,34.056678766666664,-118.39295196666666,1,0
6d649d60-c23f-4d6d-93c4-6f90801a5fd3,34.05578613333333,-118.42694091666665,0,0
02296fe9-74a8-4532-b4d1-c783f3a8a0f8,34.041595466666664,-118.25547028333334,0,0
ffdb290c-d2e7-4581-afb9-500271921b74,33.97084045,-118.4562149,0,0
2aa4814c-ac5a-468e-a9a9-514af75cfabf,33.990012666666665,-118.47247633333333,0,0
799b1349-a26d-4e6f-a0ec-a315eecefbe4,33.97114966666666,-118.45574666666668,0,0
40a5bf23-bc6c-45be-a42a-b1b3655202e5,34.095710749999995,-118.22421265,0,0
112a59a4-c5f2-41b4-91d0-ab4501a9d40e,34.0621376,-118.44557953333333,0,0
080b1dc1-4188-4313-b07b-f2f282b70d37,34.093503166666665,-118.29508866666666,0,0
070102b1-0e7b-4b98-ac55-cb0211ab70e4,34.10552215,-118.29168701666667,0,0
728ebea8-8f32-4e13-bf4d-12d0ec9e7be8,34.06198933333334,-118.4442755,0,0
faee83d2-22a3-4098-bfbd-991805157ce9,34.041213983333336,-118.26598358333334,0,0
d77cc9ce-7801-4729-8e8d-bd9bf18a10fb,34.029396049999995,-118.45064544999998,0,0
3bc57130-d894-4608-9588-708a1d58cb5d,34.022219666666665,-118.40148616666666,0,0
cf293458-fe70-46c5-858d-a9cbeeec764c,34.0499115,-118.24279021666668,0,0
00ad1685-e800-4881-a8f0-8a8d307778a2,34.04780578333334,-118.24745941666667,0,0
96efcd7c-fdcd-445d-95ce-06d0f0a44c16,34.04689406666667,-118.46033478333332,0,0
6460358b-3c73-4b4e-aade-748ca9914dd2,34.04381561666666,-118.23402405,0,0
a55a61ca-bbbf-4b9e-898f-729f299f7e3e,34.054374700000004,-118.24465941666668,1,0
73d91829-04d5-4f30-ad8d-e1185a344461,34.046920783333334,-118.46033478333332,0,0
b5c30800-8642-49ea-a1fe-8af7ea4404a3,33.986457816666665,-118.45475006666666,0,0
d9c84b69-babf-4ee7-a67b-bb31e327ac65,34.043792716666665,-118.23398590000001,0,0
ff2c3961-272a-45ae-b959-b521651f7207,34.061923666666665,-118.45002883333333,0,0
2acb64cb-fcc3-4bb5-89c7-7e5267fecc21,34.067497249999995,-118.26670836666666,0,0
d3f3084e-fb9c-4a67-bb1f-1c15ffcb4e58,34.063397,-118.44903816666668,0,0
0d029314-0d4c-42e9-9ec5-1d4c5f07bed6,34.050437933333335,-118.24864196666667,0,0
2c4bd31b-deea-449f-a0d1-c00b4444c861,34.1089058,-118.32541656666666,1,0
366a8844-dbb4-40e8-ba25-7e708ea4008c,34.07045746666667,-118.45251465000001,0,0
7036c140-5a40-42df-86fc-b10a8e27e1ca,34.04819869999999,-118.25818633333334,0,0
da69d6ab-234e-46b7-bcdf-630558d42c4c,34.0444107,-118.24464416666666,0,0
6aa35936-6550-425b-8f1c-3e1a12bb178f,34.06910705,-118.44467926666667,0,0
0382e225-033a-4ce2-925d-e5abdb76607a,33.99427633333333,-118.47956216666668,0,0
2c4300c8-4fed-4068-a33f-7fd614a59472,34.10166168333333,-118.30900573333332,0,0
1f77e105-7af9-4109-9265-c8e3ae46b970,34.061851499999996,-118.44815063333333,0,0
41d8468f-8ec1-4faf-a90f-25f18340b7fc,34.02815628333334,-118.40883636666668,0,0
41e2702f-71ad-47a4-8870-668e6030df2b,34.04066085,-118.26766968333335,0,0
18d41298-5e02-4b32-9620-54408521c758,34.057140350000005,-118.25206756666667,0,0
271809e5-fe27-47e1-ae15-99ea39fe324e,33.9475174,-118.38613891666667,0,0
51e4f5f6-61e9-4b6c-bd97-4e8543696259,34.02826133333333,-118.40865316666668,0,0
ff66d952-b4bb-4cd7-bcd1-34b55fe54d07,34.067077633333334,-118.45238495,0,0
4d23660b-02a7-490b-8e4f-6bc6d52ac5b9,34.0407295,-118.46329083333333,0,0
4ad6ce60-7d40-4673-9468-c8fc4e47b9ce,34.009725499999995,-118.44862066666668,0,0
df3f29a2-2789-4da4-b814-6b58ccc97074,34.04389953333334,-118.24547576666667,0,0
45afd803-4eb0-405e-861a-b4972ee39347,34.098339083333336,-118.29155731666667,0,0
70a918e6-76f5-4b27-a906-f9739ed8b2b9,34.06874466666667,-118.2967987,0,0
ae2eb95b-81d6-4cc6-9eb2-d44932610962,34.0906601,-118.30937958333334,0,0
4a49579c-dffb-42b9-8738-68b9d5831cfe,33.986488349999995,-118.45478820000001,0,0
cf5c419d-9a2d-48ca-ba61-d8c58e2ff74e,33.98647308333333,-118.45477295,0,0
a8ebfcf8-60ef-4e41-9cc7-6592955355cc,34.03076935,-118.38623809999999,0,0
6df18567-6b64-4658-95dc-7239c0c47609,34.09375381666667,-118.28205108333334,0,0
536f57f1-dc9d-4e34-ab89-5a4f8c1ec8fa,33.95838165,-118.41934203333334,0,0
b83dcf4a-da36-4636-b60d-e5cf6b89c347,34.064769749999996,-118.45182799999999,0,0
234dec34-f14d-4196-8ec5-8101d5f7191c,33.98694991666667,-118.47310638333332,0,0
052e4602-c6b7-425b-8803-86e7e792013f,34.01644516666667,-118.42946625,0,0
4d9323e2-e5d1-45de-9a83-4c1ab61daaf1,34.01647186666666,-118.42945098333333,0,0
b7e8a22d-2f05-44b8-b08b-974498119dac,34.08166121666667,-118.36464691666667,0,0
a7245208-b810-454a-b666-ae319cb85f08,34.00965266666666,-118.30010016666665,1,0
84842525-28e4-4159-b826-0ae8b790c9f8,34.05869293333333,-118.44430541666667,0,0
df25b767-016f-424f-a285-8a19e13030ad,34.041446683333334,-118.25174713333332,0,0
0862d796-f84b-4359-808c-17bc6ba63e23,34.050884249999996,-118.24963378333332,0,0
e4a41778-bb77-4aa2-b2ea-c5aefd2f3a24,34.06952866666666,-118.44524216666666,0,0
c17ad31b-a3f7-4236-98e9-e1281d221ad3,34.03652573333333,-118.3635559,0,0
11bdaec6-41ac-4c88-ba9e-1d60779d1f13,34.0257492,-118.28676605000001,0,0
62c3e091-650e-446d-81cf-b8587c443f26,33.99978638333334,-118.440979,0,0
3c135ee7-bbd7-42f3-a7c8-beb1c602aafd,34.02424621666667,-118.21451568333332,1,0
d52e98a1-e83b-4163-bc83-4c15f88bc78c,34.061939333333335,-118.4467215,0,0
2bb5f721-c965-4283-b34c-a967938d868e,34.041507716666665,-118.25509643333335,0,0
a335d578-e001-418a-ab58-cd70bdd248a9,34.04261398333333,-118.34792328333333,0,0
8c2bd503-5c1c-4a14-8d1a-d09adc8fb947,34.085983283333334,-118.36128235,0,0
41b30058-2067-4135-b06e-0f5dc13d6081,34.03578186666667,-118.27938843333335,0,0
ddba9414-bbf5-4399-9054-821eda9bbdb8,34.097658499999994,-118.36292999999999,0,0
4c7208db-ca1e-40c7-9aed-007ce3de0fc5,34.03561401666666,-118.27873993333333,0,0
5263c241-c5e5-46d8-a899-05b55d31e20e,34.07315063333333,-118.46840668333334,0,0
b9bb891d-d397-4260-a44c-a38244a70f2e,34.02903833333333,-118.287714,0,0
84b9c44b-b779-445f-97c5-1a6dd8b4b3de,34.04294205,-118.26410675000001,0,0
79fea25d-be59-4db3-a067-0918edd7db7c,34.037208549999995,-118.343544,0,0
785c048c-5cd4-4ead-aa89-33eafac35231,34.047679900000006,-118.23953246666666,0,0
8fb35e46-44a4-4ffd-a897-edc364d63856,34.02905273333333,-118.28771973333332,0,0
b5c50a93-a278-481c-9d10-154559b7384b,34.02221983333333,-118.32827,0,0
f86ece5f-b0dd-4ad2-a3cd-d6009426aae9,33.99600601666667,-118.44937133333333,0,0
30264b7a-855b-4f2d-9982-3a511f92da41,34.06195831666666,-118.45002746666665,0,0
1a4490d6-894f-4891-9a18-c6d7f66357a7,34.0634079,-118.45171356666667,0,0
43b56e66-8882-4f4f-aa41-c78f46d9194c,34.01730728333334,-118.41869354999999,0,0
6fb032d6-8540-404f-8810-e24eaf41d158,33.98838716666667,-118.45543733333334,0,0
98e8af34-40f1-439f-80d1-0dbf1b75fe4d,34.04158866666667,-118.26700016666668,0,0
3bfe4393-a4f1-41bd-aade-8be6877e1120,34.066649999999996,-118.454185,0,0
88f69037-a068-4247-9dc8-ac1f6dc1e146,34.06669616666667,-118.45419311666667,0,0
745bb820-d4ef-43b5-8192-9a79302dc7d7,34.060863499999996,-118.44561004999998,0,0
82151c54-dcbd-4d02-a860-2f81fb7b52c4,34.057079316666666,-118.39369964999999,0,0
3f6d0e30-ac7f-417e-80c8-8b75112bd1a6,34.06920241666667,-118.44408416666666,0,0
59f3ae96-3e2a-40b0-adec-2bcb061407a7,34.06601333333333,-118.45172118333333,0,0
e5860d82-2375-49b1-a3c5-aeffda27ed9a,34.026424399999996,-118.37239838333335,0,0
694e429b-1b02-4c1c-bb9e-4f3f66e98e4c,34.0685997,-118.46068573333332,0,0
a09b1960-1005-4200-851c-1403d90ef745,34.06618016666666,-118.45195233333334,0,0
205a23a0-14c1-4180-9856-7baf29efb5ea,33.98293686666667,-118.46075440000001,0,0
0e17687c-a057-417e-ad01-f6f484f0b95e,34.03483766666667,-118.31864566666667,0,0
1cb53cf3-8869-4f0a-84c8-d1701d507f79,34.070392616666666,-118.45341491666667,0,0
8e69a16c-7e88-4a26-b30b-d044fe67efe1,34.10817333333333,-118.33906283333333,0,0
567a3061-f362-4e9f-aeb5-03ff5dc1d98e,34.0225296,-118.37187958333334,0,0
6f689023-d749-4a90-94dc-ef827db65f50,34.03487333333333,-118.44872166666667,0,0
2d0d8a40-0faa-4448-94a7-76a242f57a2c,34.04406033333333,-118.27542766666666,0,0
62cb8a15-fc47-406d-871c-3909483058df,34.04537963333333,-118.23612976666666,0,0
cf711809-7392-4bdc-b6a4-b5c25ab9f3a1,34.06310653333333,-118.44860076666667,0,0
640c46c4-b20f-4b21-a210-3fa24a9a7b82,34.043048866666666,-118.2638321,0,0
b23c0ffa-c67a-41c9-97f8-3c9621592a04,34.053081516666666,-118.26118470000002,1,0
cc728ab3-c4ed-4ac3-9380-d028e8e46db0,34.067920683333334,-118.45157623333334,0,0
652f13fe-6ef3-4e8e-9fb2-3841bcdccd05,34.0594902,-118.4447403,0,0
da5d3a9e-7ed2-4cbe-8ad4-a6e7affbcedc,33.9702835,-118.45838164999999,0,0
76e0e945-0af9-4e97-9c29-74baf21c1d2b,34.06087875,-118.44469451666667,0,0
6d8b5482-5bce-48f8-a709-083d441c3358,34.100708000000004,-118.33254241666667,0,0
3c9488e9-74bb-47ad-abb0-0b74c5a52183,34.068917000000006,-118.45379550000001,0,0
d570122d-a7ba-49b8-8bf8-4f6206c7c7b4,34.06896973333333,-118.45384979999999,0,0
67558d87-973e-488c-b403-3f312d03338c,34.028433666666665,-118.40503183333334,0,0
712b0df4-e55e-44a5-a7d5-ed0d6b602ccd,34.144019,-118.44121266666667,0,0
74d69801-b8ea-4b0f-9fd5-8fde3be7b891,34.065776166666666,-118.44908283333334,0,0
a2955bb0-0e69-4c1b-9efb-6e428eb5223d,34.03305816666667,-118.37434386666668,1,0
2154f3f6-c491-4898-b452-2d6e03343c4e,34.04466248333333,-118.25496673333333,0,0
e2268cd0-ff0d-4e2a-a741-368822013156,34.05937576666667,-118.44522858333333,0,0
edbf6c21-5747-4ee7-8374-3f2cf655d642,33.95995711666667,-118.43595886666665,0,0
0781c7f0-17e1-44d0-871b-d6f5f08fc110,34.024829866666664,-118.29681396666668,0,0
c7e5b434-6a60-4f92-aa2d-5be46795eb60,34.041023249999995,-118.3875351,0,0
c7de1525-cab4-49c4-953c-674bee3d5ecd,33.98003768333333,-118.46545409999999,0,0
343253b3-70f1-4fe1-8297-e49723b8f9fa,33.94600296666667,-118.38456726666666,0,0
37ed79b7-2044-4549-8ef3-69e852ef737e,34.0452435,-118.24975250000001,0,0
82df9269-3b91-49d8-9e11-a9345aea3cc7,34.02387233333333,-118.28370783333334,0,0
20daf708-1879-471e-80a9-94d5fc8a6777,34.02389526666666,-118.28368378333334,0,0
ce78dfd0-ed63-4eae-a32a-3ca8c4f830ee,33.986427299999995,-118.45961761666668,0,0
842f3905-1256-4442-bb15-09030b050769,34.15540216666667,-118.45734266666665,0,0
80a132f3-f034-452b-b68a-f7edbc3aec40,34.06596916666667,-118.45444733333333,0,0
d4404558-5b1d-4ade-9183-f5ca5b4af1af,34.069896699999994,-118.44374085,0,0
b9337efe-fc15-4fd7-b455-c173d0a20ecd,34.05670546666667,-118.42548370000002,0,0
00082bf2-5a13-43b7-bc52-7f8d075ade0c,34.06364441666666,-118.45014953333333,0,0
4615e0ee-4205-482b-b020-d5537909786f,34.1054306,-118.31791686666665,0,0
2d59bd60-d69c-44bf-938d-19fd9be859d9,34.02219771666667,-118.40027618333333,0,0
3baeae38-108f-4556-b3b1-67061276b608,34.05326461666667,-118.25534058333332,0,0
b2ecb482-ef68-4edb-bb3a-c0e677341984,34.06682586666667,-118.45207976666667,0,0
a3c425a5-257a-4bf3-94c5-63e4be427f5c,33.97956816666667,-118.46582383333335,0,0
cdd29f0a-d60e-4eda-b9e0-9bb75b8f0d26,34.035539166666666,-118.40996866666667,0,0
3d27cc10-b662-4931-b935-ed15a25187ee,33.98600388333333,-118.44771576666666,0,0
a5391746-8bc7-4a82-994f-4cc066e37fae,34.03326035,-118.2794571,0,0
3cb0f4e6-2829-422b-b0e6-b2f41fde5e24,34.06532668333333,-118.43091583333334,1,0
7725e85b-8cb2-40c8-8cbf-af3a841073ff,34.062088016666664,-118.44411468333334,0,0
82810e93-ed18-4ecc-a9a1-b04f42809581,34.099800116666664,-118.30702971666666,0,0
2280a694-7bb4-48f9-927e-5ccf9790240c,33.98773956666666,-118.45325470000002,0,0
3f5ae4c1-42c1-48ce-8969-e2754891cb69,34.03845978333333,-118.26229095,0,0
8a7bf2d2-9c02-4808-8a7d-a8da69138f96,34.055000299999996,-118.33009338333335,1,0
4a9dd475-e42b-4444-b857-5d3dd6a184c0,34.082733149999996,-118.29161835000001,0,0
9ccdfafd-59d9-4e4e-8163-10c4605d3c85,34.038503,-118.26234283333334,0,0
f125e794-a367-4080-8a0b-72ed3aece0cf,34.038481833333336,-118.26232233333333,0,0
c09a49af-9356-4183-aec0-5a820269f186,34.101497650000006,-118.3510971,0,0
b2bc013f-da24-420b-902c-dffc3f841cb6,34.038421633333336,-118.26228333333331,0,0
33e4d92b-846c-453b-b8bb-2fd31923ac21,34.06677628333333,-118.45029449999998,0,0
2ea8a044-95e1-4701-9d49-cc70e78914e5,33.987758633333335,-118.45317840000001,0,0
e1fd4f6f-d1e1-4bbd-9956-3d349c0e7957,34.069095616666665,-118.44441223333334,0,0
c62934a6-4a50-49e9-a66a-01f32db32cda,34.04125976666667,-118.26570891666667,0,0
072e5048-ea01-4579-a369-4f306e088d32,34.062450166666665,-118.4441905,0,0
4c7fbae7-2d6c-4c80-9e9f-4009cf649332,34.101845000000004,-118.30623666666666,0,0
5bf6bca5-a5b3-43d2-a5f1-aeae219f95ce,34.048389433333334,-118.24791718333333,1,0
4dfe299e-3977-4edc-a774-b63c5f663484,34.06625748333333,-118.44741821666666,0,0
c2a6425c-b7a5-4465-b667-6c298be27690,33.997253416666666,-118.43807983333333,0,0
1fc0e929-3af3-4248-9eb3-002234ef307e,34.060231,-118.43910016666665,0,0
03125d95-58ed-4747-b7c5-ec949e404aa5,33.98795318333334,-118.45314788333332,0,0
a65247d9-93d0-4565-a3fa-a9db6148d25c,34.076480866666664,-118.35639189999999,0,0
0afa57e2-9a9b-4962-9fb5-12cc13302fb7,33.9791832,-118.46686553333332,0,0
d03bda4e-c22c-40b5-a502-492301b06c46,34.05435943333334,-118.28918456666666,0,0
0090dfd3-f728-404b-aa10-f7199ae71084,34.014465333333334,-118.28453063333333,0,0
b7ece1e9-fe9a-4887-ba79-6be8632f9e72,34.01417666666667,-118.28298733333334,0,0
de352dcf-14c5-4212-a44d-f92f11bf8de2,34.063652033333334,-118.45013428333331,0,0
ee90a116-35f1-49e2-bb06-a12abbee15e6,33.98789978333333,-118.45344543333334,0,0
7f9ecbdc-fc59-4f77-83cf-b65b079a2eae,34.0925293,-118.33025360000002,1,0
53b8cc53-ca73-4163-95a5-21628a4073ef,33.95879745,-118.4338684,1,0
5d8bffda-ddf8-48f1-8afb-45d4dee719bb,34.028079983333335,-118.40866088333333,0,0
c5f119fa-519c-4944-9e0f-cbda66d7d6f2,33.99735641666667,-118.43912506666666,0,0
43bd172b-d5fe-4974-a9e2-d986ae99d873,34.045959466666666,-118.23337555000002,0,0
351519b4-475e-4b97-ba81-fada2f2e1531,34.043731683333334,-118.23827361666666,0,0
4ec06a1e-b783-46ac-8778-085d8fc507f6,34.04373931666667,-118.23827361666666,0,0
fe120e20-4aea-44e0-91ac-62a9df90e880,34.042686466666666,-118.30931854999999,1,0
08a347ba-4305-48c1-a131-bb62ff9acded,34.031097333333335,-118.34869466666666,0,0
10070470-ce09-413d-894b-44ceb7c001d3,34.02682133333334,-118.36849233333332,0,0
46f87fb0-8bc1-4f82-b4e4-83eebf17b2f7,34.06766128333334,-118.45129395000001,0,0
492b7cab-6856-4523-bb35-02338baf49ed,34.043446,-118.31800633333333,1,0
f1bdd66a-605c-4355-9a86-5e04270d7c67,34.05152433333333,-118.24270033333332,0,0
a357a854-c7e0-4822-bcf6-d66aadae068c,33.96076201666666,-118.41921233333332,0,0
261010ba-5a7c-4d1c-9b2c-f53758ce8b09,34.07151066666667,-118.23212266666665,1,0
b1420dc5-438c-4750-abda-3a5cbcf1097b,34.05203246666667,-118.43078613333334,0,0
cbca70f1-82c1-4aac-a892-ad6361c1b2e1,34.07544708333333,-118.27010345,0,0
dc1a7b42-99c0-420c-a56a-5bc8bf67cae4,33.96598053333333,-118.41693115000001,0,0
aabf4171-9ee4-497b-ad39-81964121219c,34.1040802,-118.33877563333333,0,0
479ec593-c751-45e8-b484-dfb04468d10d,34.04872513333333,-118.24006653333332,0,0
df3dd9a0-94bf-4bb6-ba27-781eec77d0b5,34.073333733333335,-118.45108031666665,0,0
f04c4593-8c61-4432-bfb3-4a7dbda18641,34.0478859,-118.23976135,0,0
5aca0aea-18b6-470d-a267-689066dd7db4,34.0979805,-118.3093872,0,0
a6052f2c-ff2c-43c7-92e1-9f049850a3e1,33.983337,-118.32947966666667,0,0
1c9e949f-fecc-4749-ac56-d987e303a1b2,34.06905746666666,-118.45346831666666,0,0
b3db7660-c4a9-4e52-bbe4-45a072452158,34.06872176666666,-118.44567108333334,0,0
923e143a-a637-4b44-96b8-f3007b7feadb,33.999832149999996,-118.40161895000001,1,0
9ecfb74a-c0b4-4605-86ba-ee55b687e56c,33.97379303333333,-118.45767974999998,0,0
6a2d23f7-8f00-4c7b-b9ac-08dfb36fb204,34.0206604,-118.28098296666667,1,0
ad568352-3014-4608-804f-e56c345b5502,34.06300783333334,-118.47254033333333,0,0
14aabc47-2c79-481d-a8f3-d2a2d1f0d423,34.069767,-118.4539795,0,0
2daab735-1386-4d31-a8d7-a140f2632345,34.04493766666667,-118.2518075,0,0
e05147b0-a096-4a7a-a976-96976f02ce7e,34.03032303333334,-118.28235626666668,0,0
66a0b63a-2f01-46b0-abec-fe6220581108,34.061466216666666,-118.44634246666668,0,0
089e000a-3006-4851-b447-f3af069e5a6b,34.061588283333336,-118.4464035,0,0
8dddd825-2f52-4e57-8f8d-820616f55d8b,34.06147933333333,-118.44632716666668,0,0
e2f1c485-d5b5-402d-9ca8-97efdfeb1d52,34.046212999999995,-118.25082766666668,0,0
b7322b14-f354-40e3-a301-899c1b267a70,34.08964538333333,-118.31048583333335,0,0
86544900-e2d2-435e-81ef-cbf43518cabf,34.04471206666666,-118.24495696666666,0,0
3496c59d-aa69-40e4-ada7-519597ac79d8,34.05056763333334,-118.47052001666667,1,0
2a9622a4-d87d-4ccf-81ba-ad6857caf7a1,34.0357933,-118.27941131666667,1,0
f01a2893-979e-4035-9700-272d1e9eb630,34.09936905,-118.34781646666667,0,0
ca72def2-1dee-49de-8d10-ba90624f5186,34.0983696,-118.20693969999999,0,0
e7e2224d-e1fc-4d7f-9eec-dab3ab30799b,34.09309386666666,-118.32220458333335,0,0
5c9b00cd-108e-496e-9e84-5c3f7b07c905,34.069600666666666,-118.45265783333335,0,0
c41cd6d7-1c2c-4b02-b956-b304fa9eb7db,34.16476333333333,-118.46057066666665,0,0
6fa9dbb9-5b68-45d2-872c-0625e3e149c1,34.04849243333333,-118.24849701666666,0,0
b504d2bd-b515-4403-9fd6-74471f5a901e,33.95868301666667,-118.41492461666667,0,0
bd3b5fd3-5aca-41df-a378-abcba0daf4da,34.02917098333333,-118.40401458333332,0,0
0adbec64-babd-4d72-874b-2b85d6612ebc,34.045120233333336,-118.25708770000001,0,0
1f79a400-97ad-4379-b877-c893e56dc49b,34.03507995,-118.26694488333332,0,0
32f4e250-172e-499b-ac3f-168698035607,34.047397616666665,-118.25665283333335,0,0
bd2b1c3e-02fe-43c6-91a3-5af57b5d5e30,34.10412216666667,-118.34033966666667,0,0
854946e3-a1a3-49d2-98cb-8c62d60f9769,34.02788161666667,-118.34941101666666,0,0
9fe25083-23eb-4109-85dc-f3e667986614,34.027866366666665,-118.34939574999999,0,0
228d1b47-7a84-4ab0-a0ad-008af23ed119,34.1016922,-118.30989075000001,0,0
07700395-3966-4882-a3e9-7c02d5106814,34.054215,-118.46363216666666,0,0
47cb3807-ccb3-4a46-bb85-21dd4686cc18,34.05418183333334,-118.46362066666667,0,0
177884a9-a53f-4592-9423-da27d06960db,34.04978561666667,-118.27093506666667,0,0
83cab729-ea10-4cb1-aa62-e578e1c65f2a,34.0408945,-118.26249716666668,0,0
a437b060-44d9-433b-a95d-51e7576aeea2,34.03917313333333,-118.26549529999998,0,0
e0c685a2-139a-40af-98d8-c9a40fda6d29,33.98461913333333,-118.46933746666667,0,0
28e10afb-37fb-441f-acdb-49f88a7aa4de,33.98537063333333,-118.46812438333333,0,0
2d75d299-8f12-4bca-a79b-37b599493577,34.04711666666667,-118.43734883333333,0,0
9a3352e1-d7bc-4e71-a4e4-baac0d58a58c,33.958726166666665,-118.41493033333333,0,0
1a472ef9-9a50-4078-b410-e0df9c0d5046,34.071987150000005,-118.45122528333334,0,0
c8d23566-e90c-4e88-8d3b-8195568f1753,34.05671133333333,-118.42563816666667,0,0
52520278-6d4a-4561-bfe7-33cfdba6322c,34.064301500000006,-118.45137116666668,0,0
f6b3a9a5-9113-4c52-9fc8-ea0c2043d0b2,33.979785916666664,-118.46543885000001,0,0
9c638951-a03a-4ac2-bb3b-4a27edfa5f6e,33.996276849999994,-118.47747803333331,0,0
9578ebf0-2dfb-4c4a-8e9b-ad403fc5c8bf,34.04764383333334,-118.44518083333332,0,0
e37dff7e-8033-459c-800a-1e2dfe724f2c,34.00788116666667,-118.28481293333334,0,0
33536051-8726-487b-ba25-49b43da31604,34.05815125,-118.2760086,0,0
81799b53-c004-431c-9922-a1c218c02879,34.056468966666664,-118.27008056666666,0,0
d47c4042-4a80-460d-bb70-bda610e1b23e,34.06833266666667,-118.45449828333334,0,0
4a68df01-121a-410e-95a7-af2ebf70765a,34.090820316666665,-118.33670043333335,0,0
16415b7a-c499-4568-8587-b54318f4850d,33.987869266666664,-118.45415496666668,0,0
49ac98be-a11f-49cb-a654-70651871a812,34.06983566666667,-118.45384979999999,0,0
e79e86fd-804c-42f2-82e8-5e4c68f2ade3,34.03991318333333,-118.25330353333332,0,0
d991c5bb-a4c8-4d0b-8fce-5fc253928ec8,34.001163483333336,-118.43904876666666,0,0
c25c7bf8-814b-4516-a207-9eb5a1a4027f,34.00117873333333,-118.43901061666665,0,0
39c0c63b-fe8e-4838-a9d4-0eaf8ca837cc,34.001121516666664,-118.43906403333334,0,0
4b531d51-31b8-41ac-9ef6-36ffc14e6e90,34.00113296666667,-118.43906403333334,0,0
31cc7bea-40c0-4781-a4bc-1a8850a29fe9,34.045008333333335,-118.2640585,0,0
509d71d5-7dca-45bb-8821-61514a9bc185,34.07663345,-118.45454406666667,0,0
81c23602-bd5f-4ec4-9016-58ce9201ff82,34.05966566666667,-118.23987083333334,0,0
1235ddbe-fce8-41e6-a9d3-f6c0b617f0d1,34.03896331666667,-118.38843536666667,0,0
2149d273-d080-4884-a1a2-5a5e0914018f,34.05965041666666,-118.23984528333334,0,0
7d636318-b7d9-4375-9f82-49eb14f4c622,34.02821383333333,-118.40356833333333,0,0
406a1852-4315-425d-ab84-72058704b203,34.05970383333333,-118.43603515000001,0,0
4cb6dd34-b4f7-44c3-abd7-0dc435603630,34.10174178333333,-118.3527832,0,0
1ec0e863-9e4b-4f46-977d-d035383d5cf5,34.062244416666665,-118.44734955,0,0
36d38c6e-2a11-46d1-85e3-ef5f2272c003,33.993465416666666,-118.41947173333334,0,0
69baccf4-8db4-4415-97a3-b5cd1d0e07a1,34.02957153333333,-118.37209319999998,0,0
370ac080-4733-4d0a-87ac-d20eea761f65,34.04187011666667,-118.26315308333332,0,0
bfc4d681-26fb-4bf4-a36f-1ad42ca7b147,34.036197666666666,-118.21898816666665,1,0
fc00fc1b-6a01-4660-9956-655a2882e3f5,33.98716355,-118.46270751666667,0,0
b812e956-22d5-4982-94b1-d1fd12f47e99,34.04777833333333,-118.239605,0,0
26f490d1-6ae7-4ee7-86df-e5212ab3c20d,34.04116821666666,-118.25739288333334,0,0
e56e5608-3e28-4774-aca3-ee1d0803eb10,34.02945328333333,-118.28866576666665,0,0
47d3100a-ac21-4e72-96d2-591e7eb85914,33.971141816666666,-118.45574188333333,0,0
404c644e-1cbd-458d-b9ff-f08109013897,33.991111749999995,-118.46508788333334,0,0
a84c7c09-4736-4c94-afcd-40e8daebb5ac,34.068185166666666,-118.45291066666665,0,0
6e56ab5a-1bd6-441d-b7d1-10ad335373c1,34.086620333333336,-118.32691955,0,0
f73a324f-08c5-450e-b309-847cf2057aa3,33.97112655,-118.45568848333332,0,0
633eb068-a06c-415c-98fd-18eb0022d902,34.04918716666667,-118.25986033333332,0,0
c1dccd83-8735-4465-a3b8-b4d4984acd4b,34.01454163333334,-118.41785431666668,0,0
eed7bded-1665-4e7e-a4ad-680e1eb90d0e,34.047775333333334,-118.23953349999998,0,0
5e36fd42-135e-4fa1-8f31-a5538a9f4af2,34.06423186666667,-118.45140838333333,0,0
80b08c86-541c-4348-a057-8152bf71582e,33.98142623333333,-118.46311188333333,0,0
7664307a-155a-41ce-a93e-7796eea1ebbc,34.07118666666667,-118.35645333333332,0,0
7e71bda8-01f0-4ca2-a582-64551f7ce896,34.06656646666667,-118.44885253333332,0,0
a853a1d0-68de-43f9-a9db-3512a58b5bc1,34.09915923333333,-118.34181976666666,0,0
b3f0bce7-5f54-4084-9798-4323ee49d0bc,34.06039046666667,-118.24742126666666,0,0
e7a8d1d3-327e-4bb9-bc36-6f8e75d26454,34.014549249999995,-118.42210388333334,0,0
60907661-78fd-4609-a19c-302aa9e7ae48,34.041206366666664,-118.46740723333332,0,0
fef8751a-8fab-4dde-a89d-cf9e10275bbd,34.055922,-118.25329083333332,0,0
72c6bd3a-907e-4ee6-9d2a-7a2e7d3b9bfe,34.04906081666666,-118.25149536666667,0,0
4e9bae32-a576-4ad5-9817-24020ca0fa07,34.10030746666666,-118.33852386666668,0,0
fd4ab9fa-674e-4947-ad77-6c5517a94e69,34.0681343,-118.42481995000001,0,0
d86fd495-9e54-43bd-9bcd-45e163916cdd,34.062911983333336,-118.37837220000002,0,0
6eb78f39-30c5-4fff-9c5b-2ccee0c169b9,33.96031188333333,-118.44681548333334,0,0
86cba8eb-f86d-4b12-a89c-93edace0ee52,34.04314041666667,-118.26390838333333,0,0
9ef0793c-57a0-40c4-a6a3-798f881e1d8c,34.01916503333334,-118.40987396666667,0,0
91245358-2887-4fe3-9fab-d6503cd0b235,34.06053161666667,-118.43630981666665,0,0
af084e0e-f271-4b9d-a432-44896d04a6b9,34.10516833333334,-118.31568366666667,0,0
8abbc091-a3dc-4964-87b1-518c5d1bfd8d,33.98984908333333,-118.46398925,0,0
5d734f11-40b4-451d-b41f-a3683cc95199,34.04360416666667,-118.46772866666667,0,0
8d3f5f22-bcfd-42f3-b7f6-f3ba6cce7df4,34.09822845,-118.32526398333333,0,0
c6bd91a1-bb64-4187-8d56-73b07a2f6a1b,34.06895828333334,-118.45375823333333,0,0
cf18addc-f25b-40b4-a000-d5bd68719244,34.05756378333333,-118.44528198333335,0,0
cf199c37-3e9c-4ac4-9a88-3ce64f6ae4f5,34.06186295,-118.44662474999998,0,0
b0e99086-fb7f-4f02-a62b-aa7945c99373,34.027240750000004,-118.28590393333334,0,0
a93984d5-7b90-4d3d-8d72-b8e5e506c991,34.04655075,-118.27071380000001,0,0
35b6ff57-cadb-4c78-be62-348b2abb7e87,34.06675333333333,-118.42862816666666,0,0
564ef68d-0085-4d68-ae62-437279a68957,34.0490799,-118.38481903333334,0,0
21fbd168-a7bb-47d1-ae50-30092293e258,34.01332855,-118.42352295,0,0
ab1b32b7-29cd-43c6-a894-e5d641022f20,34.04045105,-118.26838683333332,0,0
53d1492f-ef21-4a8e-8145-c324d8fd96fa,33.99053191666667,-118.46588898333333,0,0
9c568df6-fb18-4621-bb32-ad6bef1748fb,34.013481133333336,-118.33644866666667,0,0
7b47551a-1d5b-4e27-b9ce-1f61aefec5f7,34.04537201666667,-118.24638366666667,0,0
de532c4a-9a04-477b-8753-bd9b7f4035c7,34.06555783333333,-118.453099,0,0
1fc89036-1374-4737-887d-9e6fc93a9875,34.022403716666666,-118.33491516666666,0,0
33f0e8b2-3064-4ee8-afcc-6793766f23a1,34.06575333333333,-118.23805166666668,0,0
84c16eef-c001-4b70-85d3-58b99d7d07d5,34.06980896666666,-118.44512940000001,0,0
20fb1ca5-e843-4211-b239-71383111b2c9,34.0667038,-118.45454406666667,0,0
ea11445a-c367-4ed1-b3c6-3a580c002b96,34.050247199999994,-118.24204253333333,0,0
f94a0d1c-7ea9-4c46-8318-ca9c1df3d062,34.07021713333334,-118.44892120000002,1,0
23d71d76-45dc-49b8-a249-0dd8ba893048,34.05744933333334,-118.42382049999999,0,0
1c9f3c12-2ef6-44b3-90af-20962044b62e,34.06552886666667,-118.44559478333333,0,0
faba09a8-710a-444c-8b57-cfeb1e2f197a,33.9862709,-118.4550476,0,0
cb033686-8bef-4de5-8516-17d5a374c414,34.024238583333336,-118.41110230000001,0,0
356cbb29-4277-4c9f-8205-51208b5ae4da,33.97367858333334,-118.45760345,0,0
cea8869b-8a4a-4e5c-8204-862adc831387,34.03388595,-118.29000091666667,0,0
fcd7a9c1-eb4e-42dd-98e8-ee24a4bdf2b4,34.054067833333335,-118.2487795,1,0
5e918d68-82ad-46f3-a913-e664198c86f4,34.061069483333334,-118.29956818333334,1,0
db7b6d0d-4858-4197-9fda-7130b57f3678,34.030754083333335,-118.38617706666668,0,0
d8fbf9c2-f8e8-4107-b5b8-dc470e69e18a,34.06856155,-118.44518279999998,0,0
e842bffa-4a62-4e23-98d9-d4ce83afb9d7,34.041922666666665,-118.25622466666667,0,0
4ff26a25-b6db-4364-8b5e-e0a36971dd32,34.047794350000004,-118.27104186666665,0,0
a6247c7f-3729-452f-ad13-1c7862bc001f,34.032855983333334,-118.45202636666666,0,0
f84f603e-6d33-4022-8df5-2e0342638eb4,34.06199265,-118.44412231666665,0,0
0f581f16-115b-4a72-9f91-69f6c2b4fbf8,34.02293015,-118.25805663333334,0,0
16bfe5a9-e63f-4b04-9611-4eff644063be,34.052242283333335,-118.25234985,0,0
c41d6cef-0672-48fc-aff4-683b9b1ae614,34.09850693333333,-118.31172943333334,0,0
73c09300-ca2f-4bcd-a850-eb73cf667f13,34.04065323333334,-118.45494843333333,0,0
560dea6d-022b-4378-b328-bfd1ba94ebbb,34.039955133333336,-118.23300933333333,0,0
f9058e81-396d-4701-adad-aace093dcae9,34.06872558333334,-118.45012665,0,0
417c1646-15d1-42ae-a6db-612203d984af,34.051872249999995,-118.42914581666668,0,0
3c1d42ba-6b58-4b68-81ba-70cc287c47cc,34.04064178333333,-118.25395203333333,0,0
5518c89f-9dd5-4902-a9ac-bb3a1c0d7dc3,34.04001998333333,-118.23298645000001,0,0
eda94885-867c-4a74-8f3c-d0cff2baea6f,34.03998946666666,-118.23301696666667,0,0
3fd9e8e5-de25-43a2-914d-68b1249356b3,34.04585266666666,-118.23271179999999,0,0
2295483e-102d-40cf-a58b-1e92bf93bc53,34.04107666666666,-118.26500701666667,0,0
e8c30524-28f5-4c7b-9f95-e67ebfdae1da,33.99524688333334,-118.46376800000002,0,0
43d70aba-5445-4834-8c41-45484b9cb474,34.03879928333333,-118.36036681666668,0,0
c0a9a32e-d43f-4234-a898-afa30611d198,34.03398131666667,-118.42855071666666,0,0
eaf897c3-9323-4f7c-939f-9990b9aac7e6,34.10158,-118.30899383333332,0,0
5ff71516-02e6-4925-84d7-19d07dadd22f,33.98913193333333,-118.46219635000001,0,0
3b9f6b95-0451-4adc-924e-ceca8f77cd3f,34.047580716666666,-118.25440216666667,0,0
9e7fba94-e90a-4fc6-8002-15b569cb02dd,34.017589566666665,-118.27784728333333,0,0
a57182ae-454b-43c2-a9a3-838a4a6cbc0f,34.057708733333335,-118.48286438333335,0,0
fdea930e-f782-4101-83a3-7ff74d574295,34.15090633333333,-118.431082,0,0
e4413853-ff3b-4577-8afe-843a30450915,34.05768585,-118.48286438333335,0,0
b163f41f-73ca-4d3c-af61-cc76639193e8,33.96289063333334,-118.42138671666667,0,0
361d8c47-11d2-4267-b168-0ae712bec92b,34.073372166666665,-118.45412266666666,0,0
408c01b6-7350-4743-8f23-270eb9d30a13,34.04308318333334,-118.45843506666667,0,0
91d087fd-c0e6-4b2a-87ef-6d9809162945,34.043132783333334,-118.45818328333334,0,0
18f71ce5-dd36-4c24-81dd-72fc2a48b91e,34.070419316666666,-118.44033050000002,0,0
1f55f3a4-152a-4452-b982-c8b6e37cfc8f,34.04307938333333,-118.45838164999999,0,0
31b2a8c6-8b8c-4586-841d-63bc4412505b,34.0628891,-118.45094300000001,0,0
68272d92-17b4-4593-b006-14174eeae8d4,34.06092071666667,-118.44495391666666,0,0
4431048d-eba4-400d-9055-310f7c16cac9,34.07046508333334,-118.44026183333332,0,0
bda79f61-bad5-4fad-8503-f05fc0b66a1b,34.05537233333334,-118.38676066666667,0,0
e129a2df-33e9-4df2-934e-3a05ee567740,34.04931258333333,-118.26010894999999,0,0
c371faea-1e9b-406c-ac08-5c3936edf19b,34.05487823333333,-118.34636688333333,0,0
90b5a822-a18a-4355-a3e4-4dbddaa26703,34.03759003333333,-118.43801880000001,0,0
b1926e3f-ecbf-42f2-ad2b-6991a1f89db0,34.05508666666666,-118.44174033333333,0,0
4b257484-b212-4abf-add1-510aa28cdc7b,34.05597686666667,-118.23742675,0,0
c33fe074-544c-4117-8a82-6661cbd0298b,33.997608183333334,-118.24747466666668,1,0
2cce866f-ae29-46ab-81c3-bd04adcd3944,34.083244316666665,-118.355896,0,0
abc7cf62-f478-45ea-ac0b-0427214d02e4,33.98845673333334,-118.45391083333334,0,0
f5d77883-cd24-4c33-a531-3cd0e8c7b3d0,34.04948425,-118.41349791666669,0,0
4b7747ae-2ed5-4341-81f7-c76e3ef436ce,34.05051421666667,-118.25986480000002,1,0
75c59af8-8baf-405a-b91b-c267c62e6d54,34.049415583333335,-118.41350555,0,0
72e9e5a2-7561-4bbb-b1a0-dfd009d2f9a0,34.04098509999999,-118.26486206666665,0,0
9ef85f63-1edb-484a-b237-07dab793f54d,34.01231765,-118.27061461666666,0,0
0a7453d8-5570-49e7-a565-4bf6e96f47ad,34.044094083333334,-118.24385833333332,0,0
c085fbca-32b3-4f27-95e4-291597474e0d,34.04495240000001,-118.26013946666666,0,0
423c1391-022c-44bc-a980-efe2ec283b3b,34.04958343333333,-118.29277038333333,1,0
d8468ac4-f9b0-4c75-a042-45aa20c54b31,34.069240566666664,-118.44473266666667,0,0
069d9235-0ce3-4bf6-83c2-afa5c482d3fd,34.040916450000005,-118.2647171,0,0
7c87b920-82b5-410c-a08f-899a896110f8,34.040937500000005,-118.26471066666666,0,0
2f961339-d9db-4593-8a1f-04978263622e,34.0256424,-118.28355408333333,0,0
409883e5-9067-489b-bc78-362532e43f69,34.062316900000006,-118.44554901666667,0,0
e371e67b-f3fe-40af-8d58-1ad10249087d,34.05994666666666,-118.44319616666668,0,0
abf897ec-0e10-4617-b52d-eda2b3235a4f,34.032680516666666,-118.28821563333334,0,0
fcb77e3b-30bb-4d56-8e27-630385960914,34.090816499999995,-118.33670043333335,0,0
09188914-6f58-48b0-a556-bd7370f5dce8,34.03507995,-118.24517821666669,0,0
294f2a15-e3b1-4bf4-93a9-69797f188806,34.03797866666666,-118.23452666666665,0,0
eaa5f06c-c836-4ae2-aaa2-57b29307f619,34.043293,-118.4684143,0,0
6c9af888-6865-4214-9dfc-541bdc572b67,34.038017266666664,-118.23453521666667,0,0
3e920a28-434a-44aa-b072-dc16490542e1,34.055606850000004,-118.24009704999999,0,0
4dcf5eea-9126-4ae2-9ded-3fdeb58347fa,34.06250381666667,-118.4508133,0,0
87e61535-701e-4e11-85c0-573c80499370,34.06253051666667,-118.45072173333334,0,0
35f58d26-27a6-4eb6-92a9-3fde66ada405,34.06941223333333,-118.44541931666666,0,0
177bde74-4a33-44e7-8e5e-5dacfd749445,34.04142183333333,-118.46223633333332,0,0
b41f735a-6819-466c-8bec-108a51e77f62,34.04880523333333,-118.38126373333334,0,0
d3d5c607-6b5b-41d0-8045-cdafcbdf9e9a,34.0621109,-118.4475708,0,0
338a062a-945a-4781-8a59-48f432781b39,34.053649899999996,-118.44184875,0,0
0c548a6e-7056-4b1b-a090-6d4e846f7d04,34.099800116666664,-118.33818054999999,0,0
dbc5f7ca-e26f-45bd-836c-f2267d0c6410,34.08579266666666,-118.28229066666667,0,0
450a4e82-6715-4d22-852e-2fd946705be0,34.024291999999996,-118.44725799999999,0,0
c0f588f3-b963-48b1-a6fb-79ef4fe15b17,34.062684833333336,-118.4444705,0,0
7a77a2ae-02a3-444e-aa32-9cd6595a23ab,34.063053133333334,-118.47252654999998,0,0
15c1daa7-87d8-49a5-b445-7eacd9719c29,34.02421616666666,-118.28486399999998,0,0
a5839278-c63b-4b50-9757-224dc4ead292,34.03011321666667,-118.41319275,0,0
996218c2-b723-47a9-b903-b07bd8c4a070,33.95589446666667,-118.38557433333332,0,0
86bd3c65-3c7c-4a8c-868e-e32bb0b7a801,34.09836578333333,-118.20694733333333,0,0
79af94d7-419e-4ad8-b992-295c6070b631,34.099143983333335,-118.3446045,0,0
894edde7-af90-4a41-94fb-43c53b0d6627,34.04251098333334,-118.45918273333334,0,0
bdc059c3-3f95-421a-8ad1-64c1f8218d56,33.986526483333336,-118.45520020000001,0,0
6e04b2a0-ebce-4566-9688-8a48d8523914,33.98653411666667,-118.45520781666667,0,0
839137e3-34d2-48db-b877-2aaaaa8dde46,34.10163516666667,-118.29843166666666,0,0
abe3ba08-958c-4fc3-85fa-81ec08d06f00,34.04581783333333,-118.26167266666668,0,0
3b038322-01af-4ff8-87c6-770b8869765c,34.045825666666666,-118.26704366666667,0,0
f0205c8c-5a5c-45b1-95ec-6e0a9a6815a9,34.08356475,-118.3612976,0,0
85afe0fe-e5bf-4987-9055-68f8772cd76a,34.04584503333333,-118.23271179999999,0,0
21c010e6-6338-4289-8b43-b6bd1acb8ea7,34.0691719,-118.44355773333334,0,0
3e504304-868b-4f3d-998c-4bcb0be0f0cc,33.987640383333336,-118.45334625,0,0
a40b71a7-e8ce-462c-bc92-938b4ae9f3cc,33.98768996666667,-118.45329285000001,0,0
ca7b3543-3a67-4bb9-a638-238904f68e8e,33.98770523333334,-118.453331,0,0
f105dd2c-22df-4301-833a-d86f8a40b286,33.98765945,-118.45331573333333,0,0
cd800445-5e2e-496f-b478-1d0261a7ccc1,33.98766816666667,-118.45329916666667,0,0
21c127d0-195a-4c68-bf8a-726a834c14c9,34.06941616666666,-118.46255583333335,0,0
e85ae211-d0bf-4943-b472-6c377ce61d56,34.02544021666667,-118.27869414999999,0,0
aa8d5d7a-8bb8-4b79-8d82-cb7cddb54e15,34.04411866666667,-118.46728083333333,0,0
51aab269-c7a0-4846-8a76-77754177c43d,33.98810576666666,-118.45861053333334,0,0
fa4c8df5-7ee5-487a-8e3a-1298578fb2bb,34.05689621666667,-118.46469116666667,0,0
5ae02624-7557-4ab6-9bfd-5dc1cdab8479,34.06721496666667,-118.25783538333332,0,0
a4b172b3-cb90-4ca6-a892-12148f543a36,34.05970383333333,-118.23789215000001,0,0
f5917e24-3e0b-40d5-afeb-90e80864031a,34.069665666666666,-118.44104716666668,0,0
f13f71f5-06ea-4680-8358-e74b3dfd3059,34.057201383333336,-118.41780089999999,0,0
a2b966eb-d91a-452d-b0aa-c9b8f44e6d9d,34.070018766666664,-118.44496155,0,0
de39da56-9a83-4dab-b4bc-a5c96bc02a4a,34.05970001666667,-118.23789978333335,0,0
26aa688c-1a18-4020-945d-5f3e8671d766,34.061629833333335,-118.44144616666667,0,0
539593e4-8865-4878-b452-7107613335b1,34.06160466666667,-118.44141516666666,0,0
ceefaf96-f0d0-4c97-a822-92f116a3f28e,33.94627666666667,-118.38310316666666,0,0
3fe34e21-731b-44b3-b07f-d97880a83269,34.09819793333334,-118.31679534999999,0,0
e5d6bfd6-1671-4109-9f40-06444401d80b,34.069916,-118.45395916666666,1,0
48e30689-c12e-43b3-9fe8-f4d3db6d308b,34.03989791666667,-118.25948333333332,0,0
ad12459b-fad8-4bc2-b1e4-bc2c58a8baee,34.09819411666667,-118.31755828333334,0,0
67434df1-9f5a-4d22-9f39-73d1a4d6be04,34.043880466666664,-118.45561218333333,0,0
1956b650-b818-48f4-a14f-c9885f0f4886,34.062541966666664,-118.44387816666668,0,0
1fbcaacb-ec69-43bc-9a16-eb98e03d29d9,34.04738235,-118.23928069999998,0,0
a02319fe-5866-465b-a4ae-93b61cc09ddf,34.04741668333334,-118.23931884999999,0,0
afacafa0-f99d-4192-96bf-58b2aab2de53,34.04737473333333,-118.23928833333333,0,0
c9d8f307-b09a-4189-b379-800438732c2e,34.0998497,-118.3381958,0,0
2dfff28c-91ea-4023-95a8-7f134c7bb834,34.03882016666667,-118.23063283333335,0,0
90da888b-1d61-43e6-99a8-274b770dda0b,34.06044388333333,-118.4682846,0,0
9ccf4381-aded-4ba0-85ae-119cca38abe9,34.0622406,-118.44295501666666,0,0
ed3a0474-4c36-4ce7-8f23-1097d6690288,34.06221366666667,-118.442724,0,0
679c9555-179c-4d20-8547-0847af79de39,34.08352661666667,-118.35214996666667,0,0
64de6454-c6d6-45b0-90ff-eedabf3f5ca2,34.06222535,-118.44297028333334,0,0
15cf97ae-0d16-4d38-999f-0904a9f031be,34.041538233333334,-118.26564026666668,0,0
72048ff9-d466-4f05-bd6a-401c238cc6ba,34.00448226666666,-118.45394135,0,0
9b7b16f4-1dea-4f21-91ee-8e075edd1aad,34.04059683333333,-118.44346083333333,0,0
c2ea25e3-d0b3-46a0-b507-8266dfa5ab52,34.04935455,-118.43935394999998,0,0
e02c3b2e-0a03-4137-a2d6-772708711f2a,34.00437165,-118.45412444999998,0,0
75d991f6-e40d-4525-8902-d6df2c874024,34.0045433,-118.45394896666667,0,0
a38d7b7f-2ebf-4e11-82ea-308ffde40991,34.05317333333333,-118.44270066666668,0,0
87a1941d-a822-45b7-941e-df0103bc6a30,34.04140316666667,-118.26508483333333,0,0
70fbcd14-0d0b-42e1-997c-2bce392d7d06,34.04330063333334,-118.46838378333332,0,0
475c95b5-c64f-48ef-a68a-bc55cc3708f4,34.04587555,-118.46504211666667,0,0
a1f245e2-29e8-434a-9eae-25f1a77c616a,33.96515273333333,-118.42350006666666,0,0
d2e7715e-a998-4074-bc31-399e737067df,34.02389908333334,-118.40948486666666,0,0
5c9ec77f-d68c-4320-ae7e-4bc343c401c7,34.02115631666666,-118.43727875,0,0
c476eccb-2d8d-45ab-8f10-13bbd2ea5094,34.06985473333334,-118.44365691666665,0,0
eb7e4784-1056-4441-9e6d-71bdadc55ce9,34.10059738333334,-118.32383728333335,0,0
3a9b4e84-1ded-478a-8b67-0f48dc2c7dbf,34.097015383333336,-118.35601043333332,0,0
4503647b-2552-4d57-8f73-40b25ff975a0,34.057914733333334,-118.44738770000001,0,0
13ebb58c-f6da-4157-8190-37e6fec439f6,34.07056045,-118.44508361666666,0,0
8df80421-fcf2-434d-88ea-d4c653b43034,34.073333733333335,-118.44242858333334,0,0
e2e260af-9b72-45fe-babf-1fd0cf80d2b1,33.99996566666667,-118.46530915,0,0
33782784-5409-412d-b1a7-3c14f82ec1ff,34.08338546666666,-118.33982848333332,0,0
4dc5f735-3acc-4d7c-8e99-429fb69ea290,33.9881401,-118.47426605000001,0,0
0492bc15-605d-4adb-bce3-2bb198e10dac,33.999935150000006,-118.46529388333332,0,0
584645e1-5213-4014-a8f3-253b3c172392,34.0979042,-118.32679748333334,0,0
7f0a7095-a20c-4543-9a65-e6ebf8c41daf,34.02419661666667,-118.40290833333331,0,0
501f8f12-aa47-45e0-8525-a3f94e47c8b5,34.09783173333334,-118.32682036666665,0,0
6f0a5ca0-9f0d-49d5-9b5c-adc40621501d,33.98267365,-118.46946716666667,0,0
024059a2-acb4-4d10-b1d8-8486b99617bd,34.0452919,-118.46327971666666,0,0
ce00cbf9-3bc5-4303-a615-6709091e8d39,34.04065705,-118.23385619999999,0,0
cce5bddb-fcc8-4207-9eff-55e91f036ad9,34.06079483333333,-118.44713593333333,0,0
857dc2e2-4972-4c59-870b-68275ddd1b0f,34.08296203333334,-118.35844421666667,0,0
4edba086-feac-49d5-af4b-6591622c7bcc,34.059787750000005,-118.44366455,0,0
de5d1dd2-328b-45bb-a1b3-8f473a78dde5,33.97933578333333,-118.4664917,0,0
3fa10a7a-e9d6-499e-a67f-5032163fa1ed,34.020385749999996,-118.34782410000001,0,0
b3d17eae-4a4f-4f24-a9a4-3097af94c2db,34.06155776666667,-118.44637298333333,0,0
f366153a-f4f4-4374-84f5-8bb633da8d87,34.01451111666667,-118.27249144999999,0,0
e7bf526e-b4ed-4c19-9f9b-feb300321d87,33.99092101666667,-118.46716308333335,0,0
d2eb3ddc-13a1-4322-afac-3eb6e0d489e0,34.03597641666667,-118.39978789999999,0,0
a6aa1e7a-0369-4eb2-a945-931996781b07,33.96342816666667,-118.39585183333332,0,0
dd3f4d2d-5c24-4b91-9309-050e75be7f1a,34.06251145,-118.44421386666666,0,0
46c3c6a2-bb6c-45fa-b7a0-95d28a0b1e3d,34.12015833333333,-118.32090000000001,0,0
147ad1c5-6012-4d41-982e-7b09535f8700,33.979347233333336,-118.46648406666667,0,0
dc0909e3-1043-4c77-b9c6-ac4ed936cbc8,33.97935105,-118.46645355000001,0,0
0c255b45-7214-43bb-a247-049e0398b2b8,33.955909733333336,-118.39604949999999,0,0
7382e8fd-de47-48ab-91bc-500238b0d094,34.02923203333333,-118.40374756666667,0,0
ca2260ff-393c-4ffd-b694-cbd506055859,33.952568049999996,-118.3855896,0,0
b45cb748-8169-4b09-88dd-344fac6e9bf7,34.04116058333333,-118.26498413333333,0,0
447db4ab-ce06-43d2-91d2-44e751573000,34.04294205,-118.26029968333333,0,0
e4b222a6-99e1-4745-a3d6-64c014e7f065,33.984939583333336,-118.47011566666667,0,0
8843d6da-627f-42ad-8258-76c4af519f0c,34.076251983333336,-118.36126708333335,0,0
ebd00d47-6dab-40b6-a39f-d5b7e24e2653,34.076282500000005,-118.36132813333333,0,0
75d872a1-dd45-4967-b7b2-14a6494de1b2,34.04521483333333,-118.26008733333335,0,0
76763cd0-b233-4649-8f2a-7d635a54c2bf,34.045021049999995,-118.26389313333333,0,0
25b7c465-7539-44f9-9a56-388395bc470c,34.0637703,-118.23618316666668,0,0
7d6b9d64-a2bf-4120-a7e0-67d6b446aece,34.1744957,-118.46601104999999,0,0
0ccf04c2-119d-494d-abee-8023040b6837,33.95706176666667,-118.39605713333334,0,0
0ae04371-29b4-466c-b0f4-37b3c50fbfd5,34.0452156,-118.26020813333335,0,0
f8cfc7d7-f8bd-423c-8f44-e4566d27ef00,33.99949616666667,-118.40322783333335,0,0
cf137189-426a-4686-b2d5-49332e344adf,34.04026795,-118.26641083333334,1,0
aceefc8c-de51-4da7-a1b1-ec709ec1f870,34.04426193333334,-118.44194793333332,0,0
f7d53781-438e-429d-b108-a8e890b9d680,34.06921386666667,-118.22901916666666,0,0
cd9b54ee-240c-4d58-9985-4fe5c6a3959d,34.0971489,-118.35060120000001,0,0
b5bffed5-a074-416b-bbc2-dbbdcac8fc17,34.02689483333334,-118.39225800000001,0,0
ee0cf513-5a44-4596-b192-61763f3a0e5e,34.058341983333335,-118.26387786666668,0,0
10a0b303-5d64-4fcc-9a50-662833b6a04e,34.06116103333333,-118.4430542,0,0
65a402b7-e0aa-48d7-95b1-95ce768d11b8,33.95969771666667,-118.41417693333332,1,0
1059f6f8-3faf-40e1-b0a1-8a564b3e10d1,34.063590999999995,-118.45016480000001,0,0
1ef68e5c-b4e8-4811-af57-3d3fe8649044,33.98308181666666,-118.46408843333332,0,0
4ab780ff-1743-4fed-b520-ff9bee9f366d,34.040637966666665,-118.25406646666667,0,0
31a09222-5163-43be-840f-300ebaf1b0d4,34.04894638333334,-118.23929596666667,0,0
e429a8fd-fed8-44aa-b5fa-529cd41b4274,34.083729166666664,-118.353402,0,0
a824acb7-2ebd-4d9c-ad55-5ac935adf00e,34.06293106666667,-118.44860076666667,0,0
e5357458-9416-47db-8655-a7c29a4e8074,34.061935416666664,-118.44672393333333,0,0
736a46ce-529a-497d-95c4-b788dbf5cb3d,34.06296566666666,-118.44857599999999,0,0
32ad5702-1e46-4685-a40e-b92c9f6f2d79,34.049263833333335,-118.24154266666667,0,0
accd5ee8-2030-448d-b051-696d0939f5d2,34.0758133,-118.34873961666666,0,0
0a4a0716-b4d8-4e86-9a6a-7f81f4cc7149,34.075462333333334,-118.44155121666667,0,0
6250b6d4-1964-4578-92e2-6642f7c63315,34.03602218333333,-118.23161316666668,0,0
39d8d926-ad28-4e93-a994-f153844c94d6,34.04428863333333,-118.46725463333333,0,0
e4df92ef-9928-4823-ae7f-1e15fa5ba32d,34.04603316666667,-118.26199583333333,0,0
922f578e-bf2e-455a-b92e-dce382c91e35,34.04370066666667,-118.30192583333334,0,0
ba16960f-03c8-4595-88e4-32521e190ba0,34.07120131666667,-118.34306335000001,0,0
af02e462-a351-4e0c-a66c-b6afe3fdd7ec,33.98879241666667,-118.46341705000002,0,0
14df2e96-3b5c-420b-99e0-f3dff93536ad,34.051513666666665,-118.44625091666667,0,0
0c15762d-da9c-495d-9a56-73d7cb21907e,33.98879241666667,-118.46337890000001,0,0
b270494f-1b22-43af-8e8b-359452b6fa54,34.07331466666667,-118.45200348333334,0,0
49e06d3f-69a5-4b8c-8fd6-a602bd3bb337,34.06868743333334,-118.43013,0,0
82c092ba-c101-4bb4-b1ce-af2dd86ffe93,34.084198,-118.35648346666667,0,0
64b9e066-0a19-475e-a826-866f26264276,34.047523500000004,-118.44544983333331,0,0
f2c54389-0bd5-4f6f-9161-413c88fa2590,34.04807281666667,-118.25796508333333,0,0
b4da113e-b4b9-4cdd-a0d9-0f3bb6233f38,34.04512183333333,-118.25006200000001,0,0
57173e90-da3d-4201-bdd8-bcd2cce55efd,33.96597116666667,-118.41654199999999,0,0
d691bf1c-fe10-4158-815e-b55477237f20,34.1238795,-118.37551316666668,0,0
eeb4597a-0070-4261-93fa-8f9e4d661103,33.9779892,-118.4632721,0,0
a2d0b973-694d-489f-b86a-75182088a81e,34.0636406,-118.41394043333334,0,0
5a3a2b81-eb62-4d1e-bb8a-96d7057134b1,34.05840301666667,-118.44561768333332,0,0
54296019-32ce-4e05-b3ee-fbcc7aded458,34.100960666666666,-118.28716916666666,0,0
ddba40ff-c42d-4e30-a2f5-973797dfcd86,34.0914383,-118.33843993333333,0,0
93c5babf-dd7d-4934-b733-c216b7ffab26,34.05145645,-118.24743651666668,0,0
395b4b9b-b91c-492a-a633-86c00ebb8eef,34.03912233333333,-118.2623355,0,0
c5b4f6b3-5f18-4602-9e6f-7ab3f5ffd63f,34.04212951666667,-118.25991058333332,0,0
4c33e90a-bddc-4b0e-9bd1-a5f2f477cb2b,34.04231261666666,-118.26001739999998,0,0
99b9807c-d371-48f7-96c1-dd52bd8fe443,34.042018883333334,-118.25984191666666,0,0
4524d729-e5a7-47d5-a5bd-eae87108be32,34.04211806666667,-118.25990295000001,0,0
cfa3548b-6287-4591-a10d-2e5e6639e163,34.119963500000004,-118.32100583333334,0,0
e04b721f-53af-4c75-af50-30aa71cfa976,34.11823655,-118.31677246666668,0,0
907ba1c8-159f-4b7e-8d8b-773f85cd5189,34.03429795,-118.29158020000001,0,0
e8923b8c-61a5-4231-93fa-367614174990,34.05543518333333,-118.28917693333332,0,0
e6686c78-c9a7-4475-b582-961151445074,34.06067276666667,-118.44689178333334,0,0
5c71019d-74a1-46c2-ac56-cbbd754943a0,34.04422378333334,-118.25136566666667,0,0
52fa7ddc-3562-46ef-aa4c-547eea8821de,34.06085133333333,-118.44688233333333,0,0
5aae52ba-754b-4ce9-8a4e-948fd5ec1d20,34.07125473333333,-118.32376861666668,0,0
c06c83d5-7df0-44ef-af99-c5dd74dda69f,34.09966278333333,-118.33250426666667,0,0
d855af76-4a38-4914-a1f0-e2a5cf7d0126,34.041419983333334,-118.26406096666666,0,0
63384de6-0463-4fbb-8cae-ff132b3998cc,34.062991000000004,-118.44553366666666,0,0
693a478c-6277-4fc2-bfc2-c730cdfe02d8,34.12521361666666,-118.21664428333334,0,0
7514bca7-775e-48bb-858e-29d092bb4fb2,34.05718993333333,-118.23617553333334,0,0
5e3577ec-e896-4751-9566-c4dba3ceb570,34.06523833333333,-118.4529465,0,0
f676ba4f-9d4a-4d7a-9748-33ef59948047,33.945791500000006,-118.38998850000002,0,0
8d1c7f4d-7582-4973-a0d3-5e0c446ee6c3,34.04244283333333,-118.43063183333334,1,0
63aa1e49-c65f-400b-a39c-2dabda575faf,34.059871666666666,-118.44348906666667,0,0
ef70fe63-5e25-43e9-8bde-34dba983bc1f,34.055660249999995,-118.24356841666668,0,0
296814ae-4c49-4003-816f-3a17873f062f,34.05864333333333,-118.41573333333332,0,0
d05b9115-378d-48aa-9ebc-7fd04f540b71,34.0392305,-118.26233983333334,0,0
a73b4ea0-7a8d-4b93-ac1e-86248ef22259,34.02426533333333,-118.28395950000001,0,0
e2bad9c6-6961-43b3-b82a-46d8994bf5a3,33.9880333,-118.45726013333334,0,0
7fb6e327-4489-4efc-8707-8b8e189a945a,34.15646361666666,-118.46958160000001,0,0
81505658-7a57-4ea4-bbcf-7c49f60d2604,34.04045383333333,-118.26668716666667,0,0
01d71fbf-0681-4754-9ae9-075f659d2f81,34.06450271666667,-118.4527893,0,0
d84a690f-2250-43d2-956c-d96fa56d971e,34.08368683333333,-118.35082245,0,0
4b7227c3-cf5b-4696-89b0-9c5e3fb82366,34.059808,-118.44370666666667,0,0
60ddfc94-6f78-4f28-813f-2f17227b3ce6,34.03941345,-118.26527405,0,0
254dd8a9-cce0-41c0-b57a-b7717c1f106d,34.03935241666667,-118.26525878333332,0,0
a1fc5c2f-2167-435d-adc1-cd97cd82ad03,34.0534155,-118.25072683333335,0,0
81894bf8-163b-4c08-a420-4e7000b9ab1e,34.034080499999995,-118.2319107,0,0
11028101-b440-4004-9d9d-5f3c38aeffe7,33.98558426666667,-118.44370269999999,0,0
a2545c32-5705-467b-b02a-3d43a82342a8,34.077461250000006,-118.26380920000001,0,0
f321f2dd-79f2-4b6a-9864-4081456fbf94,34.03407668333333,-118.23188018333333,0,0
4222050d-fdbd-435a-800e-bd09c5fb1711,34.047769,-118.23956233333335,0,0
6d8c3912-f93b-4a6b-a23d-f1a1a211ec2f,34.05422973333334,-118.30915833333331,0,0
f5560e1b-a9a5-48f7-8422-452966c0b76e,34.06970215,-118.44479369999999,0,0
ff64dbaf-1e3a-43d0-be54-b3db5c2a9331,34.05693055,-118.23724365000001,0,0
9bbc1b05-23e2-43e1-b7fe-5b6fbd998dbf,33.945649333333336,-118.39526750000002,0,0
fabc4614-69b1-44dd-b448-15c146965b6d,33.945655816666665,-118.39551545,0,0
07c68d90-d719-4042-a4ca-a17afa34556a,33.945655816666665,-118.39556884999999,0,0
30fb11e4-34b6-4f83-b3fe-8ad5836af143,34.09986115,-118.32765198333333,0,0
51d44f6f-0995-4d1c-af1f-4a29593cad1b,33.98521423333333,-118.47348785000001,0,0
35ac76fa-a8bc-4190-b3c1-2d6b4d7fd8a1,34.05932235,-118.44586181666666,0,0
36f7c3ee-e7b7-407d-83d3-29eb42c95358,34.05661391666667,-118.23731995000001,0,0
638e573f-08ad-4fc4-be9b-1e2861de9e01,34.034328466666665,-118.41031646666667,0,0
0e5d9509-ef54-42a0-9455-64cff195c474,34.04115295,-118.25733184999999,0,0
41e51368-6a64-4a25-901d-5883623fd1aa,34.05661009999999,-118.23727416666667,0,0
4d316ff4-0be7-45e0-a860-1fc8d9cb0277,33.95384598333333,-118.39189148333335,0,0
f1371633-737e-48c3-98a6-880456ff2d4a,34.162985000000006,-118.46591366666668,0,0
4c7ba789-f8ba-423c-a29a-969e55cb4096,34.045837399999996,-118.26650238333335,0,0
c40a7a3f-a8d5-4c06-9e16-6f7bd424b6ef,34.068916316666666,-118.4515686,0,0
4422499e-b454-4f21-9fa6-54eb8c83446f,34.045299533333335,-118.25028228333333,0,0
9b563bab-43b1-42ca-8d45-bf15e7431a3d,34.064464566666665,-118.24255371666668,0,0
77e5b24d-0c8b-4b14-bc73-7fdb78fac7fa,34.06444931666667,-118.24255371666668,0,0
0874f04e-2912-4130-89d5-4c032491f248,34.014530183333335,-118.27254486666668,0,0
141be03a-adc3-4525-bd38-c15a0e619f35,34.014555666666666,-118.27251966666667,0,0
1688fbce-4f79-40b4-8642-5c86be1105b3,34.062419883333334,-118.44551086666667,0,0
3599eb18-5d1a-406b-8bae-b624306948bb,34.056209566666666,-118.22103881666665,0,0
f64d889e-c5dd-4e5f-b273-ad54d1bc923f,33.96595001666667,-118.4165268,0,0
4d65e163-c4d3-4239-8f16-e1f719323e98,34.0651474,-118.24041748333333,0,0
0e737977-04b9-4d25-a3be-8e54e435bb50,34.083580016666666,-118.32237243333333,0,0
597afb4c-4119-4386-ab61-ddde815cd455,34.06395733333333,-118.42777,1,0
35e39741-3eb3-4bc8-a541-52e9c7f2efa4,34.149482733333336,-118.42476653333333,0,0
dc1592a3-9d5e-41d7-9567-8623fd46aae2,33.99789428333334,-118.46612548333333,0,0
58dd9bb8-d985-4cfe-8b05-de78105211d6,33.98584366666667,-118.4430542,0,0
5b6e26c9-b860-4a12-9fbe-e326b12e604d,34.05367433333333,-118.25094133333332,0,0
07809917-c2d0-46f4-8ca6-160881c4916b,33.99487305,-118.46601104999999,0,0
34d1e402-2d3d-4eb3-b430-b11aaff30ea4,33.987087249999995,-118.46275329999999,0,0
f98e98d9-7bab-4560-9a48-6ca5327410df,34.08393096666667,-118.3585205,0,0
1906a4f0-70cb-420f-8dc9-5f59871bbc0e,34.06298446666666,-118.4519043,0,0
b0e71c9e-41a1-4c85-8a78-01b2d699c5c8,34.05394745,-118.44203186666667,0,0
4f485b79-c704-40a5-bc95-0eeaa381e6a0,34.059498,-118.44755616666667,0,0
51a962af-64d3-4624-8b41-0058832f0eac,34.04624938333333,-118.28063965000001,0,0
c937d254-9f13-46cb-968d-46656de76462,34.03876495,-118.26616668333332,0,0
2a0f8afd-8795-4dc4-94f6-5fd87cbc1963,34.0285355,-118.28270166666668,0,0
b42a34c4-a576-4d52-982a-b47cd4bd6aa8,33.945754,-118.38184216666666,0,0
51bac392-be1c-42ad-95f6-8bf71823576f,33.95959853333333,-118.41933441666667,0,0
96d6d55c-b171-439e-9b4c-a4c41090c3f2,34.004074100000004,-118.44682311666665,0,0
b71add47-b48b-4fd1-ab38-21ecaad53f70,34.023601533333334,-118.40779113333335,0,0
3fb65b72-ae9e-462f-91d5-8c26e3c96300,34.059959416666665,-118.44374085,0,0
7a4b455e-184a-46e8-9cd1-64755e07dd23,34.094314583333336,-118.33062743333333,0,0
b6952ec8-6c77-4a72-852a-8d5ffbede880,34.04115016666666,-118.25733800000002,0,0
05fc539f-2ca5-4dfb-8807-e762c4b8b5bf,34.148777333333335,-118.43291633333335,0,0
00063176-9a39-46af-b0a8-ee58e5721fc6,34.055439,-118.2699585,0,0
a37dd53b-7c60-474a-bf00-d7cdc096c204,34.069648750000006,-118.44786071666667,0,0
03934fcc-0b3c-4ac4-ab43-15eee8c23f88,34.04446133333333,-118.25427149999999,0,0
197478f2-84c5-41ab-a016-6be3775ce937,34.08372498333333,-118.3740158,0,0
efff6484-fb06-4cf1-9928-1898d1977cad,34.0510559,-118.24784851666666,0,0
fae85f5e-384d-4a96-a307-216b96631c7c,34.05999756666667,-118.44676971666668,0,0
c6b8d9cd-f720-490f-b627-4c7937b2d321,33.95876283333334,-118.41536416666668,0,0
5e18f239-6ff8-4b43-9a60-555ddfc5e398,33.96331405,-118.41435241666667,0,0
02315e1d-c58a-41ee-b624-2541d72ff3b3,34.06111908333333,-118.43540954999999,0,0
7d000385-5c8c-4e3b-ad04-19f17cef996c,34.0447197,-118.21889496666667,0,0
6a6e0223-e47c-4524-95a5-e2908e796da5,34.06475448333333,-118.23537444999998,0,0
a859acb1-9afd-4289-b48c-0dc45399de7b,34.04523733333333,-118.23730133333332,0,0
92d8ef79-6651-44f8-a23b-ac27d6abaeb8,33.99593353333333,-118.45610810000001,0,0
960fb211-57ab-43d1-9318-2b8b8504e8cb,34.03905486666667,-118.26419830000002,0,0
e890cce5-1dc0-43c5-b5d9-7edac465fce3,34.03921126666667,-118.26441193333334,0,0
b181b0d8-7594-4667-a9b7-7fd3ddbcaf35,34.038810733333335,-118.26423645000001,0,0
61e7be75-f81b-48d7-ae54-fad1557c1552,34.04065323333334,-118.25659943333334,0,0
ae51f7d0-546b-4d8e-85af-e55c9dc83a5d,34.045221500000004,-118.23732566666668,0,0
6c981833-3830-4238-9d4a-21b585fec8d2,33.944703,-118.37455366666667,0,0
cf69a443-23bc-460e-b091-82efc810d076,33.945056916666665,-118.37495421666667,0,0
28050e99-f9dd-45a1-88d0-9d9df23771ad,34.04522323333333,-118.23739623333334,0,0
f248cb2c-fa98-4092-a366-52132ef59447,33.9874649,-118.44406128333334,0,0
fdbf0cd4-4abd-4374-a4bc-039b01c73f8a,34.02888106666667,-118.4016037,0,0
c5e3e64d-1b36-42f9-8665-f924e1925cf6,34.045238499999996,-118.23736571666669,0,0
208b0c0d-655c-4361-ac5d-a92cf4e5446a,34.064258583333334,-118.4526596,0,0
22a5419f-9637-41b7-b26e-16c064bfc849,34.03900146666667,-118.26413726666667,0,0
6e8505f0-6af4-45a6-b3d5-2aac1f9ff7aa,34.0236969,-118.42655181666666,0,0
29bf0dbd-ff49-4a9e-812e-6dbad83d0047,34.062366483333335,-118.44416808333332,0,0
55fc621e-679c-43c4-bcee-d82abd8510b9,34.03861236666667,-118.26371001666666,0,0
6c97968b-4813-4886-91d3-999418c29603,34.038982383333334,-118.26412201666666,0,0
4522fba1-5aad-4260-9c24-3736f94f129d,34.04585266666666,-118.23352813333334,0,0
70221962-607c-482e-b9f8-4102a0349c97,33.99549103333333,-118.45603180000002,0,0
b834f532-85f4-4dfd-b06e-26532968472e,34.0756607,-118.45343018333332,0,0
c2021131-23b0-402d-8a1c-327537902604,34.066940300000006,-118.23903656666668,0,0
4b01947f-dca9-4708-8746-49595acb367b,33.9992218,-118.46986388333335,0,0
1c95d32c-b51a-4f9c-8846-08b4d72cf4cb,34.04731368333333,-118.26415253333334,0,0
97c4e55e-6c17-4e10-8efa-c124526f0178,34.043994500000004,-118.25118566666667,0,0
1c672730-8477-4099-b027-28694ace89ca,34.07093811666667,-118.44944,1,0
76827847-01bd-4a36-8162-8767db7a1849,34.07863616666667,-118.36144256666667,0,0
74a4e054-22cd-4827-ba0a-2471f57f9a90,34.06282425,-118.45095824999999,0,0
66d37a7e-a513-4547-b71f-594bd2dd6773,34.06006621666667,-118.44371033333333,0,0
441cd576-c1ae-40fd-b86c-dcaa920ad36e,34.154376983333336,-118.46999358333332,0,0
81949732-4bbf-413c-8a2d-53d73221c9fe,34.02528763333333,-118.28313446666668,0,0
21ecc16f-65d6-4f45-89e8-e63acc9ef529,34.04480361666666,-118.25551605000001,0,0
8a322daa-4510-440b-b8f2-e86172b27f12,33.94569778333334,-118.38464354999999,0,0
43254e14-d845-4ed0-9afe-1861fc5cc7ac,33.94568253333333,-118.38462829999999,0,0
c3b1f92e-7176-41e8-b82f-f2a292249278,33.945782,-118.38488366666667,0,0
eafc6e06-414f-4a8c-9553-e502d3c182d0,33.95616913333333,-118.43413543333332,0,0
e8300e2d-e89b-4347-ace3-e7f1acd3ae68,34.04914216666667,-118.259548,0,0
582275a1-19ac-493c-9ba4-ae8fc2f410e8,34.04211806666667,-118.24545288333333,0,0
b2611746-f68a-4d50-aa71-2a07d351ee75,34.07028961666666,-118.25365448333332,0,0
1ce88769-3297-4011-babd-aa1760dbbdbb,34.100883483333334,-118.33124541666666,0,0
d6b8cc6c-b180-458e-85f7-688de97ec77e,34.03144836666667,-118.39608765,0,0
8793917c-e674-48d0-af6e-1b600d21bf5f,34.031452183333336,-118.39603423333334,0,0
89631737-87dd-4ac9-a9f0-cef5cb73fcbb,34.0538063,-118.25395965000001,0,0
c7eb8539-193f-4430-82c8-f685eb2a8daa,34.0683825,-118.45104216666665,0,0
e7bca111-eb1a-4da1-8341-58295ec4d204,34.058387749999994,-118.4456482,0,0
b94d5a35-dd4c-4965-8e76-2268a553d583,34.1580162,-118.44335938333333,0,0
edb9a5ae-3a0e-4350-b643-27d91cac8e16,34.040702816666666,-118.44354248333333,0,0
9fa67851-4909-4769-b29a-fd678200b7cd,34.06908035,-118.44472503333333,0,0
d5925498-7d15-47fb-bc61-66d033027f37,33.990598999999996,-118.46612466666666,0,0
e299b4ce-9c8a-40ce-aa81-8fb730e63fcd,34.08359633333334,-118.28190766666667,0,0
5304319b-b2cc-4385-8db7-16ac68dc5ef1,34.0565033,-118.24797058333334,1,0
12c581b6-17b1-4328-b11b-a4dca3653ce9,34.083595833333334,-118.35473249999998,0,0
11b11f7c-ad6f-4172-b679-40405249745e,34.06054688333334,-118.44399261666668,0,0
92a93179-9d9f-424b-85f2-836907dc90f3,34.067955016666666,-118.45156096666666,0,0
ea6c3c40-2a78-4847-b3c7-cd0adc9f1bc2,34.02232741666667,-118.27793121666667,0,0
6a6408d5-dea8-4ebd-9a5d-51ec5a507cbe,34.04051971666667,-118.25701905,0,0
d8bed407-61a6-4627-8d85-34691e6eaeec,34.061550133333334,-118.44837188333334,0,0
cc1e7fb3-5d3a-4e0e-99ca-91965672faee,34.048728950000005,-118.386055,0,0
3feaf4e0-e79c-4f42-9117-b8843059efb3,33.98993301666667,-118.47266388333334,0,0
af5a3d65-7977-485c-b9c2-72501f7e7f57,34.0182724,-118.40510558333332,0,0
f3aea644-cc77-49b9-830b-5c211eb44e8d,34.04204178333334,-118.38360595,0,0
9f118782-470c-43b6-882f-3b4b89e4a98a,34.04028701666667,-118.26703643333333,0,0
69a49a70-6f94-4933-b5bb-b1b2d7c4bfdd,34.04177093333333,-118.25209045000001,0,0
050be4ac-664f-429e-932f-da11d699484f,34.05745696666667,-118.43795013333332,0,0
5049a438-9faf-4671-b510-5b9789ad61ff,34.06994628333334,-118.45292663333333,0,0
b9ed3d94-b4a5-4499-94de-d7b5c520b43e,34.0836258,-118.34796905,0,0
c294e95c-428c-41f1-9e9b-7ecb2b98f23c,34.03251183333334,-118.41163883333333,0,0
071fc26b-e141-4200-8690-795ef57f4eae,34.040802666666664,-118.25234166666665,0,0
9bf0efc3-eb7e-422d-9b82-a687ee3212e6,34.00087738333333,-118.4556961,0,0
b765ad83-11cb-42d4-8569-966dd0485c78,34.040360166666666,-118.42854083333334,1,0
c70419c2-59fa-4fbd-971c-1560753ea724,34.06036758333333,-118.44651031666666,0,0
3ceb0b07-e476-48e7-80dd-e34cc8c889f7,34.023365016666666,-118.28040313333334,0,0
7506225a-255d-43a7-877f-799bc4989734,34.02919388333333,-118.28900909999999,0,0
164a8b7f-10a0-4562-b825-c29917669db6,33.95589065,-118.38553619999999,0,0
180a727d-0d2a-49c4-bdff-1a907c836967,33.95589828333333,-118.38552856666665,0,0
3d7cf3de-d7ab-49fd-ac81-12af0e3b3977,33.95589065,-118.38554381666667,0,0
4b6a71c4-0018-4168-a283-7939f164d913,34.04335785,-118.26202393333332,0,0
2f155123-9cbb-4524-bdaf-f75dcb937778,34.0579834,-118.23726653333333,0,0
7db17524-6699-4e8f-851c-37fb018c0eef,34.00327301666667,-118.45155335,0,0
c11400b0-83be-48c0-a16c-b80069e8bbde,34.065233166666665,-118.45292666666667,0,0
d2854cc1-7ff4-4532-b396-608810a14738,34.099616999999995,-118.3311615,0,0
3abf27aa-3649-4306-b225-342406e6481a,34.10458566666667,-118.28771883333333,0,0
b3ae34e2-601d-4ad4-85db-5704d9df134b,34.04593658333333,-118.26669311666667,0,0
5c4a8a41-6c7a-4817-ad6a-aac3d569f4bf,34.0460968,-118.26698303333333,0,0
1f327454-15cd-41ec-9409-21278ef68791,34.049262999999996,-118.24910736666668,0,0
3721a83e-0c71-4e63-91da-76eb84476a88,34.04628371666667,-118.26287841666665,0,0
65183aa0-35b4-45b9-ab9a-1e2863737c41,34.08336258333333,-118.3398819,0,0
cdece18c-6959-4b4b-927d-ec350469634d,34.05579758333333,-118.42556,0,0
fb1e4810-7e26-4f9c-b5a0-06cc34d950ae,33.9973526,-118.46405791666666,0,0
f0b2d4c1-7b4b-4b45-b4cf-ec227c07491a,34.069938666666665,-118.44203186666667,0,0
fb49d690-6c1c-4ccb-b3e6-59ac507dfa51,34.15484183333333,-118.45410816666666,0,0
5f2d2cda-4e75-4b3f-b59e-ad493650e640,33.99176788333333,-118.44454193333334,0,0
447a0743-39d4-4eaa-8a23-29ca272751d8,34.06632233333333,-118.44869231666668,0,0
cc8b3054-0eed-492e-85cd-22da807249ac,34.100368499999995,-118.33856963333334,0,0
a20427ed-a776-41cb-8f82-8c115e8771fd,34.03570666666667,-118.26085366666666,0,0
2a6e5a73-13ca-4865-9613-37d93b4d2ca0,34.10029601666667,-118.33904266666666,0,0
219651db-4a7f-40f3-8a01-ea28464f077a,34.10420583333334,-118.34172133333335,0,0
7c86ed0f-983d-46cf-b954-1cac341009dd,34.10030365,-118.33856963333334,0,0
92544f05-9bf0-4d60-8a36-06bed83c242e,33.984027866666665,-118.40243530000001,0,0
b3b147e3-91d1-4d72-80ee-0b3ba47929df,34.09794316666667,-118.36184566666667,0,0
745b0879-af7b-403d-a120-c783ad675476,33.997608183333334,-118.44805908333335,0,0
2a8b7795-788f-455b-acc1-e51a600cae33,34.09794383333334,-118.36185366666665,0,0
c3c70863-128a-41b9-aa32-23c8593e8c6c,34.09797668333333,-118.3618393,0,0
ceac71d8-4ce6-49de-9800-facef2d49001,34.011165616666666,-118.28845215000001,0,0
36d4f0c7-cc67-4c39-9981-3517e3799f23,34.0729075,-118.43393666666667,0,0
6dc545a7-a676-4e3a-8747-93636fecacbd,34.10174178333333,-118.30858611666666,0,0
acdb712b-b97b-460e-b94f-31d757516ba7,34.05511856666667,-118.27249908333333,0,0
50e99dc7-0880-4653-838e-3936b41b2233,33.94563293333333,-118.39646911666665,0,0
a73960a6-adbe-4772-86e3-7d5654e0937c,34.057441716666666,-118.44368743333334,0,0
d11fa9d2-69c6-4725-9b15-5c06647e9da3,33.96545028333333,-118.38552856666665,0,0
78c2a235-7a9a-4c61-bb50-d37e5889847a,34.04046631666667,-118.26309203333334,0,0
332cb7bf-b5cb-4a12-8369-81de3fdbe73a,34.03927231666667,-118.23129271666667,0,0
541a3fcf-9d17-4fe7-b15f-7ba9c3960c40,34.06119156666667,-118.44306183333335,0,0
8223f941-ece3-433c-a74e-407d0d4c3744,34.04026031666667,-118.23159026666666,0,0
29246ce1-1ca4-4215-af99-62a68ccafd52,33.99878966666667,-118.4664455,0,0
40e2a091-04cc-4f5b-9871-af6e1bf5e9f5,34.07046126666667,-118.44023895000001,0,0
2b2ce6bb-a4d3-47d6-9ea3-5e0ae1029ee6,34.0565033,-118.44261931666666,0,0
636404c5-b359-452d-acc5-b9fa70e4752f,34.04515,-118.26013999999999,0,0
275a3a48-ed79-4734-8871-59f86b4fc5da,34.028591150000004,-118.33287048333335,0,0
a251b011-1b80-4038-9af3-57317b4ef186,34.15636443333334,-118.43591308333335,0,0
b9985156-26d3-4b73-b16f-e1c4b765b670,34.06907653333334,-118.30650329999999,0,0
c28d74aa-a3e7-45c5-8a2f-c922c1238e94,33.954605666666666,-118.39599616666668,0,0
0d56c87d-e8fb-4657-85af-97946528ba28,33.95448303333333,-118.3959732,0,0
5299c210-9be4-4c4e-ba93-966a61e4e05c,33.95454025,-118.39595794999998,0,0
6d8335ac-e3c9-4516-b2a7-e3048776c35f,34.06245416666666,-118.44358650000001,0,0
4ef2c99a-2e9e-4478-8b7e-4e59a82ebe59,33.95589065,-118.39600371666666,0,0
803f9609-ec37-45fb-9fb5-52456e2b4bf8,33.9559021,-118.39601898333333,0,0
eeff20ff-72bc-4b06-9e6f-8bdb546edf54,34.04979,-118.24924983333334,0,0
5298eeb9-d5e7-470e-aacf-cdc0e01d1487,34.157615666666665,-118.35414123333334,0,0
d548aef6-7c80-4ecc-b7cc-d6c630142777,34.05882263333333,-118.43924713333332,0,0
940273bf-3c2c-4085-bb0e-5079820c5ae9,34.05804443333333,-118.2525711,0,0
68f2e9c7-4f86-468a-bc5e-ff2b3169c3c1,34.0414772,-118.25827026666666,0,0
b17e9dd8-909e-4e78-91de-5a93fc864a15,34.03959275,-118.26611328333333,0,0
13ca394c-9190-45de-8715-7800d9224083,34.10041808333334,-118.33689879999999,0,0
754bde78-0aca-4cf2-9e24-4c2ce3ce0f50,34.10536666666667,-118.26021383333334,0,0
ebbc5a53-e015-4642-8e57-9dea01c7c748,34.09486008333333,-118.34513854999999,0,0
436a47d4-6e9e-45ea-97fd-fd3e3d01e10a,34.04180145,-118.44875335,0,0
63869b60-85d5-4562-b8db-7f10d25d7b49,34.04543305,-118.26551818333334,0,0
51fe1823-0236-44c5-bd07-65cf9a4c38da,33.95338821666667,-118.39205933333332,0,0
4d44a351-1cf7-451c-b961-ee8b1985c36c,33.94557953333333,-118.38206481666666,0,0
c391214d-0bc6-48d2-858f-a686dddc049f,34.06451083333333,-118.26837433333334,0,0
1a15304c-7a46-44dd-856c-c54294d6d6fb,33.95967101666667,-118.3964386,0,0
9dd75352-23f9-4dd3-8624-c1888ae11328,34.032615666666665,-118.36483765,1,0
2a2025e4-a329-4c2f-a1e0-a7dc7597c293,34.065433500000005,-118.45165253333334,0,0
c9ae5dae-2888-4b67-a57e-f98fab17b376,34.10176086666667,-118.30757141666666,0,0
1d105741-a4fb-4c80-9b1e-af3cac0828f3,34.0979538,-118.36135101666666,0,0
f54a444c-1412-4441-ae13-7ec4524484da,33.993393,-118.41267699999999,0,0
206658ad-6bf6-4df4-a7c0-56a782bf713d,34.0390605,-118.22353366666667,0,0
de36026b-c1e3-44f5-8a67-27a0844d58b4,34.05700301666666,-118.30210876666666,1,0
acc7ee14-c35d-4a92-ac90-f6bc2441333a,34.045513150000005,-118.23749541666666,1,0
cae7ec17-68a5-4d82-b7d2-9cf307335327,34.06422805,-118.45131683333332,0,0
e94b5177-766d-446f-9c22-b5afed6266bc,34.0758133,-118.25498199999998,0,0
4a51fe59-695e-4f1d-b834-57427e55f0b8,34.06698608333333,-118.32717133333333,0,0
46decde5-bb61-4962-ade1-e8cd9093c9c6,34.06282806666666,-118.44841766666666,0,0
4016644c-b839-4984-9d4f-42b7052514f7,34.051696783333334,-118.38336181666666,0,0
124bda9e-823f-4aa4-99db-c1d81f7a4ae6,34.06285095,-118.44844818333334,0,0
b8345832-4fb2-41ee-88d6-e0434afe1ec3,34.06008911666667,-118.4465332,0,0
15ac29ad-bef4-42d3-8b69-e7e883c104c1,34.083885200000005,-118.35621643333334,0,0
1ad3632c-484b-426c-a4fc-810822a9e940,34.02796555,-118.39038848333333,0,0
a92c5a13-286b-48f8-ba27-e5779bd340f6,34.03259658333333,-118.37012481666667,0,0
b60b2f99-0916-4236-8640-8264f44022f7,34.04458236666667,-118.2596054,0,0
9bec763f-fca0-48bc-9464-efb95d278897,34.017745966666666,-118.27094268333333,0,0
d10ecfc8-ce15-4f53-a6b2-4af857bad566,34.06337356666667,-118.448555,0,0
91408015-22c4-49a9-b1e8-986ec0bce9db,33.97935486666667,-118.46646881666666,0,0
717a7e99-2b40-4f11-8fc4-2b95265163d4,34.034329166666666,-118.41030466666668,0,0
6a9c2490-24ae-42a9-8010-4cae2cf7564a,34.04383086666667,-118.36900329999999,0,0
d7b0a77a-79ab-46ec-8e74-bbba7ce5f68c,33.96596145,-118.4165268,0,0
587b6c62-10d7-4016-a901-48b354575f3b,33.96595763333333,-118.4165268,0,0
5a66c42b-7a56-4639-ab94-810186619b6a,33.96593766666667,-118.41653466666666,0,0
c853b3e8-a5f7-4afa-b7e8-dc49979b8e35,33.965953166666665,-118.41652133333334,0,0
9b43d224-b53d-47a9-be53-250c85273928,34.04957961666666,-118.25915526666668,0,0
6d1728c6-d3b3-45c4-9133-ca85f3a2dca6,34.06206131666667,-118.44823455,0,0
d8a3161a-6f23-4a0e-b07e-54a05f462575,33.96121215,-118.4187088,0,0
0fa81012-4174-4680-a8f5-28a73c0d7d79,33.99715805,-118.46018981666666,0,0
5bf8799f-69e7-47e2-adf6-49064f2cd9e1,33.954578399999995,-118.39588928333333,0,0
228ca384-2fac-467b-8599-80c1c436d160,34.039890283333335,-118.26173401666668,0,0
74accb99-8939-4420-9c9d-ec0ee5336c6b,34.047458649999996,-118.26349639999998,0,0
ad856712-8395-481e-a4b3-84664b7513d9,34.06974411666667,-118.44490814999999,0,0
b5a28259-0ed1-4b9b-97fc-8b394c84a8f3,34.04467016666667,-118.25965483333333,0,0
240fcea2-b806-49e4-954d-6115c3e909a9,33.985446933333336,-118.46956635,0,0
54aa6966-7e8b-49f1-9c24-ba8c829e9874,33.99489593333333,-118.45063781666667,0,0
a30fdc69-eff0-4a9e-a341-3b9848b0a596,34.0607872,-118.31430053333334,1,0
768be288-b131-4283-beef-b0f263e42d39,34.069904333333334,-118.44377136666665,0,0
0b90d108-e0be-482f-8e9f-903a272b4705,34.06178283333334,-118.44802093333334,0,0
8aafef41-0c35-4521-9a4e-98f412497c58,34.065368649999996,-118.45077515,0,0
d8fdbd64-5ecf-495c-b0c7-50b04cc21177,33.9866829,-118.46123504999998,0,0
d064ea6f-b6ab-4572-80ae-c7ffcd43d66c,34.099616999999995,-118.3284607,0,0
adf9adaa-cf72-43c4-912c-dd552516f4f2,34.071834566666666,-118.44969176666667,1,0
503961cb-8bd2-4fca-9a55-f84f62bd223d,34.10523223333333,-118.33462525000002,0,0
942b1fcd-fcad-4553-9c49-7201be6aa835,34.059827166666665,-118.44847583333333,0,0
8a172c19-b8d2-4756-8d56-482bc8f13d71,34.05586483333333,-118.27022666666666,0,0
12fd15d0-7fc4-4209-9032-1ea3458bae20,33.988163,-118.45587921666666,0,0
d155a91c-4650-4cb0-b836-aac2ddc35a9f,34.0426941,-118.43428039999999,1,0
90759235-7b1f-4a9f-bc13-6627983f2a77,33.959743499999995,-118.39708710000001,0,0
93787360-d06c-4508-b610-9a461a47c8ae,34.09986876666667,-118.32830048333332,0,0
e71f3313-8625-4a10-ac64-19ac93932f35,34.0617218,-118.30766296666667,0,0
61a155bb-ab4b-44b6-9c89-804e3da1a6d2,34.0618675,-118.30754733333333,0,0
1a1d9d3b-0ff2-4eb9-954a-a4f125393586,34.061851499999996,-118.30770111666668,0,0
bda09991-930e-4b6f-96b9-298c5fe82e9c,34.04463195,-118.23272705,0,0
c5b1ed2f-3e24-4a2f-839d-7846589c57ea,33.953532833333334,-118.39639566666668,1,0
0668ef69-da7f-4967-a682-101f5554a287,34.061818333333335,-118.44661416666668,0,0
7f1db614-f293-4de9-9a37-7e5f0c068b3f,34.04111861666667,-118.26462555000002,0,0
37d432bc-bc93-4fad-adcb-4c78c5d30707,34.060009,-118.4480133,0,0
249a54fc-e12e-43be-881b-3b3ce8d3b64d,34.069545749999996,-118.45503998333334,0,0
cf0197d7-795d-4d69-9a89-7671bef464c6,34.035770416666665,-118.36043548333333,0,0
e71114cf-f83e-480f-b819-834e693d62ef,34.030796050000006,-118.38614655,0,0
fc40b119-cd66-4b9a-bca2-045187d3813c,34.060447700000005,-118.44923401666668,0,0
891414b3-4ac4-4fdd-9fa5-ac2ae60beba0,34.0997963,-118.32759095000002,0,0
800720f8-317d-416b-9b83-41af9bfce55d,34.016849666666666,-118.42102483333335,0,0
0ad5c490-e94f-4444-80dc-148d5ea8f011,34.04557916666667,-118.45485400000001,0,0
fbcaf048-5cc3-4f70-b3dc-94daa91ef55a,34.027507783333334,-118.2064743,0,0
44f89ab3-0f9b-4da7-bdcd-071f85330133,34.04407501666667,-118.26206206666666,0,0
24fb9536-ba7d-43ed-8718-69724a134b2e,34.045093533333336,-118.26279449999998,0,0
e1e144d2-8479-45ae-8418-3d1142af6cb6,34.0618248,-118.29099273333334,0,0
e68f7a22-042b-4208-a5a5-cd77b3388673,33.95352555,-118.39640045,0,0
2c7df16c-35dc-4dd9-ae02-388b9f8fd3ac,33.993072516666665,-118.45037078333334,0,0
4eecd00a-c352-41bb-bae7-ff112ba00bb6,34.087150566666665,-118.34436798333333,0,0
168b416e-5391-43ed-9f21-c44990eabc34,34.053134916666664,-118.39533233333334,0,0
a2f563f3-3321-4e0f-a6f0-a65e8313b2cd,34.032436366666666,-118.38731385000001,0,0
d420bf5a-5bb1-41b1-8eae-5321f3330d33,34.032463066666665,-118.38734436666667,0,0
62abe906-2057-4d69-bb1c-b0ff2ed6f732,34.07044716666667,-118.45196916666667,0,0
cefd42d0-018f-4113-a90a-54e2be3dca5f,34.087126166666664,-118.34496050000001,0,0
e12f9971-62eb-4cd8-b883-c203712b8527,34.08713616666667,-118.34495783333332,0,0
3eb7bd03-87d4-427c-b2cd-25c130661619,34.08717266666667,-118.34496866666665,0,0
2d79d51b-46bb-415a-ac35-1dd2f5088514,34.08714166666667,-118.34497133333335,0,0
8c8f70c5-1d92-46f4-84c8-a5cffc99c89c,34.08714066666666,-118.34497266666668,0,0
b5dd9d37-48f1-4b33-9389-86c14be4d24e,34.08716583333333,-118.34493255000001,0,0
9c5e3acc-9162-4ab4-b920-f672a68cdf62,34.0476265,-118.25050353333333,0,0
3abba63b-5170-49b8-bc9d-3a12950b818e,34.066390983333335,-118.4521408,0,0
bfeffba3-4722-40d3-9da6-bfa4f114ac3c,34.06538391666666,-118.45068359999999,0,0
bc6bfd90-2a25-4676-bc52-bbcecc954dbe,33.9983139,-118.43901824999999,0,0
00e50e69-3632-4a0c-b62b-fa94d83e9b63,34.04486465,-118.46142578333333,0,0
e4263c18-fca9-4c42-96fe-7a435680b109,34.045715333333334,-118.26187133333333,0,0
039ed40e-90fc-4cec-9a3c-2dee56d938ae,34.04581833333334,-118.26194763333334,0,0
08d6b15f-c0dd-4936-b815-50593695240b,34.16215515,-118.43024445,0,0
6e181309-10a4-48cb-a475-4f4039467581,33.98296738333333,-118.46835326666665,0,0
4f474e14-1028-40f3-88c9-2158797c298e,34.09841156666666,-118.29489135,0,0
55a0cd3b-5dc7-431d-a8d5-748ee75f8e8a,33.959762166666664,-118.42375633333334,0,0
a95cef41-f0b1-4411-b084-08a280912f70,34.0457077,-118.26179505,0,0
1ebe187a-32e8-4e52-8fbb-031aafb2d5ab,34.04580688333333,-118.2617569,0,0
9b0cc468-48f7-4505-a0cd-e7e70885270c,34.03297433333333,-118.268886,0,0
e3bfbf56-28fc-442f-9762-ca04a1286549,34.069549566666666,-118.43863678333334,0,0
f837aa6e-9f10-4e44-b694-b49bd6d579f5,34.05095291666667,-118.23272705,0,0
a9dd0400-bf48-4d94-942a-774dc5110279,34.093494416666665,-118.34045409999999,0,0
df0b41f8-4274-4ec6-a4ef-18205fa8a6c8,34.06515121666666,-118.45085143333333,0,0
4fbf6e75-8091-4f84-8e93-23d6f9f984d1,34.08317946666667,-118.37318420000001,0,0
08d06782-6f58-4e18-8a44-82c7ab2cb53b,33.98662566666667,-118.46124268333332,0,0
70b5ff3c-fb09-4245-9448-a8389e7d0ebf,34.086978916666666,-118.25081635,0,0
6ab246a4-e61d-4106-82f1-a4d55e742dbe,34.06962585,-118.45272826666665,0,0
fa7a7234-9d97-4504-b64e-5346c42cd339,34.09629821666667,-118.32718658333333,0,0
e2e273b9-092f-44e9-893e-05971092ee10,33.990310666666666,-118.45915985000002,0,0
89426590-3e6c-4deb-9f5c-eb8f81668d3b,34.099708549999995,-118.33099365000001,0,0
6bee2758-a703-491d-ad4b-fde7563c533b,33.959964750000005,-118.43595886666665,0,0
8ba54fb1-a2b7-4356-9e50-186486d626c9,34.03905486666667,-118.26125335,0,0
6022abe8-4b01-4648-a6c8-8251b0202d52,34.05875183333333,-118.42170683333333,0,0
efd9e0fc-95a9-4c2c-8b1e-e6c150fdce82,33.96252866666667,-118.42187100000001,0,0
30ff4c9d-17cb-445f-936b-6f10bccfee20,34.03471733333333,-118.43847016666665,0,0
88b970b8-89fb-4a22-9081-e35d41d4c3f6,33.96943665,-118.40280915,0,0
e40400ad-8a02-4d71-84a9-12271dccfb56,34.06004333333333,-118.24322509999999,1,0
78bb4c31-55c5-4597-b1bf-ea3b000af396,34.09793833333333,-118.36467666666667,0,0
18713f90-8e13-4602-94b1-cff4951a6cff,33.97935283333334,-118.46221716666666,0,0
08512eab-da32-42f0-983d-653ec4e4bca2,34.05930328333333,-118.25730896666667,0,0
9ff66b9a-be2c-4e58-95b4-a2e3f77d8109,34.016340666666665,-118.36489766666666,0,0
171de076-04bd-420d-a658-b6d97f4416d5,34.03250885,-118.38214875,0,0
62fdbaad-a169-4c4d-a409-524cd1f1d80c,34.04904175,-118.43849944999998,0,0
c4a619df-cb8a-4898-9b51-ddbbd025ccd8,34.03340911666667,-118.22911835000001,0,0
38ae54b0-9f22-430b-bf4b-73e910b5a4fe,34.06835938333334,-118.45309448333335,0,0
429130d2-0054-4e8d-87c7-4a4acc2c941c,34.078502650000004,-118.26103210000001,0,0
69ca7bbe-df3c-48e7-9d7f-6683cd4adf9e,33.98395538333333,-118.43801116666667,0,0
4c6c81bd-9cc2-46a7-a87e-121cb1d04428,33.98423385,-118.43779754999998,0,0
526ab050-ffe8-4e2d-bac6-1dd102e18f35,33.98399353333333,-118.43808746666667,0,0
fd8c7111-7f1f-482b-8396-77aa5c44b21c,34.06180953333333,-118.44812775,0,0
480ea9b9-e1dd-4a25-8014-14e38a89c978,34.06935501666667,-118.45213318333332,0,0
85a80a09-5b55-4e2f-a5ab-f17750bc435b,34.04425811666667,-118.26154326666668,0,0
29861c2a-8929-44b0-b0ec-97c6a3c026cc,34.103435516666664,-118.33298491666667,0,0
e75ba89b-d22e-4195-aa49-a2c6d6ba40a0,34.10340083333333,-118.33306933333333,0,0
d7e63d3f-0b82-416e-9a6b-d8b01fd6688b,33.987869266666664,-118.45264434999999,0,0
0c9d6c66-84fd-4fc0-8a91-33f13f4e6ba6,34.0732956,-118.37744140000001,0,0
182fb2ea-5dca-4901-b2b9-0db09aa09ccb,34.084083549999995,-118.36205291666666,0,0
e7f0487d-7712-4589-af6c-f29ea6362686,34.04476546666667,-118.25318145000001,0,0
8c7fa2aa-569d-4f93-beb6-d3126a97c345,34.043704983333335,-118.26509856666668,0,0
f87c8f73-546f-4da4-8ad9-2fc751a59f64,34.103351599999996,-118.33309173333333,0,0
21d9a632-99f5-4349-aa12-4eb0f2775442,34.09234238333333,-118.25271606666665,0,0
eacae866-b738-4ccf-ba9f-8f0be4844ae6,34.10338973333333,-118.33304596666667,0,0
0a7a759b-3522-4d70-9195-5caef0be9008,34.10341263333333,-118.33312988333334,0,0
28868f52-f0fa-461e-8b54-68c8a21ea204,34.10338973333333,-118.33310699999998,0,0
b9b0c1c7-3508-46e2-a2db-e3f11771efe8,34.04183196666667,-118.23387908333333,0,0
962afe2f-77ad-4fde-8fb3-3ad94a85d9ec,33.99572753333334,-118.44895935000001,0,0
43b7d58f-f609-4923-b6ab-4220b9ad255f,34.057346349999996,-118.44363403333334,0,0
202f3825-2ab5-4767-8650-6051aff7db8a,34.13669586666666,-118.38866424999999,0,0
bab19f7f-5f5f-418f-a4f8-a9f952938553,34.08320998333333,-118.34411621666668,0,0
de1fc830-ebae-4de6-9d99-33d76c4b7535,33.98479843333334,-118.45864105000001,0,0
41eb5974-5ba0-46a2-b303-a37de348823c,34.06947708333333,-118.45199585,0,0
671664a8-6ef3-421f-86d9-58561f90e1ef,34.04517365,-118.25984191666666,0,0
5233d275-6c31-4d51-b8dc-18a8f3bd7681,34.06105805,-118.28922271666667,0,0
db808779-2e1b-49e4-9ef3-501612d4b869,34.04218673333333,-118.24832153333334,0,0
665b015d-9f02-4662-9150-733a4f0acac6,34.06079483333333,-118.4444046,0,0
3bbc3142-1d16-4096-a62b-5e5949c6c7b2,34.014732366666664,-118.41849518333332,0,0
17fff34f-2ac1-41c5-9295-42c9c8b4ab55,34.041111,-118.46111298333332,0,0
7933432b-b7c3-4d71-85ac-9b6775a616c9,33.978199000000004,-118.46436309999999,0,0
eba89a2f-4888-4e48-b656-65f5f7202fcc,34.03002216666666,-118.40037616666665,0,0
87c370cd-f2ab-428a-9a4f-4a260ffada0c,34.076301566666665,-118.34986876666666,0,0
f53236d5-2d1e-47d2-a5b7-459b3db2c414,33.99898528333333,-118.47647094999999,0,0
d292ed74-36d0-4c0f-ac15-6acad02a5442,33.989765166666665,-118.46258545,0,0
9dbfcf28-a80f-4e27-b2af-cf4936e792cd,34.04715566666666,-118.42959966666668,0,0
9a337d00-675a-4c4e-a28a-66999a1ab3ad,33.9606018,-118.44534301666665,0,0
bbac6096-1fce-495f-9695-eb7ab1da6dce,34.01560211666666,-118.41290283333335,0,0
d19b5c4a-c99e-48c2-9720-5a132bf4f5eb,34.07460403333334,-118.43606566666668,0,0
6755208c-8d3d-44b7-9604-f287b2323404,33.986019133333336,-118.47163391666666,0,0
9666c349-6486-45e2-bacb-c64df08f9b25,34.073539733333334,-118.25016021666667,0,0
fb281667-fe7b-4c4c-b47e-ee973b7b9e8b,34.026996616666665,-118.44469451666667,0,0
deea4ab2-2430-4dfd-b0e8-77d139112368,34.01896286666667,-118.40697479999999,0,0
fddbc420-6471-4248-8624-ccbd8cb8b0f8,33.99996948333333,-118.47064971666666,0,0
aeae338f-19d6-46db-bc19-68ccfc9e05c3,34.043174750000006,-118.26132965000001,0,0
bb0ca391-1507-4782-b91f-966d90d77ff8,33.97310256666666,-118.390419,0,0
45db4193-a945-48ab-b029-04011d956c64,33.97770691666666,-118.40007781666667,0,0
154fe227-bcb1-459a-9820-fbc4eefb361d,34.02947616666667,-118.2889862,0,0
5f4bd468-0dbf-438a-a1dc-eddc0c63a922,34.06047821666667,-118.44760131666665,0,0
01aa8419-5e61-4f14-8599-2c5634e5c8b4,34.1602478,-118.46467589999999,0,0
c9d6a703-1407-402c-8d76-0adea90dc430,34.03315735,-118.25849151666668,0,0
0e51f875-6b76-45f7-8dfb-111adb758161,34.085186,-118.2530899,0,0
f3d2cd53-5b29-4d6c-8ac6-c73132f80fc5,34.04663086666667,-118.27587128333334,0,0
d2b00264-7e5f-434a-a3a4-d206fd7f0e33,34.011821749999996,-118.41992188333333,0,0
ec2c215f-d8ee-4ac0-b0d0-cb9d9f727f59,34.04395675,-118.47038268333333,0,0
1e4f25d8-fd1f-4b18-b31f-b540b5df5da2,34.01773453333333,-118.40908813333333,0,0
84532eb6-10f9-41bf-8bf4-66dfbdcbcb0b,34.15919876666667,-118.47602081666668,0,0
d4b333b1-1699-45f2-9669-a7a8c4072259,34.06171798333333,-118.44799805,0,0
6581eef9-ad59-44b1-ad36-47eb41bd7433,34.03510285,-118.28894806666668,0,0
cd8da532-a19d-4a69-a327-ee4b1561b820,34.17176436666667,-118.45760345,0,0
9285d074-8a4c-47e6-a728-04262d18b376,34.0652504,-118.45162963333333,0,0
0919899e-089d-4617-870e-e8989a0240f2,33.98705673333333,-118.45961761666668,0,0
8c9a8b8c-2487-4b87-b3ce-a50c5c89cdef,33.95970535,-118.4359436,0,0
62374d16-288f-44b9-b841-44aec8a1f12f,34.04003143333333,-118.23288726666667,0,0
e3b86430-0fa2-4812-a8c4-4adf65c83148,34.06001663333333,-118.44263458333334,0,0
8dfbd4ab-daec-43fb-a9dc-36e989b43564,34.019489283333336,-118.29400634999999,0,0
2a401843-9811-4a71-a919-13d019481cad,34.049316399999995,-118.2388382,0,0
45453b85-5140-4953-8484-fa91e0c8cb9f,34.04242325,-118.25614166666668,0,0
1c176b9f-69f4-4fe3-a8a9-c8749998b878,33.98303603333333,-118.47029113333335,0,0
22605469-8d05-44f6-93e0-807be23a9b67,34.066658016666665,-118.45343018333332,0,0
77b56c3d-44f8-4b19-bd85-0a5a5bdc848f,34.06088638333333,-118.44158934999999,0,0
615f20e2-8710-4dc0-beee-c0aeb0a24606,34.06196213333333,-118.44401549999999,0,0
9a15654d-eba2-4cb9-974c-ad95ed663a26,34.0516243,-118.4331665,1,0
31384a44-3221-4083-8110-d49aa5cca16d,34.02278136666666,-118.33685303333331,0,0
18d33bc8-4b40-489e-83b0-c76fbcf626e5,34.028892516666666,-118.28347015,0,0
fcfad3dd-dea3-4804-8332-1b92c9bd970c,34.06184005,-118.44667053333333,0,0
bdf9622a-bf66-48e8-8d04-190f7c3b5211,34.06155776666667,-118.4484787,0,0
0f549f91-00df-4aa9-b4c9-af32b9ca0c93,34.062725066666665,-118.44537353333332,0,0
d339db5d-edd0-4c02-a187-9fa582ed54df,34.04574585,-118.2100296,1,0
0b3ebca2-d2bc-4e73-a8de-ee5b5cc9769f,34.03863143333333,-118.25430298333335,0,0
ac9873dc-9d62-401d-bdb5-4f62e87d4449,34.04410553333333,-118.46366119999999,0,0
27fe1471-7a92-4835-bb75-e2627d94be4a,34.05634308333333,-118.23735046666667,0,0
69d4e370-2d2d-4d54-b56e-c132147ebc02,34.03832245,-118.26352691666668,0,0
668969a5-700a-4480-a11c-aefc57432103,34.053684233333335,-118.42282866666667,0,0
26e4fa55-2b25-4b70-8485-1ac12acfbae6,34.046073916666664,-118.28314208333335,0,0
55cc80de-82a5-4933-90ab-6252086d0b08,34.01593398333333,-118.34868621666668,0,0
220811f6-424d-4110-85ee-1a13b3502997,34.06072998333333,-118.24075316666668,0,0
8808be3c-bb38-4c06-b849-f5ceba2e8859,34.0681305,-118.42977141666667,0,0
b9c71757-7711-424e-adde-169aa2353c8b,34.0195427,-118.25119781666666,0,0
ade3aaa4-1bc7-409f-8ed9-994413bcfb29,34.055850983333336,-118.44330596666666,0,0
125de92a-f9a3-4f36-9f5d-031b09f0d3b0,33.989646916666665,-118.28286743333335,0,0
1c28c91e-3855-43f7-96be-adbaf8bf319b,34.018974299999996,-118.40699005,0,0
ab6337b0-c3cf-46b8-b955-029dd38b0413,34.23569,-118.450352,0,0
598c30c1-0db8-48ad-99b8-4ec70633b19a,34.054252616666666,-118.4433899,0,0
021a6648-3ce6-4055-b4ca-c69930e793f3,33.97406386666667,-118.39713286666665,0,0
794d3436-9048-4f0f-8e5d-987f9f2c35cd,34.020267483333335,-118.40400695000001,0,0
1412be36-5d99-4c4a-b670-e952a6e73e3b,34.06407928333333,-118.45270538333334,0,0
067d696b-5e09-47a8-a4f4-e9c645d175a3,34.1695137,-118.44889831666666,0,0
df9e9925-4a62-4dd5-8dfc-fc4a0d971f38,34.022670749999996,-118.4003601,0,0
77b8b0b1-a4bf-4c7d-8290-aba0d2456096,34.03100205,-118.36635589999999,0,0
38efcbd0-51a4-4334-9522-6c39dc71db55,34.0667572,-118.45082855000001,1,0
70b2c3e7-beba-4ccd-872c-b2a44a147aa2,34.069221500000005,-118.45372771666668,1,0
5daa914b-8117-42ea-8009-3f6cf1724dde,34.09703063333333,-118.46226501666666,0,0
a90172fb-7d75-44ef-8e5e-a88dd274ec59,34.099685666666666,-118.3369217,0,0
70c34377-8fbe-49dc-bbe9-e19cc1e084f1,34.0617218,-118.44651031666666,0,0
080a6203-f5dc-4f30-acdb-c7b4bcf0cd77,34.14845656666667,-118.45072173333334,0,0
9b0f7bc5-d6d1-4721-9f4d-999bc842a596,34.05041716666666,-118.24863783333333,1,0
aa69b6b3-20d8-4480-8f2f-21d6fd2b2779,33.95341491666667,-118.39646911666665,0,0
655c7b74-b596-4643-abc1-17f983c692dc,34.04199981666667,-118.25964354999999,0,0
f273b846-92f5-43e8-b347-dfa0e74384ef,33.98170853333333,-118.46288299999999,0,0
018ae9ee-1bf7-42d9-ada0-c9997382b6bc,34.066150666666665,-118.45336913333334,0,0
1964882e-262d-4907-b5f1-57bbd7f7c302,34.14588546666666,-118.41786193333334,0,0
07e8f5d7-33c8-4ac6-9929-2d2015c51f9d,33.984992983333335,-118.47154236666665,0,0
aafdb2ed-eaa9-47bd-88f2-37ce74282043,34.05055236666667,-118.41006469999999,0,0
3ad87b10-5d1b-4c1a-8f67-8691e00786e8,34.026664733333334,-118.37171936666667,0,0
0d3ce680-8e42-4520-8b2f-f3a5ea497c00,34.06767655,-118.45259095000002,0,0
71c32481-70d8-4d00-8f87-1ba0a9eb6424,34.062812799999996,-118.23571776666668,0,0
b4628763-ccb9-4730-a746-c86d6b5d4a29,34.04407501666667,-118.43262481666667,0,0
6ec5ecb2-ce75-4679-afcb-c77b5ed8fbe0,34.045688633333334,-118.25944518333333,0,0
ea701eee-8432-4e2f-817c-9f4e2c251315,33.959362033333335,-118.39641571666668,0,0
749ee367-9f19-459c-9e0b-e687af6bbbf9,34.040737150000005,-118.26739501666667,0,0
ce9585a5-d489-4c8e-968e-891831fb48c0,34.07165526666667,-118.45237731666666,1,0
0eafa827-5c3e-41ff-8ecc-72ce249d2d56,34.029609683333334,-118.41172028333334,0,0
9e53158a-c3ff-4308-b8f9-a8dce6c50ae9,34.04976273333333,-118.26657105000001,0,0
3b244033-9b70-48b8-8ea2-586fbc4763a9,34.066364283333336,-118.45327758333333,0,0
133d9ebd-2f3a-437d-a4f2-e03d731d1aee,34.0453186,-118.23193359999999,0,0
a19001e6-a73d-4cba-8feb-b745aafcf51f,34.037868499999995,-118.44970703333333,0,0
cca299ff-d8cd-4b1d-8483-e2b60ba2a9ab,34.060676566666665,-118.44173431666668,0,0
9ed4ee9d-8a73-42c8-bd35-2f21733eb2a5,34.035018916666665,-118.22473906666667,0,0
44905e81-06d3-4b43-b775-7b0aab89ba68,34.159900666666665,-118.47485351666667,0,0
791198e5-a3fb-4895-b38a-ed7fd0ee0efa,33.96383285,-118.43157196666668,0,0
f5ce4cb2-47b6-41bb-856c-030f75017d3b,34.07944488333333,-118.269104,1,0
be2108f7-9464-40fd-b9b7-4388c5f07441,33.987720483333334,-118.45464324999999,0,0
d7e6b148-a286-4fb5-8c2b-e6c5e3bf95d7,33.95258713333333,-118.3855896,0,0
435213fb-2d19-4230-94e1-72710ceffd12,34.06629561666667,-118.45133971666668,0,0
e304d706-4854-46de-a72c-5d3ca7e774ad,34.06048203333333,-118.44159698333333,0,0
c11bb3e0-f99b-445d-832b-74319a45563b,34.04515075,-118.2347107,0,0
06b22973-2771-4aec-b8f7-38f6f1b6c615,34.04885865000001,-118.37483978333333,0,0
7eab2215-f2e6-42d7-9318-37a534a04025,34.0454483,-118.45166015000001,0,0
cba5a97c-a6e0-4dfe-b377-830ff6d5192a,34.061065666666664,-118.44249725,0,0
2ed8043b-f076-4212-955b-1813922c1b37,34.06316756666667,-118.44130706666668,0,0
df20591a-6c3c-42a9-9948-af66ed9c9ad2,34.0626297,-118.44034576666667,0,0
8205b509-0a83-4d16-9c8a-66515101aabb,34.06583023333334,-118.42801666666668,0,0
038628b5-cbde-4b83-bf5d-bc5212b41fd7,34.16129303333333,-118.45851898333333,0,0
e5203691-6cb3-4c26-9b7a-1679a23dc487,34.0407753,-118.34753418333334,0,0
39d70154-3c5d-4096-b0bc-e99a1ba766cf,34.06605148333333,-118.3015747,0,0
2bef5209-8cb0-4c0a-a20f-b30f6b054685,34.017738349999995,-118.40905761666666,0,0
380bf9a0-4d9f-4439-81c1-8a1757f4e844,34.06217956666667,-118.44307708333332,0,0
11b31094-4f1f-4f79-9830-c7219eaeed7c,34.058547966666666,-118.26901244999999,1,0
b3ee5146-5389-41ca-96f6-71671a21f8f1,34.02028656666666,-118.40444946666666,0,0
59f25d27-42ec-48ac-8091-28f146755f19,33.94537353333333,-118.37076568333332,0,0
d65aee2f-71d6-4055-a4be-ba7fae2182da,34.02962111666667,-118.31985473333334,0,0
d8295945-a585-4697-b42a-fd73bb23c748,34.062293999999994,-118.42321776666668,0,0
ded21ac9-173c-4c86-b4ac-bbe955ad99b2,34.03071213333333,-118.38616943333334,0,0
56f523c6-e505-417b-9496-f22c3712af8b,34.032733916666665,-118.32815551666665,0,0
a7a77874-1cbb-445d-803b-d00b7b79e3f6,34.04585648333333,-118.2339096,0,0
9481a989-7c4c-474d-9940-09dd4a05d718,34.01294708333333,-118.34453583333334,0,0
9dadf8c3-0402-4d80-82b1-ba62d047cfba,33.9701004,-118.45574188333333,0,0
fab2bbe3-6492-467b-8803-3666bb2ba8a4,34.047916416666666,-118.23963164999999,0,0
482a1800-90e5-4d33-8de3-876bedced8e0,33.95177078333334,-118.38486480000002,0,0
2a593a03-65d1-4ede-bcdc-8f5e6bece72e,33.946224216666664,-118.38596343333332,0,0
14d2719e-85dd-4eb7-8f3a-ddcde2e3a85d,34.17173385,-118.45754241666667,0,0
09abe980-2f66-44e1-9a49-bea5affc8553,33.96498871666667,-118.40636443333332,0,0
ab624622-bc1f-406b-83d6-4b991633f3fe,34.0008316,-118.46705626666666,0,0
3321b3c0-5c18-426d-9bf1-f3950fab1690,34.022041316666666,-118.40153503333335,0,0
d61c3d44-8566-4b73-b162-a45d84c95246,34.067207333333336,-118.42902375,0,0
824b6a92-493d-4d15-b6d3-966434c9399d,34.048633583333334,-118.24036406666667,0,0
148421f4-50b3-4712-a487-4ebbc6474b51,34.06570816666667,-118.21528625,0,0
a8edc52b-8a2c-451a-9bc0-471e0c0302aa,33.98275375,-118.46106720000002,0,0
67a69abf-bc2b-4bb0-8ddc-15c8175760bd,34.1577568,-118.4925003,0,0
3d6f1381-a8ea-4a98-a1ce-84a6784ca521,33.95872116666667,-118.44942475,0,0
cbdcced2-d439-476a-8adf-f99c6bf8c012,34.01951218333333,-118.40126800000002,0,0
f62d382b-06ca-40c8-af1b-2fa1ad657f58,34.06550598333333,-118.45302581666668,0,0
41d9098d-5585-435f-9396-a51564836450,34.0557518,-118.44355773333334,0,0
c871e945-9645-493e-bd2c-5e82869a229d,34.038150783333336,-118.23423766666669,0,0
67469116-8f5d-4a60-be19-da67299bedb7,34.04566783333333,-118.26540716666665,0,0
be95ca62-c414-4af7-9a37-3b5011f3b524,33.95615005,-118.4342575,0,0
2bc3749d-90c2-4aa1-b314-b3133f27fbed,34.05969238333333,-118.23892211666667,0,0
b733ef57-e75a-42bc-af34-1341889806b1,34.02253723333333,-118.32822418333332,0,0
951a9b35-05f3-4240-8117-a014efef6f2b,34.04263686666666,-118.42337798333334,0,0
775fd416-7a8c-4bf2-a541-9b32876bda1d,34.04096603333333,-118.25983428333332,0,0
cff9c819-5901-4f12-8e32-b98a57b09ae3,34.05970763333333,-118.23884583333331,0,0
9bc13962-faf3-4d55-b2a1-9bab85152522,33.986015316666666,-118.4716034,0,0
bddf623f-4ad3-4c75-aece-6a12f11e85ec,34.059721833333334,-118.23892016666666,0,0
cc0de9e2-992f-44f6-8acc-a49ca0be127f,34.05553055,-118.44439696666669,0,0
3b1b9235-1ab9-4bbc-947b-1e0830d08439,34.059356683333334,-118.28189849999998,0,0
8b3b484c-967a-4c6c-ad98-23437eb57809,34.10011291666667,-118.32315826666667,0,0
56651165-5561-43c8-bde0-a953003f5374,33.958393099999995,-118.39810943333332,0,0
09249c05-5657-4f3c-8e16-c04527e3eb76,34.02686691666667,-118.28611754999999,0,0
6f4422fb-3b87-417c-aaa0-f4a9da60e74a,34.02202606666666,-118.40140533333333,0,0
a298730a-cfa6-4e47-a5ab-d3d99b03a787,33.9977417,-118.46128081666666,0,0
f4acf24f-95cb-4a56-ba78-2b9331c8a769,34.043170933333336,-118.45404814999999,0,0
75340926-49e0-4634-aab2-21e7d87167a3,34.039165499999996,-118.25749206666666,0,0
97dfb690-9ef3-4a60-986d-1ef7c21baac5,34.02597426666667,-118.33444213333333,0,0
3dbbc31a-87bf-4294-ab90-6419a24b3b1b,34.05512618333333,-118.44180298333335,0,0
26bae9ce-d261-48b0-845a-9c8222222bf7,33.98773575,-118.45598601666667,0,0
9cab5a05-a5c5-4508-91fa-5614e6bfd22a,34.014823916666664,-118.35538483333333,0,0
cd630220-a326-4f35-9df8-cf2feeb382eb,34.061672216666665,-118.26750183333334,0,0
ff86b65d-b19b-4389-8617-c245da2f1525,34.07578658333333,-118.2549591,0,0
adee822e-78d1-46b6-ae2a-2a8f6d4e6ed0,34.04467391666667,-118.25079345,0,0
9f47d73c-a72e-4f12-b51f-f0989b4da172,34.15901946666667,-118.50148773333333,0,0
9ae2bb80-7170-484a-97ee-3f5ceaf28dfd,34.053325650000005,-118.25605011666667,0,0
d0f7fda0-5d8e-462f-b197-92a12d8ea842,34.061203,-118.43400573333332,0,0
7bf19a53-dfaf-48e0-8642-9a9eeee68c89,34.0000267,-118.46548461666667,0,0
434cbe44-7d0f-411c-8fd0-947637329725,34.06238556666666,-118.4460907,0,0
84c26c20-eb2a-4333-b82c-a90b27159759,34.06096268333333,-118.43489838333335,0,0
e9f4bfa2-1972-4a3b-9c87-e1297df3e341,33.945358283333334,-118.37061309999999,0,0
ecc5d4a8-47b1-4b2d-b07f-79f02a68b6e7,34.0404625,-118.26824951666667,0,0
0d89753a-5769-482d-a809-1a75d8e4e2c3,34.042686466666666,-118.37676238333333,0,0
b09693dc-5bae-4005-8873-931178c394b8,33.977993016666666,-118.40027618333333,0,0
7c6ad8b8-cc67-42a2-9f74-270cb5b99c1d,34.03479385,-118.4484787,0,0
93f685ed-f5ed-4bca-9f66-e0cfef4b71db,34.039863583333336,-118.26269531666667,0,0
3f06fe7b-3a7d-4379-9d1d-3b637cb53c50,34.16202163333333,-118.51865386666665,0,0
e0af2044-b7d9-4233-89e7-a5b65c722e41,33.94883728333333,-118.38573455,0,0
410e318d-b9e7-4a9f-99ef-897632df82cf,34.01806258333333,-118.29040526666668,0,0
0993ecee-939c-4ed2-bcd8-e4f8a9dc6144,34.0619278,-118.44821930000002,0,0
a9ae7241-cb70-419b-9677-139e324a5960,34.02581405,-118.28384400000002,0,0
3c784c66-6eac-40ed-aed2-2fc37c90449e,34.0369339,-118.44313050000001,0,0
96eb6e7b-fc5f-4943-91d7-b7edd9938f53,34.04678726666667,-118.24936676666667,0,0
19a7c85d-e62a-4999-83b8-15ae909e3f0e,34.040184016666664,-118.44309998333334,0,0
a9b30696-fbfc-48dd-a691-33926bd8c99f,34.03414153333333,-118.26170348333332,0,0
816e64c2-3354-4e61-842f-05c8b7b53ce2,34.013954166666664,-118.34393309999999,1,0
98253261-7603-4924-bcf9-fb0aec2895f4,34.026309966666666,-118.40554046666666,0,0
c574268d-3eaa-47ef-b3b5-1f69c9b1896c,34.154106133333336,-118.46660613333333,0,0
1ab915c5-d0ef-4f14-9376-99377a32c290,34.066448216666664,-118.2360611,0,0
480ad5be-5b97-46a5-bb7c-a2e0a1d76c80,33.959198,-118.40478515000001,0,0
0e3eb17f-d463-4b13-966d-73ce2212b67e,33.94540023333333,-118.37067413333334,0,0
a2b9db2f-fd72-4e0c-9790-473579124ecc,34.000762933333334,-118.46263123333334,0,0
78160c59-74d1-4f06-b9e4-478a3ee01ca1,34.03639603333333,-118.25576019999998,0,0
f672645d-16d5-4499-ad73-85a3e57fc3f7,34.03637695,-118.25582885,0,0
f2ff4a81-d27c-4c75-8039-700d68d8778b,34.044021599999994,-118.46063995000002,0,0
8ca9d03b-eb91-4314-9b15-2d58eff69bc2,34.04860305,-118.24095916666666,0,0
5cd3ad69-edaa-4179-8aaf-bac1c334bea9,34.06269073333333,-118.44441223333334,0,0
090174ce-c9bb-4e03-a1bc-36e56ead235d,34.0093689,-118.26895905,0,0
0d9d0e10-84cf-42a4-8b4f-233a0e21c8df,34.0616684,-118.44841003333335,0,0
efdf41ac-af6d-470f-8e29-70d7a8baa675,34.01673888333333,-118.41072083333331,0,0
995939d3-38d0-4ca8-ab39-526922078ac8,34.063236233333335,-118.44100951666665,0,0
5254bc5f-f7d1-4fc2-8578-b0bc04593ffc,34.0610199,-118.43431854999999,0,0
47016be9-4c81-449c-8e63-393cb78d54a4,34.118240349999994,-118.31678771666665,0,0
169e70d6-7f1a-4399-bbf4-38f0144a868f,34.039768216666666,-118.26506805,0,0
bb188e5f-5100-4729-9b6a-23275eb6a898,34.06299973333333,-118.44645691666668,0,0
093354f2-e37a-40c9-94cb-a879341ee150,34.042835233333335,-118.2606659,0,0
f5163ca8-78e6-4230-b5c8-454bb3fc983b,34.06280136666667,-118.44528198333335,0,0
f80c090e-49ea-4358-a57c-c8c7a92a1621,34.085372916666664,-118.34397125,0,0
07fbea4d-f48c-4c57-be14-4c71bf7f3d36,34.0315857,-118.33954620000002,0,0
ebf953aa-c154-4d52-8d3a-759823b99072,34.061737066666666,-118.44225311666666,0,0
c09da423-0bc8-418f-8f9a-03962ab4d4f0,34.065853116666666,-118.45319366666666,0,0
fd1248ac-6036-4a72-ab12-a2e8aef8b0e1,34.0307312,-118.38616943333334,0,0
0d89f09f-5895-4d09-a3c2-0c97922a9ef9,34.06531906666667,-118.45072173333334,0,0
775eb20d-0f5e-4e15-8d38-6f439ef00505,34.02283096666667,-118.29725646666665,0,0
961f76b7-15fa-4e0d-bdee-8e557a2d70ef,34.085392,-118.34396361666668,0,0
710c85e1-f794-4fe9-bda0-b566f4a2e53a,34.06806183333333,-118.45001983333334,0,0
bf715059-aae8-4705-8a63-a8a309fe3c70,34.057441716666666,-118.44322968333333,0,0
a6357ff8-348a-4230-b77f-0ec5605bcd02,34.07287133333333,-118.454859,0,0
6bcc62c2-712c-4e13-9429-7b04b71e542f,34.02915955,-118.40915680000002,0,0
219badec-2a57-4129-9a53-4c482fbbc7cd,33.95450591666667,-118.43917083333332,0,0
ddac54cb-d46d-497e-9152-c34f381a23a1,34.0625,-118.4508133,0,0
24eff3bf-6d6a-443f-935b-f549954dce81,33.958107000000005,-118.42067718333334,0,0
fc16d34e-3258-4a73-b39e-11d880b0cd67,34.070232383333334,-118.45536804999999,0,0
6162d031-5dfd-44f7-8a1d-d70693d94fb7,34.049690250000005,-118.24020385,0,0
9695db66-3307-4c7a-b1fc-629fb9863c52,34.047077183333336,-118.24806976666666,0,0
89744849-6500-4e82-bfaf-9852e8512833,34.02223968333333,-118.43810271666668,0,0
4b2a91b5-a678-49d2-9c06-ed5bb0c79c09,33.959659583333334,-118.42952728333333,0,0
0e26861d-bf8f-41cd-88d3-ab0d54c7aa98,34.02393723333333,-118.28369140000001,0,0
4aecbd20-a47a-490e-af1a-fc61db9d71e7,34.012752533333334,-118.28264618333333,0,0
9d34b2f6-4e7a-48ac-9846-4e99b48ab20a,34.05266571666667,-118.43710326666665,0,0
3d3ff9dd-3fe2-4205-b6a7-4a7b26e69ead,34.05744553333333,-118.42370604999999,0,0
26aac29c-677c-471a-875d-9c0037fcb6c8,33.979396816666664,-118.46604156666666,0,0
d014a7c3-a655-4192-974a-d015ffbaf79c,34.064460749999995,-118.45193481666665,0,0
8d65b31d-ecde-4af5-a0f9-2619bcb619c1,34.10046386666667,-118.34326171666667,0,0
b75cfeba-708d-4058-8669-fe55fc02213f,34.02841186666667,-118.27472686666667,0,0
f2fed0aa-4d62-46c7-8594-adf53f0cab7c,33.996109016666665,-118.44904326666668,0,0
c094fc5e-484a-48ff-b8d9-563646525c12,33.98993301666667,-118.45946503333334,0,0
e1df4602-14d1-4da6-9d9c-5760a1155454,34.04108046666667,-118.25162506666666,0,0
aea598a5-8168-4dbf-941d-b9269d921552,34.02433776666667,-118.39665985000002,0,0
c97b09fc-cdb0-436c-a0cd-e4c7f364d572,34.060653683333335,-118.44207763333334,0,0
e37ea6ec-92d5-4a0f-92cb-6d219ae8974b,34.01905823333333,-118.40743255000001,0,0
749428d5-b113-46ec-b0a4-d69c2c2c851f,34.067108149999996,-118.24861908333332,0,0
2b9977d2-9d0c-46d1-9ae9-3235b0003865,34.15784835,-118.49225616666666,0,0
4add4357-b076-4f26-9022-9cea7585a1dc,34.075733183333334,-118.34892273333335,0,0
64826dc2-6cef-4c91-8281-1e4ab7113b29,34.03883361666667,-118.26245116666665,0,0
388ec56d-8503-416a-a744-38e218c83f05,34.067592616666666,-118.45129395000001,0,0
6de19822-7759-4987-91af-7e2a74608e3c,34.089466099999996,-118.26031493333333,0,0
a44a666e-d4c2-4abf-8739-f29d43d14abf,34.07571516666667,-118.34893166666667,0,0
7928a338-7a01-497b-a74d-17060f6b8730,34.055873866666666,-118.23767853333332,0,0
959a9e5d-ef5f-4c72-8334-c302cb2c6c13,33.96236038333333,-118.4215393,0,0
86c552ba-1841-4dfa-8d1d-c5e28eb7cb53,34.055664066666665,-118.25405883333333,0,0
a8ee105a-d599-4b54-94cf-523b7c099557,33.945690150000004,-118.39034271666667,0,0
4fca86b7-1c6c-4050-944f-72f1df13f421,34.05442046666667,-118.35334014999998,0,0
7c17c74f-e6fe-4e2b-9c68-f28fac5185dd,34.062572483333334,-118.44586181666666,0,0
08952c05-919f-466b-85d6-9da1b615a445,34.0363884,-118.25740814999999,0,0
3689a666-3c57-4e92-81f3-275f6566cc78,34.08018111666667,-118.26113128333333,0,0
26d6b187-934f-4d59-beb8-87e98f6ea476,33.94879913333333,-118.38573455,0,0
4d0f35aa-a60e-4001-b65c-68d9f5bd923b,34.055606850000004,-118.25393676666665,0,0
ca1d352f-bb41-4c92-840f-2bac86a4e38d,34.0697136,-118.44114685000001,0,0
bab9db83-9b4d-47e1-97b3-dd31827adde6,34.05393981666667,-118.24849701666666,0,0
78c766d7-414b-48c1-ba4c-1e197515238c,33.961471550000006,-118.41780853333333,0,0
0098abae-ab99-4110-8974-c15592b865a2,34.079971316666665,-118.25525664999999,0,0
ee899d9b-d9cc-40a9-9e77-0293590fa6fd,34.00005721666666,-118.47064971666666,0,0
4b39d8b3-ba5b-4910-9bd4-8551a733b2d6,34.06093596666666,-118.4429779,0,0
9386777a-7ee4-4bcd-967d-2f7213137040,34.036800383333336,-118.42562866666667,0,0
f35d44f8-3ac5-4f8b-a4a3-2ab25747fd1c,34.01533508333333,-118.42282866666667,0,0
31787bed-858a-4780-a0f7-a3ab8166f022,34.045242316666666,-118.24464416666666,0,0
33f57824-afff-4d12-8e50-f15d30522de3,34.06020355,-118.23650360000002,0,0
c2bfb9ab-40b4-445d-9f1d-de333eb9d17c,34.04068375,-118.23493958333331,0,0
3dd4d31c-d5dc-4576-863b-748d946ec785,34.06036376666667,-118.44655608333332,0,0
af412df4-1413-4a0b-8207-7d636f39a407,34.040588383333336,-118.26629638333334,0,0
aa1b36eb-8044-4fd9-8c14-659f63679f58,34.045829766666664,-118.23398590000001,0,0
a26819d8-193b-41cc-8ae2-ace556534b48,34.06223296666667,-118.44418335,0,0
ffbdfbee-b50b-4aa4-8646-ced876eb526f,34.15657043333333,-118.45098876666667,0,0
6a4c0e07-96f9-4c8b-9198-43cfc2d7b7af,33.96773148333333,-118.45497894999998,0,0
fcecb916-c11d-4033-ae95-b10d53040409,34.05396270000001,-118.44430541666667,0,0
7f9479b5-7af6-4d7c-9f6f-7c06eca15ded,34.10040665,-118.33494568333332,0,0
587becb4-25b2-41cf-988d-2f136a706fe3,34.05895233333333,-118.4456482,0,0
29bb52a7-3ce7-4b27-bdc1-b33cc3182644,34.06766128333334,-118.44483948333333,0,0
a5232468-9a22-4c9e-ba64-9aea724fb618,34.063498833333334,-118.44550283333335,0,0
138400d2-0034-40dc-a280-713c9189b145,34.06165695,-118.44647216666665,0,0
026bb77a-46e5-48f5-bd1b-983f0edeea76,34.05273056666667,-118.24704741666667,0,0
b79b0fbe-eb07-423c-8b37-5cc3df22b959,34.06650543333333,-118.45108795,0,0
1e659641-a864-460e-9cd2-9638e43590b4,34.0595932,-118.44441986666668,0,0
998c06ae-dc28-48c3-bf83-8a729dd5080f,34.17463303333333,-118.52087401666668,0,0
3105cda6-61fb-4215-a9ec-eb0aed4300d4,34.069858550000006,-118.22586823333334,0,0
36c8f4f5-a36f-463f-a6cd-5e1cf95f56f7,33.94755173333333,-118.3853836,0,0
b0a35d40-bb80-438e-9e4e-bb55e1638276,34.102779383333335,-118.35198975,0,0
e6dd4ec5-e982-4600-910d-ec4be699894f,33.98778151666667,-118.45404053333331,0,0
c4aeae6e-f955-4141-b129-cf95c5e1a236,33.960521699999994,-118.44536590000001,0,0
11679165-0f6f-4642-bef9-cd644fabce3c,34.03290558333333,-118.3668747,0,0
864d6d58-0fc8-4a5b-854b-6e36d163c844,34.059871666666666,-118.44779968333333,0,0
2f06d5d1-ca97-4ba8-89af-929e4156f1af,34.02583695,-118.28411101666667,0,0
c64219e3-f4bc-4fa4-afc4-632b7a6223c4,33.987632749999996,-118.45320891666667,0,0
c09b1a46-1143-43b6-949e-c93a7edabbc3,34.050014499999996,-118.27108765,0,0
ebf75746-df39-4012-8af7-f0ce5814cf84,34.04712295,-118.23604583333332,0,0
5f076654-7c87-4243-8660-97def90b81c0,34.10276795,-118.35192108333334,0,0
3a835770-1d12-466e-ba9f-7e4c97a00de3,33.9625206,-118.43482971666666,0,0
6a8d74b7-e3bc-4815-85a8-7a2d79d7c4b4,34.09828568333333,-118.29138946666666,0,1
b3e16d12-27cb-40f8-b871-435cfe5af02b,33.999774933333335,-118.46059418333334,0,0
53109838-5b34-4d94-afdd-9a8fde96e2d3,34.073364250000004,-118.25164031666667,0,0
28655e8b-8441-4add-b5d5-ce1405cede1b,34.09859566666667,-118.31153566666666,0,0
f47e9de5-3cca-4861-8ca2-90e8c69a7088,34.1547432,-118.45251465000001,0,0
20063243-22e6-48f3-8f75-e52fc6f6ff8f,34.06080246666667,-118.44527435,0,0
c2274bd1-cc11-478b-8f65-b7f8baa66440,34.07310866666667,-118.45321655000001,0,0
05d1083a-726d-40ca-b651-45db1757ddb0,34.05596216666667,-118.43755066666667,0,0
9e73be73-3694-436c-b5e5-eaba3378fb67,34.03728485,-118.25708008333335,0,0
3af47c7d-2884-4acb-951e-05d7d0e8152e,34.061317450000004,-118.43395233333334,0,0
12320b57-6647-4e94-a12e-b859537d521b,34.14805603333333,-118.45238495,0,0
f8a31d9d-8941-4aea-b3d8-a98136d3631f,34.02671431666667,-118.28015136666666,0,0
a9badec1-0df5-4250-a202-3e11ebc4e2e2,34.07675183333333,-118.25883533333332,0,0
c19d4a9d-aaa1-4ea2-98a8-49aa0db452c0,33.96908188333334,-118.45825958333334,0,0
60872977-42e1-4baf-895e-59aa42397e93,34.05622583333333,-118.44545600000001,0,0
13389f4f-1f8b-479f-beed-a95bf38f89c5,34.04411696666667,-118.26235198333333,0,0
9f6b6832-144a-4d59-a88d-36eebc2ca615,34.0953064,-118.35167693333332,0,0
6f535daf-f4b9-4c88-8038-38e3ffd729c4,33.99270248333333,-118.45517730000002,0,0
ea2f1843-f2e8-40a8-8c60-6be3fd0154f4,34.084026333333334,-118.36162566666665,0,0
7f131089-ccb7-4c52-872f-27f42485f38e,33.966003416666666,-118.41871643333334,0,0
7d6ca96d-cdbc-4616-b649-9c15bf2658d9,34.100559233333335,-118.32539368333333,0,0
2d1a1018-c64b-48cc-aa75-21746367abf5,33.98558045,-118.46774291666667,0,0
cc76bdb3-7ce5-41ab-b880-b5ef288cf1bb,34.10059356666667,-118.31513213333334,0,0
050949a2-bc47-499a-9239-ba15f385f6be,34.045871733333335,-118.36901854999999,0,0
81b805a9-1684-47b1-990a-904548ddb106,34.0290947,-118.41088866666665,0,0
15dca95c-3b6f-4459-9ddf-7719038bce19,34.08407211666667,-118.35105896666667,0,0
0b8ac7a4-be18-4679-bcb4-02cc83a8ad2f,33.98698366666667,-118.45647400000001,0,0
d58d9176-f27c-403e-a11c-adc7877bf8dd,34.10188293333333,-118.30190276666666,0,0
14634ccf-9113-4df0-9190-f5a04a03c226,34.06293106666667,-118.45206451666667,0,0
99540c8c-4955-438e-a409-de124a4da94f,34.172286983333336,-118.45579528333334,0,0
186a9a7c-a6a2-42e0-a8ac-d46204fcf60a,34.0627594,-118.25873564999999,0,0
17d9dbfc-d20d-4e91-adc6-8c0b2e8c6d3e,34.101848600000004,-118.30554961666667,0,0
44a1da7b-be44-4e33-82da-a92f07c21d74,34.09769716666666,-118.33025366666668,0,0
36fd70af-5780-4068-aeee-7f82e85ceaf4,34.02743148333333,-118.28450011666668,0,0
325bdf04-fa43-4aad-8b64-34f46e293919,34.066342166666665,-118.45159266666666,0,0
756aa9f8-2a35-438f-8d7c-46f8c95928d8,33.9676857,-118.42077636666666,0,0
bc1e422c-6019-4a8b-8bd8-ededbbe8d659,33.97166061666667,-118.39584349999998,0,0
714dcdbe-d1d2-47bd-a6ad-1dc1d89b505b,34.046087166666666,-118.44053883333332,0,0
d07dea38-9089-4048-85f1-69d72634db5c,34.039104466666664,-118.26130676666668,0,0
030355ed-b1ef-4b5b-bdd3-ef6e0c0d6a0d,34.00594711666667,-118.44049071666669,0,0
bb3be67a-b917-430f-8647-60e21d6bbcdd,34.0654831,-118.45314788333332,0,0
e6a5483f-1a7a-40fd-ad11-a38d95a7caab,34.0494957,-118.24358368333333,1,0
a8125242-a729-4951-b326-b99cfb991927,33.95853805,-118.44903565000001,0,0
8cf5330e-1c53-4709-97d0-c92088f3d679,34.10317611666667,-118.33464813333333,0,0
b1b6bd9a-bc6a-453a-9fc4-f76c3a6ffc48,34.07415008333333,-118.31724548333335,0,0
ce11d95a-e8f2-44f2-9fea-64d9c5175600,34.045898433333335,-118.46502684999999,0,0
a193d197-a321-472b-b9b0-5ce1de7a57ba,34.00937933333333,-118.42690433333334,0,0
329e413a-0df3-4a29-a72d-d254456aa761,33.99412155,-118.44538116666666,0,0
04857ce5-6a1c-424b-bbc4-5e1c3b629c58,34.08403396666667,-118.3742981,0,0
c8e871ee-70ae-47e6-bd45-bd14b9fd71c3,34.070446833333335,-118.45308316666666,0,0
d4293a05-0da2-4876-9e2b-10f8556e6161,34.01713016666667,-118.405638,0,0
a12092b6-2c35-42e1-8040-11f1da0b8034,33.9659729,-118.41822051666668,0,0
c76426fc-3b4b-424d-8a08-2cb5be23fc83,34.06946416666666,-118.43882216666667,0,0
a61535aa-a871-42f1-acac-58aed0c1a622,34.07161331666667,-118.25208281666667,0,0
e058f745-20c5-418b-9d8a-680f72840a55,34.045353,-118.45204516666666,0,0
6233beea-a444-4f7a-9117-5eb7c9f167e1,34.013710016666664,-118.41702269999999,0,0
a31ae9a3-604e-48a7-9343-e9a1550db661,34.06575393333333,-118.29179381666667,0,0
b2760ae1-a617-407a-9778-bee415acb79c,34.15720366666667,-118.41938018333333,0,0
2f7360ca-fe0f-4fcd-a83f-eca6a973b3b8,34.061658,-118.44422083333332,0,0
8cc2e9f0-4afc-44d1-a5b2-b8da3a40065e,34.045627599999996,-118.26156616666667,0,0
a3f9c710-5389-4ce1-bf06-a9af2d70700d,34.06200026666667,-118.44818115000001,0,0
be85861b-2dff-42e1-97ea-6d751abd0ccc,34.154106133333336,-118.46710205,0,0
c5a729c6-b734-43fe-aa55-46a9e44d57e3,34.03234933333333,-118.43637883333334,0,0
91135d3d-7737-443f-b8c0-d0302124afbf,34.022788999999996,-118.40111541666666,0,0
6e0e84b7-b52f-4f24-8f4a-1de65dc6915a,34.062494666666666,-118.44420383333333,0,0
783e4cf7-b142-41af-8965-a7eac160d845,34.04991531666667,-118.22004700000001,1,0
af4137a3-9f9e-46ed-83b9-ab01b1431e8e,34.0704422,-118.45326233333331,0,0
8b9af259-2caa-49fe-b23e-5a46c5430f03,34.04803085,-118.24005126666667,0,0
84dfac9e-b0e9-4764-baa3-148aac363c5b,34.099182133333336,-118.28989410000001,0,0
de868dbb-c4d9-4320-ae19-36ca14a8fe4b,34.0697937,-118.44493103333335,0,0
40b507b7-5b93-4e99-bfc5-06c10e79ce85,34.03596683333333,-118.24019983333334,1,0
f5f11565-fe3a-4edb-b34d-37401dbc9ea3,34.07437896666667,-118.32377625,0,0
83344141-8f84-41a9-9124-6c3464db2871,34.06091133333334,-118.28410566666668,0,0
3f41443f-2b9f-489f-a9cf-9a3d779a1fe8,34.06248333333333,-118.44360733333333,0,0
af3ee214-6c62-487c-bd60-3df74b36fcd8,34.062515266666665,-118.44359588333333,0,0
913402aa-140b-4538-80b0-c5ba1f396093,34.02848033333333,-118.27598083333332,1,0
69f2eaa8-598f-4135-b919-cc4e46065918,34.05104446666667,-118.24996185,0,0
dd72b1d2-d684-4c51-b257-b380aa36e927,34.097952,-118.35515716666666,0,0
188f1450-392a-4afe-b834-57cb07fdfd0f,34.09795666666666,-118.35517433333334,0,0
99d9657e-98dc-4ca1-b335-63a856b0dd52,33.960594183333335,-118.45040130000001,0,0
8ab12433-6940-452d-bc79-0399bbbe1929,33.96058655,-118.45034026666666,0,0
7c09009e-43b7-4a63-8c5b-8911f904c04f,34.05091095,-118.24967956666666,0,0
a3653dd6-bc0a-43f5-a6f8-c795e4d4a784,34.11146926666667,-118.32417296666667,0,0
8dcdce87-ae9e-4f57-be7d-d9953564f532,34.09795616666667,-118.3560865,0,0
9e4d8c3c-69d8-47c8-bb10-0420cb20914b,34.09796066666667,-118.35606766666666,0,0
37bcd246-4388-40c1-8bb4-602548331139,34.09794983333334,-118.35607533333332,0,0
212eed81-fcff-429e-bdcb-766bfc2bf9c9,34.097959833333334,-118.35607916666667,0,0
f932a81d-76bf-4a8c-bdde-0908ff1543bc,34.060058600000005,-118.43988800000001,0,0
c9593ddc-e3e7-49e5-a3fc-18e9e8505353,34.060156666666664,-118.29043216666666,0,0
31ea4cfe-17b1-4a1d-ae35-4754e49bd201,34.10250473333333,-118.33870696666666,0,0
5611ef10-76ed-45bd-8096-cb0809ae3851,34.066661833333335,-118.45333861666668,0,0
528657f2-8492-4887-8b6b-35bd5ef27528,34.09786986666666,-118.35719300000001,0,0
72d2db50-3381-4c1d-8a5d-a87ea86c5fbd,34.097858433333336,-118.35722351666666,0,0
168baf27-522e-4777-b5f0-d44f8bac1547,34.02015483333333,-118.4052935,0,0
d9f796b9-b909-4df1-b173-56817e5c3d24,34.10341263333333,-118.33315276666666,0,0
58c709fe-bbf8-4f24-84bc-2808728d507c,34.098152166666665,-118.35697936666665,0,0
47e3f0ce-68a2-4a1a-b8f3-9eccba6a45ed,34.09817123333333,-118.35695648333333,0,0
c53a1669-d940-4c30-a4d3-5a56585a298a,34.098182683333334,-118.35696411666667,0,0
12060bab-ee69-4f5e-883f-efdc7982d7ac,34.018947600000004,-118.40703583333334,0,0
e1ca2927-7c99-4f3a-9538-f063e5491572,34.16202545,-118.48851013333334,0,0
8011ea6c-98d4-473b-bbad-92ea7c063236,34.04510116666667,-118.25326538333333,0,0
f1396aad-aa7b-428e-8da8-8498d272e8bc,34.06251145,-118.44295501666666,0,0
9e1a593c-6ed9-4c33-a01e-67a3fe2e786d,34.06211016666667,-118.28385516666667,0,0
795f76a4-6018-4d9b-a34a-fe2e60e4d0a1,33.98923491666667,-118.46734618333333,0,0
71b3025a-fdbd-4bd0-867e-e10e2ce248a6,34.15790558333333,-118.49235535000001,0,0
61f3d2f1-6400-4fa1-acfa-d8a7e445685f,34.054309849999996,-118.44467926666667,0,0
044e43aa-b349-4718-8fa7-bfffedb4adb9,34.025737766666666,-118.40383911666667,0,0
6f27b4b6-fba5-4934-998a-bf9cdd9898bb,33.98511886666667,-118.46311188333333,0,0
e344ac08-24d1-4c7d-af95-6d2c8b5ee4dc,34.05296706666666,-118.24732208333334,0,0
6f2c55fe-7bc3-4bbd-94c1-10c52ca21fb7,34.05903625,-118.28289031666667,0,0
9efed037-a879-403d-b9d1-e3f484c059d6,34.014499666666666,-118.41777801666667,0,0
6aeed805-bb4e-4c24-af25-43091cfcd185,34.09811783333334,-118.33646393333332,0,0
3557ea07-a722-453b-aae5-37ba273a0811,34.09809493333333,-118.33647918333332,0,0
3839f35b-9430-4ee5-8362-2adc5cc65fc5,34.09811401666666,-118.33647918333332,0,0
d584de87-353b-4a9b-9c64-9c565dfd3027,34.09810638333333,-118.33648681666666,0,0
59e1d77d-4280-4779-a9b7-b4fb0f98485f,34.03775786666667,-118.24974823333332,0,0
f67db113-6af8-4676-99bb-7bbd00ef4eca,34.000183099999994,-118.43543243333333,0,0
f73aac83-996d-4590-ac95-a82b94f9714a,34.15184766666666,-118.43543083333334,0,0
a7a5c90c-812c-4d56-aacf-8ad7dcdd55b1,34.15195083333333,-118.43544769999998,0,0
3c47cfd3-904a-46b2-b9b1-c63c327cbaf4,34.06289673333333,-118.44829560000001,0,0
b2f3ed54-b180-4fa1-8f91-5aabccb428f8,34.06671143333333,-118.45202636666666,0,0
d9cc9f16-eca3-4a61-a7d1-5b7b690d577b,34.04524611666667,-118.23588561666665,0,0
d66862bd-1a7f-4251-8581-f9f259caaf39,34.02220916666667,-118.40137481666667,0,0
5f760324-80dd-4f10-b6a1-0f241d257acb,34.064445500000005,-118.45176696666667,0,0
f5ee6e1f-86a8-428b-9a00-4ba98c4ba952,34.06178665,-118.44998168333335,0,0
654d5060-fd76-4029-ac68-243c8d721a10,34.04503631666667,-118.46743011666668,0,0
22267513-d361-44b0-8375-406272f49f7f,34.05172483333333,-118.26604766666667,0,0
db7df5c4-d37d-4628-8a25-413fd227cfe1,33.960529333333334,-118.39731598333334,0,0
46f277b7-cbe2-4a10-8c3c-f38ed4a6820a,34.09965896666667,-118.33499144999999,0,0
87042806-3ef8-4787-b197-98d8658f6d33,34.09966278333333,-118.33493805000002,0,0
6b9268db-d593-4488-833b-98a59933bba3,34.09967803333333,-118.33499908333333,0,0
da218d3d-1e29-460a-992e-54c402ad08bc,34.09967041666666,-118.33504486666668,0,0
acb54066-4371-459a-8514-11d9b478283d,34.053757166666664,-118.41764533333335,0,0
776fa417-3e1a-4af8-93fa-8e5f1f3ed6fd,34.0532875,-118.42690276666666,0,0
fb088eff-b14e-42e9-b897-8b363369a9d4,34.036010749999996,-118.35591125,0,0
917534c0-e5c1-4e0a-94f2-81a23f4d7b9f,34.037387849999995,-118.25562286666667,0,0
64453365-8dc6-4fe6-81b7-0033fb4fed8e,34.06043243333333,-118.4433136,0,0
a19bfca9-b053-4b77-9db2-5ba155426b20,34.05282593333333,-118.31899261666668,0,0
3fabcdb0-af6c-4b7d-b524-36793ceaae23,34.026098499999996,-118.43161066666669,0,0
866bdc6e-576f-4193-868d-fbd72c44a44d,34.099769599999995,-118.33295439999999,0,0
8353c1fa-2c23-4e27-b7c5-17fcf383bbf5,34.09976196666666,-118.33293915,0,0
22d87304-466a-4d46-b629-a0bc16c07d78,34.099823,-118.33274078333334,0,0
19b22c1b-063e-4088-b87d-3c4d0296be37,34.09978485,-118.33296203333333,0,0
6314a4ab-1f35-4b4d-a050-9911d087a809,34.05963666666666,-118.44779616666668,0,0
19dae96a-b9ac-4bb1-9e2f-6149a36cc1dd,34.06102753333333,-118.24423218333335,1,0
500c9400-198f-47ba-9634-c58e794b036c,34.099823,-118.33240508333334,0,0
d7b2921b-26a4-4996-8549-107f60385325,34.099800116666664,-118.33248901666666,0,0
efa954f3-edd2-45e5-9b90-688f57db4685,34.03731383333333,-118.22080766666667,0,0
38c7d907-86e5-4c52-af5d-cbd4a5c01126,34.06448745,-118.25152588333334,0,0
b1f0fc8f-f1fd-42ac-850d-6c906e6c5d24,34.06163788333333,-118.44433593333333,0,0
f659c637-4b7b-421f-9273-92d0ad96eade,34.066452033333334,-118.44483948333333,0,0
4154d222-1bff-4831-b49e-38323e38e2c6,34.09813308333333,-118.32766723333334,0,0
41bfb6bc-c90d-48dd-9611-c05fd8b1e06b,34.098102833333336,-118.32749266666666,0,0
4d33a49a-acc7-4cea-91d1-f1710e1a7359,34.098071,-118.32760916666666,0,0
da150d41-f800-4975-a655-fb9129682cd0,34.030128483333336,-118.40298461666667,0,0
6268abbc-a943-496a-a07c-78f76fe8b911,34.044521333333336,-118.26264953333333,0,0
f95ad8e5-0dcd-4ea9-a83a-145e7119ed4b,34.06267966666667,-118.44511033333335,0,0
fa7585a3-c98a-4050-81fa-330f4c1a6d66,34.04984283333333,-118.27394866666667,0,0
affceba9-5c5e-4295-a23e-394daf63b4a1,34.0619545,-118.44818878333332,0,0
26eafa07-944e-4294-981b-6d3bc8e9db4e,34.098301666666664,-118.32526933333332,0,0
e51cd03e-6576-4496-9ad7-b514ff4c1796,34.09835783333333,-118.32530166666666,0,0
4ac31017-bc88-4c30-87c1-27e8a5494dd6,34.098243716666666,-118.32534026666666,0,0
557251ae-312e-4b4f-bfd4-ac81a39ee7b4,34.098330499999996,-118.32526933333332,0,0
e6979bb5-6daa-4823-a66a-62a08636982b,34.02936553333333,-118.35353851666666,0,0
99488d19-5824-4ee6-bfa1-1935fb3953d2,34.069816583333335,-118.44487761666666,0,0
cf56420d-797f-45da-878d-cda26930aeaa,34.09988403333333,-118.32389068333332,0,0
2aec7a5f-3f91-4470-837e-7922e05995ac,34.0998764,-118.32395935000001,0,0
ad08583e-47f0-441e-955c-0b44b0ffc7e7,34.099918366666664,-118.3238678,0,0
78cff07b-8d8b-4c72-8c37-2a9319f2cc2d,34.059715266666664,-118.46024323333334,0,0
969e182b-0ec0-4f8d-93e4-a8e9e62c70a3,34.09812545,-118.32968903333334,0,0
6bbfdc82-fc09-4b3c-96a8-a4b05f6c5865,34.06266466666667,-118.44497866666667,0,0
60500784-470e-4603-8c62-3912d6403293,34.1920166,-118.59281158333333,0,0
eeeb96f9-717c-4db5-a9b9-6c36bed175ef,34.0976944,-118.32788086666666,0,0
acd2e02b-f652-42ac-ae53-5c31e0593bd4,34.09805298333333,-118.32427215000001,0,0
366e8b3d-bf99-4a46-ac46-5819c797883a,34.09805298333333,-118.32428741666666,0,0
df42e0b7-2930-4d7b-ae75-becdf370fd7d,34.0979805,-118.32433318333332,0,0
9b6f2e09-dcfb-4eb3-b1fd-7f8ae215557c,34.09809875,-118.32429505,0,0
75055567-7083-46b0-9595-d2a73d8f9e32,34.098064416666666,-118.32419586666668,0,0
175c49de-b4e7-4d12-af10-3f3e606db16d,34.054042816666666,-118.24663543333332,0,0
909b8eb4-cf31-41c8-b2f0-6715f4dda8e5,34.06175231666667,-118.44213104999999,0,0
654517d1-01b1-458c-ac37-c3bc71c8c1f1,34.1086998,-118.2871933,0,0
196c6eee-79e1-40a1-b5a1-c2b5054a1106,34.06728363333333,-118.28975676666666,0,0
f89d1db4-21a9-4b74-9145-68a42269457d,33.99549103333333,-118.45781708333334,0,0
f89cc8a2-2e64-43cb-bc4c-935088228dfe,34.0429802,-118.45957946666667,0,0
7040ed7e-60be-4322-9dfc-5032770015dd,34.04912816666667,-118.26681933333333,1,0
23c203b6-899e-4eab-9bcf-43526b479fe5,34.14621216666667,-118.42085049999999,0,0
7fa22449-cb6d-408d-9992-4ee8d349ec91,34.062430666666664,-118.44419083333332,0,0
f0be229d-9070-4318-aafb-7788964bd191,34.15137481666667,-118.45359801666667,0,0
3360fb7d-2c8e-488f-94e3-4e3c7d4b4563,34.044151299999996,-118.46748351666665,0,0
c43e6f27-e6b4-4606-903f-abb04268eff4,34.0831871,-118.34409331666666,0,0
c49b6d31-f588-4109-bd57-a419c73fe3c5,34.05060958333333,-118.24757385,0,0
0f9ea304-335e-43fb-8a94-b200caf0c3e8,34.025045500000004,-118.40327666666666,0,0
5ca66270-6542-42af-9d6d-e0200d347355,33.947451,-118.38546999999998,0,0
6843b5a2-04b5-4054-9e12-7814dff1ee31,33.95775223333333,-118.39556884999999,0,0
5d7b4cd7-34c7-4810-85f4-7c31b26a0a4b,33.99038315,-118.43786621666668,0,0
1712ab7b-d790-4a93-8d4c-3c398ad78c05,33.9821968,-118.46212005000001,0,0
4d112ef6-f9a1-41cd-8e89-9c56a4bd2acf,33.94567633333334,-118.38220366666668,0,0
68f5387b-0eb3-4ca3-b3ff-da02d4e1bae5,34.0038345,-118.43089516666666,0,0
2afd2867-2e75-49fb-af11-fbb02334d96e,34.10043335,-118.34203338333333,0,0
d85f405a-6d8c-45a2-9234-ad01066fd3d1,34.035720833333336,-118.26445770000001,0,0
9c5ccb77-8717-48f5-b3d1-106a3e27126f,34.08316421666667,-118.34409331666666,0,0
1b08f495-41e1-492c-a281-c357298ddf74,34.144126899999996,-118.39505005000001,0,0
dbbee70c-0a85-4f7d-9253-b2796028bf8b,33.989135749999996,-118.46202086666666,0,0
ac7d7d83-6377-4ba0-a763-bf055bf18699,34.047367099999995,-118.44505310000001,0,0
6c3db11c-f420-48a3-9429-64a5079d283c,34.04729461666667,-118.44514464999999,0,0
826ebea4-37d4-4756-a0be-4f05dd7bcbdd,34.0918541,-118.28406525,0,0
951aa20b-9a7e-4ee7-b5d7-9d8d4109b3fc,34.02567673333333,-118.34043885000001,0,0
7b2e4da0-85d3-4b09-9fb6-8751ff51db83,34.05895233333333,-118.44799041666666,0,0
a587cda1-9705-4db0-af8a-64fe0705743c,34.01784133333333,-118.27072906666666,0,0
4aa6e4f8-1da4-4ae6-be05-7a7755e53f3c,34.05012511666666,-118.39880371666668,0,0
f029ef95-7ece-450d-b736-98883ae85979,34.0224533,-118.33496856666667,0,0
a247d3b9-f575-4699-ab89-0d08bb4bc90c,33.96076201666666,-118.41457366666667,0,0
bf46b28d-954f-4728-bfbf-e2bffbdd9ead,34.068187716666664,-118.45159911666666,0,0
11a39e9f-2c2b-4fbe-97da-c452b54289ce,34.0570488,-118.23625183333334,0,0
61eb8477-6938-400c-befa-a6503eb6f4e9,34.066589349999994,-118.45440673333333,0,0
1e02c1a3-7844-4a4d-9df4-7f5edaeaa68e,33.99607086666666,-118.30244445000001,0,0
54fe5f45-482b-4827-8612-ab031b8fa331,34.23519433333333,-118.52724116666668,0,0
506cbaa2-d278-4a81-bf8f-eda63952d7fa,34.235023500000004,-118.52721404999998,0,0
b8c7762e-7746-4bee-ad37-e51f35f132c2,34.2351265,-118.52725219999999,0,0
b9bae90f-3c7a-4f87-90ce-1dfa19676f7f,34.235107416666665,-118.52725219999999,0,0
3d70f5ec-9ed9-449b-aaa7-c52533c94d2c,34.235168449999996,-118.52725983333333,0,0
ce674ee4-31b3-4acf-82df-2a99c9873be3,34.062748166666665,-118.44503133333335,0,0
3a965373-eeca-4f9b-b863-01e07261324b,34.05562973333333,-118.24531555,0,0
9120c2d6-0675-4065-91cb-56923cc2b453,34.05562591666667,-118.24533081666665,0,0
4a4efc81-66e1-4ea4-b331-b202c6d5f718,34.0555954,-118.24534606666666,0,0
0fcafd97-6e40-4b6b-a881-fc59d658622a,34.08992766666667,-118.32772064999999,0,0
6bab197d-aefd-48a8-a625-2eeca26b8ec7,34.003379816666666,-118.42995453333333,0,0
24c8c9da-5672-4ee6-8436-0b7863ab7584,34.05090713333333,-118.24034118333333,0,0
cf72822f-1718-4dd2-ba7d-3cfd3bd8ed11,34.06489945,-118.27083588333335,0,0
b0c9aff9-9d40-439d-b6f3-28dd2733e565,34.102386466666665,-118.33113098333334,0,0
0fa0ba59-9e4b-451c-8294-ef7571e004ac,34.07066345,-118.4549942,0,0
7ea9ff87-7288-44fe-bbea-cb2948b54acb,34.043347000000004,-118.4514795,0,0
fa4fb1ce-f5a8-4d7e-9053-ca5c604ff6f6,34.07904815,-118.31870269999999,0,0
872c73c9-c73e-4eec-852b-225e9e756a16,34.0461235,-118.25717926666667,1,0
b4c5167f-62f4-4a29-96b8-b6b98b9bdc87,34.024356850000004,-118.41402435,0,0
6749242e-08f2-43a6-a611-b47596ee65cd,34.040576933333334,-118.25304413333333,0,0
9908b595-89db-4a3a-b61a-e5f06f45ebbd,34.040184016666664,-118.25312041666666,0,0
9626fdd2-0b8b-4c40-9861-7e910939dc17,34.03511316666666,-118.26693716666665,0,0
b08b7ef9-fea3-4adb-b42b-701705ead338,34.05654766666667,-118.26832733333335,1,0
5981db57-bad0-4b96-a548-73d664bee360,34.05104828333333,-118.27375793333334,0,0
9c0afb21-e69a-47c5-9418-d823b48df034,34.15065765,-118.6245575,1,0
08fb2a41-e4db-4a67-91cc-6d97124b5e94,34.047689,-118.44503266666668,0,0
807154a9-d9e7-47c3-b072-f77ceb73ae6c,34.10173416666667,-118.30446625,0,0
e31db686-0340-4806-abaf-9c5a825c56d8,33.993579866666664,-118.45405578333333,0,0
5a2a10b8-3cbe-4ae3-9175-71fd17c345dc,33.983100883333336,-118.45997620000001,0,0
35af88ab-35d7-483a-a023-7231cb096084,34.039165499999996,-118.26439666666666,0,0
daf6498f-67c6-4e9c-9724-777dea1f084c,34.09617996666667,-118.35165405000001,0,0
4c8b7db2-cdf3-4f5d-8b66-7e2d530e3ab1,34.088767999999995,-118.33312988333334,0,0
66d13cb5-03bc-46f3-a334-2ae214319998,34.1463356,-118.42188263333334,0,0
31a3f76c-1260-4ed8-81b6-b6fdec33d3bf,34.055079166666665,-118.28867616666666,0,0
d8df5d9c-33d6-44f9-a8f5-5cd094ea0205,34.068668366666664,-118.44565581666666,0,0
079e2dbd-3e32-4812-91b3-a2004544c5b4,34.061939233333334,-118.44821166666667,0,0
c0fcc9a3-bd7e-418f-a62f-1c7cce2b7ab4,34.02397918333334,-118.37433625,0,0
47c8b238-cc02-41d8-9312-bd43dd0a6c50,34.04546366666667,-118.26561416666667,0,0
05c49e03-ecde-43c3-877d-390a1d3a0e01,34.097938533333334,-118.33091736666665,0,0
2959fe59-4603-4d9f-888c-f6c3e6194cce,34.09971236666667,-118.33090973333334,0,0
0946d4a9-2f22-4fc2-a4fa-a469bbfcbcb8,34.0803833,-118.26065826666667,0,0
4c3d8b60-ec37-4f82-9bfe-36912231fa9b,34.09966278333333,-118.33095550000002,0,0
2726498b-929c-49a7-a099-5411aa6503ef,34.041122433333335,-118.26486206666665,0,0
799be8a9-a894-45fb-8250-a30357c619de,34.05945205,-118.44409943333334,0,0
27814151-4487-4766-a389-fe5d1b62f2a6,33.99411773333333,-118.44539641666667,0,0
87e8792e-f504-4ae4-b7e5-216e43dad555,34.0239029,-118.28421783333333,0,0
b257802e-132b-447b-8316-bff03860f18b,34.09965515,-118.33093261666666,0,0
17ec3414-4616-4430-96c5-5943f39280a7,34.06061566666666,-118.26711283333334,0,0
74226854-d401-47a3-8a07-d330e9ba5fe1,34.0976448,-118.33097076666667,0,0
6575213c-db89-4758-a445-2eb12274b66b,34.06553268333333,-118.45079803333334,0,0
4e238c87-b1d0-4084-bcc6-abf3b1adcea9,34.065551750000004,-118.4507904,0,0
b061cdbd-6f4d-4b24-9ccd-d41a8be32fd8,34.061828616666666,-118.31638336666668,1,0
ed6c5d59-78c7-4339-8a5f-11961fc44770,34.03322601666667,-118.28081511666666,1,0
15c1f55a-b55b-4ec5-b95d-0c2b06a2f5b5,34.0467575,-118.25011466666668,1,0
d66be1a4-0b1e-4c8a-bdce-813441a6c18c,34.097908016666665,-118.33096313333333,0,0
c65f6b5b-fcdc-495d-a8da-6215abfe994c,34.0557925,-118.23747266666666,0,0
9954b006-5437-48d1-a343-586aeabb41d4,34.04044916666667,-118.46890433333334,0,0
bbc4a4cc-49dd-4c69-ae55-b64a78309a83,34.04124831666666,-118.26441193333334,0,0
d81616c1-7f8d-4be0-82ec-21ec1eadf6fa,34.06004866666667,-118.43989266666668,0,0
a1cda73a-e51c-4571-bc6a-80158230c14f,34.060037333333334,-118.43989883333333,0,0
2e60e941-c9fc-4572-967d-fb51154898d7,34.06005483333333,-118.43989816666665,0,0
d7cec502-205b-434b-967b-7a6849af0b22,34.04233931666667,-118.26503753333333,0,0
c4a84852-dde0-42a9-af23-f4989d89c981,34.04131316666667,-118.2631607,0,0
1a14430a-fb99-4fba-aef0-6269b116c144,34.09438323333333,-118.33241271666665,0,0
ea533c6e-d35c-4239-9afb-176ae6ca656c,34.060464,-118.44159383333333,0,0
f2aed73c-4828-4e99-b7cb-a767461e14dd,34.058307649999996,-118.28253936666667,0,0
e93805bf-c04b-462b-85b4-7acb70a5b6ee,34.060466766666664,-118.44160461666667,0,0
93a7bc48-acbe-4f9a-943a-a019f2d08a7b,34.06044883333333,-118.44158883333333,0,0
9a42cb9d-9214-4602-b3a3-ccedd796ec1a,34.04844283333333,-118.25767516666669,1,0
d6b36661-aac1-478c-9388-bc9eea2f421b,34.022983550000006,-118.2945633,0,0
576d6706-a19c-43d5-b82d-67931a5176a5,34.06380843333333,-118.4410553,0,0
a768ed63-a3f6-43fb-b893-21ecf33c125a,34.06380916666667,-118.44101683333335,0,0
f6bee4d8-f788-48ae-b23d-d0fc733a8935,34.06381225,-118.44107055,0,0
a74222a1-70ca-4f6c-a64e-5a77598d88c3,34.071556083333334,-118.27671051666667,0,0
aa32c348-4672-4b2a-83d3-eb5a316d412f,34.07029343333333,-118.27885436666665,0,0
472f90c4-0416-4cdb-a22d-089bad52a873,34.04259871666667,-118.26451873333332,0,0
71866190-ad82-4eb8-82cd-24830d37528f,34.06164183333333,-118.44136483333332,0,0
3ae9a47e-859f-4bd0-aaad-622d8dec7832,34.055240633333334,-118.28154754999998,1,0
a3fbbf3f-2c24-41a2-89f1-92f40ada419d,33.99976348333333,-118.4594574,0,0
451baec5-36f8-401e-a8e9-27ed90c9d7ac,34.06225586666667,-118.44749449999999,0,0
ec278e25-b262-4972-bd8b-d56604a778a6,33.9660759,-118.41660308333333,0,0
b7165a53-408d-4d45-8efd-b2ae6d136d11,34.0717392,-118.25852966666667,0,0
c1464b4c-8481-42bf-95bd-fcc186eb5d21,34.07798385,-118.43955230000002,0,0
1a30b9b7-5efe-48dc-a721-48a6ea4a61a0,34.10062026666667,-118.33113098333334,0,0
5e6ba9bc-3082-4272-af7c-39757fce7bdf,34.070322000000004,-118.45228966666667,0,0
239cfc65-6a1a-4034-8ffc-3d7c326c6905,33.987396233333335,-118.45742798333335,0,0
65a093e0-0e83-4da5-8894-d6aa387e10bc,34.069129950000004,-118.26395416666668,0,0
20e394bc-c07f-4ea9-a1e0-1f868f73004f,34.058639533333334,-118.44458770000001,0,0
da5e7203-0cf0-486b-8ee5-8e3e091a8098,34.04403383333333,-118.26509683333333,0,0
a518781c-76c0-4fd3-938f-148bdb2e4813,34.079399116666664,-118.27722931666668,0,0
ddc27815-a90f-4e56-8d19-d9dbf2cf65f4,34.03435898333333,-118.27178191666665,0,0
b1fdda27-a0f4-420f-8003-8bb3f92de937,34.080657966666664,-118.3512497,0,0
a9d71242-cc90-41b2-bb36-9994d91c8246,34.04250335,-118.2613678,1,0
cdcbf5a0-fd45-45ef-9071-e61ad52aa9d8,34.05430603333333,-118.25283813333333,0,0
de60dc20-2ad6-4261-9f89-50b455c23a6e,34.04449,-118.30345700000001,0,0
252f0011-14a4-48c5-a7a1-87927b4a4c88,34.03944396666667,-118.45657348333334,0,0
db60f887-9849-43cf-942c-2c277e4b45d3,34.09947205,-118.33081818333334,0,0
082b4457-7663-4531-a551-bf6a4975272f,34.044521333333336,-118.2541275,0,0
60d97b7f-72cf-42db-a4fb-47a13d30256d,34.035591133333334,-118.25407410000001,0,0
c39ba612-da9e-4457-897f-8eba823a7eb1,34.04270935,-118.26275634999999,0,0
37c7e45b-bdce-4387-a8e9-026501d7b3fa,33.96033096666667,-118.44579315000001,0,0
81e64d71-eba1-4597-9fdf-ee219c575498,34.06791305,-118.24993896666668,0,0
eab558de-967b-4d03-b7f6-eae2bf34dd5f,34.06106186666667,-118.4352417,0,0
6252f8bd-f33f-43e9-a7f4-dcd7eea08388,33.97423553333333,-118.45874786666667,0,0
23277890-5559-4f97-a2ce-0ad1175f47eb,34.067893983333335,-118.45135498333333,0,0
cd13feb7-298e-49b3-93fa-ea3632e4760e,34.0472145,-118.23721313333333,0,0
99b1b09e-d972-43a4-b110-94c42b674ffb,34.14774323333334,-118.45258331666668,0,0
0c4796d8-b6d8-4e89-a746-56685b496fbb,34.01612853333334,-118.29557799999999,0,0
fae4aadb-9024-4e55-baa6-5443ca41e094,34.05208968333333,-118.25247955000002,0,0
5776f44b-13d8-40bb-bb7f-0830071bef6a,34.03708966666667,-118.25963733333334,0,0
369abe56-3025-4598-8d9e-edcde469787b,34.032611849999995,-118.23225403333332,0,0
6b38662f-bdcb-42ed-8648-4827255592a9,34.098709099999994,-118.33097076666667,0,0
e6861941-b9c9-407a-accf-d50e262588de,34.07199478333334,-118.27957916666668,0,0
0c1f88e2-48b8-439a-ac03-2a84badff220,34.11139296666667,-118.33428955,0,0
77df2c93-95fd-4f1e-9eaa-9142e73542af,34.04517365,-118.25312805,0,0
b334793f-8ce2-4409-ad15-8f150e495e6d,34.069301833333334,-118.45390516666666,1,0
d146c23d-2bdd-4384-bd2a-2d6466031c8d,34.047126766666665,-118.45182799999999,0,0
4a0dc90a-c576-4342-96f8-224021b5a4e4,34.09774183333333,-118.35152216666665,0,0
54b8ae1f-85e5-4481-8734-078f8965a9e4,33.98829033333333,-118.45418883333332,0,0
91539ad5-80b9-4187-b24b-05515fe24af7,34.1464653,-118.4672699,0,0
b693d31b-a8eb-429c-88eb-16b24a1939f4,33.98332595,-118.33157348333334,0,0
0634049a-7c14-4bb3-9ee1-6b5a0b027326,34.065223700000004,-118.45169066666668,0,0
2b1721a5-776c-44c9-9c8a-9cc5e511f3e2,34.07022476666667,-118.4554367,0,0
14cf04ea-4a1f-4044-8754-6a53b4b0b23d,34.0702505,-118.45540616666668,0,0
0416c4ca-5a7f-4d74-a872-c2303e5e91d1,34.07019806666666,-118.45544433333335,0,0
3ea40536-27ff-4e53-b294-3e9066f0ce1e,34.058391566666664,-118.44554138333334,0,0
8e4daa3a-13e2-47b8-b90c-059a3c19b440,34.02430725,-118.26364898333334,0,0
52680337-3fef-4dd2-9dc3-368df16450d1,34.0512285,-118.2649625,0,0
91891275-2d97-43e6-99eb-357873136bcf,34.05321933333333,-118.27180666666666,0,0
646ed95a-49ab-477b-b5c2-aaa2ac5b63a1,34.026180266666664,-118.20626068333334,1,0
d1f6a409-befa-4894-9711-8823702a7263,34.06562423333333,-118.453125,0,0
5ed32d5e-a812-41e0-aedd-8074d9424de8,34.0810852,-118.33843993333333,0,0
7d34c553-0903-44a3-a875-e470367c9256,34.04874038333333,-118.24082946666667,0,0
bf8bda18-db15-4e01-9329-9afda1914d1a,34.022254950000004,-118.33316803333334,0,0
aeec6283-3dd0-451b-82a1-6856f57c4832,34.017688750000005,-118.40916443333332,0,0
1704c54f-9647-4b78-9f6b-47b45b8b51b5,34.092864983333335,-118.33750153333334,0,0
22921d21-e76a-4bf2-b0b4-4d6256df9e81,34.045356999999996,-118.23582366666666,0,0
819fc4de-189d-4895-bfee-4a4aa8192db7,34.045234683333334,-118.23576354999999,0,0
7a77d213-4942-4176-b893-c264150f01b4,34.092895500000004,-118.33756256666666,0,0
b298f082-5d03-4083-9c0d-06e6f2a1a8f8,34.00453466666667,-118.28855766666666,0,0
beb01803-04b3-4440-9c3d-8300fa8405db,34.09966278333333,-118.33113861666668,0,0
a05c001c-e33b-4dda-a88e-421b3ef85fd9,34.062949333333336,-118.45213183333333,0,0
2bdaea83-048c-498f-8026-6a2fd83b6440,34.02359771666667,-118.41891480000001,0,0
d5d4d19f-d703-4a38-8095-dbdc0255cff3,34.0394249,-118.24298858333334,1,0
3946fd9c-af3c-439c-a7dc-36f4d8f66739,34.050167083333335,-118.27519226666666,0,0
decaacf1-7da4-4848-bd05-458eb3241451,34.063171383333334,-118.44112396666667,0,0
c5b2d5cb-a0cd-42f7-b5b6-884109bc87c7,34.05224483333333,-118.24829883333332,0,0
eeeeec95-8d55-4d45-bfd8-10faf53777f3,34.08192733333333,-118.34617633333333,0,0
cfb2812b-768c-4d95-8aef-0a125bde610e,34.00240706666667,-118.41982269999998,0,0
7457b380-4e3f-40ea-97b3-20936a999f7d,34.06886673333334,-118.45251465000001,0,0
53ea69e7-9661-4960-aff3-f945511f7322,34.09064101666667,-118.30580901666666,0,0
acdf22fe-b6fe-4dfb-9c75-6f3a36e276a0,34.06896591666667,-118.45244598333332,0,0
a65c9e16-7d9c-4967-bd20-56c1afcc4f50,34.06436833333333,-118.45177383333333,0,0
aed883e6-c3d8-489f-a7f8-7f592f7f504e,34.060825349999995,-118.44441223333334,0,0
19d0695e-e5b7-4144-a4d0-4a270b640ae3,34.06083298333333,-118.44438935000001,0,0
f57179df-23c4-4e50-b802-4936f277bc20,34.06165266666667,-118.44142099999999,0,0
1980811f-09b9-43a3-9fb9-3bbb07cef497,33.98742295,-118.44570159999999,0,0
c29d3532-ed38-4b80-96ca-4dc1caf887b7,33.987457283333335,-118.44581603333333,0,0
d4dbbd32-4439-4671-a4f6-1ecb66bad626,34.090156549999996,-118.34278106666667,0,0
958e8759-b4fe-4378-8b34-837903829abd,34.06402933333333,-118.45291716666667,0,0
a58820c7-297a-443d-90e8-329a97c9babd,34.09972381666667,-118.33266448333333,0,0
ec85c497-aca9-45f1-bc59-f8814ca936c4,34.06292725,-118.45207215,0,0
4700894c-2856-4ded-ac80-4d913c96e4cc,34.062908166666666,-118.45204925000002,0,0
33fbb4c5-8c69-47a1-b5a5-19e07b7ce771,34.03149033333333,-118.28321075000001,0,0
f9f61793-ebed-473e-b430-d227d66e324a,34.052062166666666,-118.22674816666668,0,0
f0bfb127-61e5-4836-bb59-dd7f1f1e9f7f,33.94498443333334,-118.37495421666667,0,0
607cdc99-d594-457b-9649-3cf67da45fac,33.98757171666667,-118.45304108333333,0,0
0674ddc2-2c63-4f0d-a4eb-d51349605c45,34.09397888333333,-118.32024383333334,0,0
2db95d32-221b-4c06-ac4f-a4d3d741cf11,34.046093166666665,-118.23511083333332,0,0
696cf1e5-365f-4a70-aefb-066cf6601c3a,34.09903716666667,-118.33759308333335,0,0
e0edbafb-8516-48f7-ab94-b267537c9526,34.09913253333333,-118.33112335,0,0
150e75f2-d27a-4d25-91a7-a24c010609db,34.09915923333333,-118.33108519999999,0,0
922c863c-fb79-45eb-8387-acb701441c4d,34.071285249999995,-118.45201111666665,1,0
13de13dc-79b6-4253-aee2-1352ea257e9e,34.06204986666667,-118.44397735,0,0
26dd7d44-6a88-4570-abab-c0b8e79b152a,34.06183243333333,-118.44424438333333,0,0
4f74f4f0-ea7d-4803-9403-506ff6508b38,34.043373100000004,-118.26110076666667,0,0
2a8890c8-d8a1-4dd5-9570-619ac22a6bf8,34.06521683333334,-118.45292566666667,0,0
494e440f-2f6b-400c-bb6f-e43faf7a7f42,34.04411566666667,-118.25449116666665,0,0
38492e13-d2db-4ab3-a1ca-94ef8ea9e10f,34.056533816666665,-118.44350433333332,0,0
f1183d1d-0170-411e-8e25-f388b1a54402,34.0592465,-118.44580466666666,0,0
87e6e609-30a4-4e93-b2aa-6b7982fd2300,34.06175433333333,-118.44654733333333,0,0
65229df5-1e3c-480f-ac0d-662a4c1b2003,34.061798100000004,-118.44657135000001,0,0
a21321fb-628d-4201-9c3d-966d60f0218e,34.061733249999996,-118.44651795,0,0
9f20537c-7c04-480b-8361-d35d55c691a8,33.99401473333333,-118.45039368333333,0,0
05c89883-d74e-4852-8cab-8ed84e1eb91a,33.99399948333333,-118.45037841666665,0,0
38913dbf-9841-45cd-a345-cd4b419900c3,33.99934768333333,-118.46057128333332,0,0
e4ddf1ca-047c-4c46-820c-a300d72d9fa7,34.098182683333334,-118.36441803333334,0,0
7bad9cb7-8a7a-443c-a506-b02a87283a79,34.062156683333335,-118.44318389999998,0,0
e2960c77-35a9-49b8-bbc4-e3df7f04e141,34.06216766666667,-118.44319283333334,0,0
910bb238-59e8-46c5-9379-8abab54be102,34.04462783333334,-118.44855066666666,0,0
6d6108ac-9c42-4867-a00c-44a0eae4efaf,34.04569626666667,-118.25124358333332,1,0
71078aca-008b-447e-8aee-cbf1d72ec324,34.06214523333333,-118.44302368333335,0,0
f192bf7c-e645-45a3-9b18-00d90b16c79f,34.0621376,-118.44302368333335,0,0
e7b2e3bd-33d8-4b7f-ae52-9e8d5265d362,34.057350166666666,-118.49583435000001,0,0
37bcbd02-70f4-4a9a-8385-fd2377490dd6,34.030517583333335,-118.40198516666666,1,0
b3924a68-340b-46b5-8317-54c0dd3844a0,34.0485344,-118.44371033333333,0,0
d5044c2e-e583-4d8c-83df-9746f70d3363,34.06177520000001,-118.44184113333334,0,0
9cd3e4a0-f0e8-4646-9faf-11bd9c7ceb96,34.06183243333333,-118.44173431666668,0,0
156b0c8c-d981-4e9d-8c97-43bda6001167,34.061831999999995,-118.44173066666666,0,0
5f9a0eb0-9abe-42c1-8740-ec2aafdb9ed0,34.061820983333334,-118.44171905,0,0
7c2901ba-c431-4653-9678-621f2d3be2a5,34.02391051666667,-118.3395691,0,0
5fab96f4-829c-4007-9c5f-edd2d136e314,33.99149703333333,-118.45101165,0,0
cde58920-b367-4c2f-9fc5-e5e896cf4878,34.049262999999996,-118.48832033333335,0,0
274861a2-c88d-4da3-8c52-9e2792c47318,34.0492897,-118.48834991666666,0,0
951614a2-9b60-4381-9bed-aafb3e354aa2,34.060233000000004,-118.44223533333334,0,0
9ae034d4-69c2-4de8-a487-762f9d2afbde,33.99129868333333,-118.44873809999999,0,0
af014903-e4f5-4b8b-8052-61d991ac4ac7,34.04351043333334,-118.26200866666667,0,0
e03a54cf-2a55-4fef-b3cd-99bf8347faa1,34.06185216666667,-118.45019016666666,0,0
5e83c93a-ab5d-4e40-b8fc-1533503442d0,34.036941533333334,-118.23983001666666,1,0
19d0923f-38b4-4815-8c48-ee9d6e9f3922,34.05171585,-118.47596739999999,0,0
54efe17c-ad0f-41ea-a54c-d60d0fca6f9c,34.05027833333334,-118.44009,0,0
3f8149b5-e8dc-4cf8-ad45-bb7a9aa5222d,33.966479,-118.41184416666668,0,0
123cf7c6-2ff9-4a4c-a000-358d6eeef241,34.099945166666664,-118.36365483333333,0,0
82e11616-3d6e-4dfc-960c-43c5a1e44932,33.9631958,-118.41512298333333,0,0
f366364a-a459-4a72-beca-7c484e1c0b52,34.07466506666666,-118.29665375,0,0
f2d971c9-5384-443b-80a6-44e78d77f088,34.090736383333336,-118.30319976666667,0,0
b4a7b6f4-d5f3-4476-9cc3-0a36a395dc60,34.06795183333334,-118.45033866666667,0,0
d02182f9-731b-443d-97cb-10969783c274,34.03997666666667,-118.25875966666666,0,0
7d7da9ce-d549-4681-a823-145919cf222a,34.03323783333334,-118.26706816666668,0,0
776b433d-37e5-4133-8cce-8860864c6daf,33.98965073333333,-118.24316406666667,0,0
c4928eee-2e69-45cf-9d73-fa12d4741a14,34.084541316666666,-118.37187958333334,0,0
c1403505-2984-4af1-b763-a96811c84dee,33.993762966666665,-118.46746063333333,0,0
f2c67193-f3f7-4127-8f59-8c3dbc3fa8dd,34.062332149999996,-118.27696228333335,0,0
ffaddb26-a6a3-46ec-87bf-acb015a4cacb,34.06085033333333,-118.44434783333332,0,0
2401e0fe-20f4-4493-a86a-1530f2cd4af8,34.06084441666667,-118.44435120000001,0,0
e5a8effe-60eb-41a9-a3ab-02512b6e326a,34.06184386666666,-118.45020295,0,0
b45179e2-7448-4d4d-a37d-02d9107c9537,34.06850815,-118.2830429,0,0
7a6da586-5975-4e49-a694-fc7ea2e5442b,33.98717116666667,-118.4604721,0,0
d641f9f4-5ef8-403e-900a-9c25e4774cd3,34.03562165,-118.43888091666668,0,0
4b073f30-17a6-4647-88b6-113927937681,34.062541333333336,-118.44550833333332,0,0
2b71efc5-6a66-4d24-94f8-7f6be57e89ad,34.06261825,-118.44551086666667,0,0
b8ebdae0-eab1-4fcd-a8a0-2392d03bc94d,34.06246733333333,-118.44553383333331,0,0
480034f4-29aa-4f91-8cb9-d610448dd3a9,34.10181045,-118.30006408333333,0,0
a5f334fd-92da-4171-91a8-b45aa320c921,34.057394333333335,-118.26333433333333,0,0
0560af26-e33a-438e-90e2-634cadcca806,34.06955718333334,-118.24944305,0,0
aa636d4c-d647-44d2-a417-c57ddf21a632,34.016242166666665,-118.41173016666669,0,0
7eb6a53c-f905-494b-9464-0bbf1518a9ab,34.00915908333333,-118.34365081666668,0,0
5023f21e-ea4a-4dc8-889a-314e3990920e,34.097461700000004,-118.32941436666667,0,0
020943d2-4f73-44d4-aa1a-ac7b531df267,34.043302833333335,-118.46832616666667,0,0
84c60b2a-c0ce-459f-b3bd-0df3bd43ebf8,34.042289733333334,-118.25447845,0,0
19cea422-df8a-4f32-ba0e-294315f584cc,34.06223296666667,-118.4429779,0,0
1e3bd262-feb9-4347-98f9-4ae3fcd4c1e7,34.06222915,-118.44304656666667,0,0
76d0a2aa-698e-4446-a832-b647288a196a,34.097591400000006,-118.32951354999999,0,0
b8486562-5b9e-4528-85ad-765558a90a37,34.06542586666667,-118.45053863333332,0,0
812bd4e9-5ab8-4998-8084-567615383464,34.06544113333334,-118.45063781666667,0,0
f4a1d8a2-4d0f-4582-9397-ff8adab85b4a,34.075256350000004,-118.44239045,0,0
cc4e778f-69fd-41c9-8480-47a92cd744e5,34.06277465,-118.45102691666668,0,0
d6f04fb3-3f98-4108-9f72-bb7a9b023ee0,34.1490593,-118.44496155,0,0
4646ae2a-2323-493c-9e94-1d7a88939bc6,34.06325531666666,-118.44125366666667,0,0
99399360-3df1-46c1-84b3-c8b416dba1d6,34.063242833333334,-118.44131999999999,0,0
6d8f3078-05d9-44df-b3ce-cda41d63ddd5,34.063240666666665,-118.44128299999998,0,0
5fa74390-7d7b-4156-91ab-14272c687520,34.03160858333333,-118.22954560000001,0,0
cfe5626f-597a-4b9f-9824-1506db5e33cd,34.09793471666667,-118.33469391666668,0,0
b8da4aaf-6e07-4b7c-b248-31cf1e0e4a0c,34.04268966666667,-118.26076266666665,0,0
64924eac-4b64-4ad0-a040-b2cae35e41c1,33.9586525,-118.40475463333333,0,0
bf5684b5-af2f-4234-9fd6-936dba06739c,34.10027313333333,-118.29720306666668,0,0
4c629960-d18d-4020-ac2f-48dc0a9bbc0c,34.061698916666664,-118.44824981666667,0,0
fea0769d-9ecf-4d92-bd0b-fa4e7616f3f0,34.09811783333334,-118.32537078333334,0,0
9337a709-c682-4544-9733-6094729ddb1f,34.06865883333333,-118.45294733333334,0,0
d7d2ae7d-53f6-4889-bd40-5a56cccc47cf,34.1014328,-118.31137085,0,0
31fda5c3-b996-49f5-a0b9-e0ef359bfafa,34.043563850000005,-118.24447631666665,1,0
d2bf5009-dad0-49b8-9325-bac46d5c4200,34.06186295,-118.44662474999998,0,0
33ae9bfb-f883-4c6b-b50e-7a4538a454a8,34.06187438333333,-118.44662474999998,0,0
69b0c7bb-4988-4d1f-81ff-66dc942fc916,34.05736541666667,-118.25271606666665,0,0
6b12540b-3839-42c8-a2c4-1c84023f9d5a,34.03915023333333,-118.23264313333333,0,0
8dcb6efe-594e-4523-bd62-afecbb74c863,34.109243666666664,-118.28734566666665,0,0
4c31da0c-738f-4f05-aa67-e5dcb7319c65,34.10412216666667,-118.33231353333333,0,0
a4fbb8e1-ebae-4c89-8133-a7f5bfcbaf01,34.068109166666666,-118.45050483333334,0,0
dc952198-655b-4d10-a5e6-42b13d3d19d6,34.06810433333333,-118.45052583333333,0,0
96d66753-7172-4b3b-89c5-74a127af5a29,34.032737733333335,-118.45313263333334,0,0
a39b87bc-3284-4187-a65a-494118556f17,34.062362666666665,-118.44405364999999,0,0
6bb5e400-fbfb-406b-959b-fbb9ce9643c8,34.06232833333333,-118.44403838333334,0,0
e7e95374-baff-4aa0-a2ba-b7dbb79ec811,34.06235503333333,-118.44399261666668,0,0
71c9eef0-db6f-413a-bb96-1d58d8d5af44,34.1569786,-118.45754241666667,0,0
2e885a88-6a7e-433e-9600-181f22082fc5,34.0365982,-118.35585784999999,0,0
5f9c2427-b715-4525-a50b-6725dcc0284d,34.09958648333333,-118.33110810000001,0,0
b8c575c7-9011-4cb5-8ca8-1677f5612cfa,33.9805305,-118.46575083333333,0,0
5b434de9-01d8-4f55-ad2c-022991ed21f6,34.00871658333333,-118.24734496666666,0,0
b9870883-08a0-4000-9540-00b0e8747f92,34.05093383333334,-118.25531006666667,1,0
a889e9ef-91ca-48e2-9906-43398b8594c9,34.06719208333333,-118.45240783333333,0,0
b47b3477-bdab-4df8-a15b-eba44ffa4255,34.083671566666666,-118.28043365,0,0
92385dad-af00-46df-a47c-57faec93568a,34.06245041666667,-118.44515991666667,0,0
8d3c8c2d-cb90-4575-9998-9bc61259a02f,34.064258583333334,-118.45229339999999,0,0
e2d0ba40-3f4a-4efb-97a7-397457b26af4,34.06348916666666,-118.44552566666668,0,0
8f1b2378-ac37-40a8-9277-7c8823bd8d2a,34.10720066666667,-118.30707483333332,0,0
33ff7362-6e68-4e20-907d-75ee30cbd322,34.0582428,-118.24827574999999,0,0
1ba5439e-1af3-427c-9568-0d33be471f55,34.10328675,-118.31790923333334,0,0
ed0d7a29-4cce-4f23-8b85-6d12a9954b21,34.03798333333334,-118.22536316666668,0,0
274de973-da47-46ce-a703-db062a871786,33.99975586666667,-118.30032348333334,0,0
06eec56f-7de0-4ac6-b127-07f9c210930d,34.03243616666667,-118.35073483333332,1,0
b340e01d-13d2-4153-93c0-1179fba9a71e,34.06653595,-118.45281981666668,0,0
6d89a630-b57a-4479-8e18-aeb7a11f7d59,34.044502333333334,-118.250594,0,0
c43d5059-3a10-4767-98ed-fda65e76ef13,34.153526299999996,-118.45729828333333,0,0
f11b2589-9e7e-4170-837f-b9c28e36a1a1,34.09915161666667,-118.32775878333332,0,0
4d5ffcbd-e9e6-469c-8328-4e9823582dfd,34.15351616666667,-118.45725233333333,0,0
64019018-f49d-423c-a0c3-44334605183a,34.09894943333334,-118.32771301666668,0,0
df974a82-4685-4615-8c7d-afe3f8f6d917,34.049057,-118.26798248333334,0,0
74ea2d32-c132-4f92-96b4-d2b551e9af08,34.045364383333336,-118.45283508333333,0,0
2605b4c9-e240-487c-b139-04451682670b,34.045356749999996,-118.45280456666666,0,0
d81b197d-a9f3-4fe3-b38a-a173f2947e96,34.0460295,-118.44965150000002,0,0
68eba780-757a-4dfe-9b93-f505c2db1c62,34.04443716666666,-118.44820633333332,0,0
7a899e77-2225-4f01-b06d-faca6a466531,34.054340366666665,-118.46680450000001,0,0
c9ea03e1-184b-4832-a77c-57b483ab1ab6,34.03939438333334,-118.23194885,0,0
9892f2ae-8759-44c6-8923-1d5ceb6dc3bc,34.06499481666666,-118.44898223333333,0,0
1e74d8c4-1b0b-4b51-8e5d-2e78e6dda553,34.04115676666667,-118.45249938333333,0,0
bf071edb-68e5-42b3-8742-1b29a2559c07,34.000102999999996,-118.47127533333332,0,0
0bb80240-16fa-48fc-86f7-827257371a60,33.99056243333334,-118.43418885000001,0,0
451d4e4c-dda6-4a17-b554-23f27c848d80,34.049615833333334,-118.25983083333334,0,0
e6ad01ee-28ce-477d-8e54-4b73598299f9,34.1019249,-118.35933685,0,0
590a39d3-32f0-45f7-8962-c855d7cbc300,34.062664033333334,-118.44716644999998,0,0
fbb4cc0b-d72d-4032-a480-98fdee7dd036,34.06648255,-118.45284271666667,0,0
1c78d408-5bd0-440d-85bb-85e688ccad68,34.02225,-118.43814983333331,0,0
03de4434-4660-4144-810b-66b03335963b,34.077537533333334,-118.25875091666667,0,0
88f7448c-43a1-43b6-89a6-78ada53e243c,34.054939266666665,-118.39530181666666,0,0
5bbd71e0-d5cb-42bc-b80f-63124dc6173a,34.04928206666667,-118.23940276666666,0,0
68ef44fb-5bf5-40f1-9487-c2cba9cc0276,33.98707961666666,-118.45712280000001,0,0
b539b5b2-99e7-4c68-bca4-d22282385787,34.049568183333335,-118.23989868333335,0,0
1e7d75b4-7db9-4fdc-ba78-a2f32dcf9ebd,34.0451088,-118.23749541666666,0,0
30631ee5-a65e-4177-a005-d643e2362977,34.04417038333334,-118.42729186666665,0,0
43e1a64a-7cd0-4836-90d1-1eb8f3235bed,34.034402500000006,-118.43811366666665,0,0
5f2501f6-25a7-445f-9eda-1ad7bba76532,33.968362166666665,-118.40293416666667,1,0
aacb7f7a-4a07-419b-a71c-51eea8bbe148,33.989376066666665,-118.46447753333332,0,0
bcfc43e9-aa03-4e9c-8b35-33c4649d8321,34.06036033333333,-118.44756416666665,0,0
e6b7ee8c-fa2d-4492-bce4-41124fb8caa1,34.0491867,-118.31707,0,0
cc189b13-1117-492d-9ace-38b1165c36ff,34.056949616666664,-118.4462967,0,0
cc89632b-770f-4da0-8e8a-6d14a2ce7624,34.05255508333333,-118.38855743333333,0,0
3e685209-719b-4906-a959-2ac16af6a534,34.04102283333334,-118.26108333333335,0,0
44a905c2-89b8-4dd8-a59b-3d28bde0b6ae,34.05694266666667,-118.44625983333331,0,0
dce253d3-0f2b-466d-bf1e-a747a19f5151,34.09656583333334,-118.35050083333333,0,0
ef7d7a79-7f95-411a-907f-b9fda14f5f55,34.10063935,-118.33498383333333,0,0
1e48dfc6-0368-489b-8872-f378e0e2a615,34.074749,-118.25243378333334,0,0
8afc9309-0aba-43ed-8554-6d540865a5fc,34.08638533333333,-118.33738316666668,0,0
8ea4052b-47b6-4add-8e2b-cc5fdf01db30,34.088390350000005,-118.28990936666666,0,0
b973a1dd-bc5a-41e6-8841-b5a713ba60e9,34.06833648333333,-118.45307159999999,0,0
be81c7fa-7721-4ad0-883a-9f6d0b11ef84,34.044212333333334,-118.42725371666666,0,0
e118bac8-f0a9-4a31-b41e-4300016f5edb,34.07027816666667,-118.27883911666667,0,0
1ab521a0-8eb1-459e-8340-fa37f1c10a47,34.07029343333333,-118.27883911666667,0,0
b31ae67e-8156-4d21-84f8-17d64673c6f3,34.070277000000004,-118.27885650000002,0,0
091720f8-9e48-47c6-bc59-bdc1be868af6,34.07027983333333,-118.278834,0,0
ad6ffb24-0f81-452f-b178-059158282308,34.08429816666667,-118.3678845,0,0
29518055-6a2f-4afc-9635-6e51ce5dc711,34.05595398333333,-118.44369506666665,0,0
df68935d-a696-486e-bc15-077cdf4ba08e,34.07015228333333,-118.25485991666667,0,0
1594d3b3-92f8-4f30-8ded-34d641ac07a1,34.06013106666667,-118.44259643333335,0,0
b2dd6b97-5a81-4b7b-ad2a-ffdd9072f169,34.0380516,-118.40248871666667,0,0
d304c3e3-dc73-45a6-8b9c-1f31168a3ff3,34.0725708,-118.25088501666666,0,0
e2b9251f-3185-4c8c-8a6a-aa2868fa751b,34.15545183333334,-118.45190916666667,0,0
daf79703-dfab-4d61-8485-cced9b119e9f,34.05321883333333,-118.42692566666668,0,0
239397b8-7d51-40ce-ac35-097dfd932846,34.04068756666666,-118.26206206666666,0,0
8b49c173-dd3a-4a07-979a-a8ad2ac5932a,34.099258416666665,-118.30789185,0,0
b0c53020-bc97-4d88-a3d2-8e0cc38c1137,34.099773400000004,-118.32798766666669,0,0
91593711-c605-4931-8a01-f586c7aacfa2,34.099777216666666,-118.32797241666667,0,0
36b6910d-8773-4efb-81ac-b55601c607eb,34.091598516666664,-118.32881164999999,0,0
697b88a5-3293-4a02-b0e5-0c02ecf2487d,34.06609726666667,-118.45343018333332,0,0
bfce60c9-3e3b-4201-8bf7-4fd0c5400927,34.07186016666667,-118.45230116666669,1,0
845f3b84-70d1-45d2-8951-6bd1e72983aa,34.04954146666667,-118.26771545000001,0,0
0688b29b-acdd-4765-a984-b6acec9e0df6,34.10749435,-118.33643341666667,0,0
aaa14ac0-a8b0-44b3-b147-f90eca821bc5,33.98781585,-118.45525360000002,0,0
e99e4110-ce06-4253-95c0-bafbbed3b8f0,34.047431950000004,-118.23964691666667,0,0
eedc613c-cd68-4932-9220-2804b6a3a041,34.017295833333336,-118.41156006666667,0,0
c68e4449-56b8-4757-8ff9-51f686221f43,34.03812466666667,-118.40528549999999,0,0
78d2a0cd-eeee-40bb-8702-a5188fbe6f7c,34.099823,-118.33683776666666,0,0
21687169-0764-4eae-bba1-72ec156cd8b3,34.06487275,-118.45082091666667,0,0
ad0f7a6a-f651-4acc-9d56-afc21be1fbe9,34.0648117,-118.4508133,0,0
a11b6607-03bf-42f6-824f-f721c907b065,34.03863616666667,-118.40495250000001,0,0
e640b3a0-7272-4795-980c-8bb0d5092cc0,34.0386734,-118.40493775000002,0,0
c2028201-3cea-4a32-a309-2ca98d3d7628,34.037631983333334,-118.40548706666665,0,0
5113c92b-8330-4583-b8a3-03bf7f6badf5,34.03763961666667,-118.40541839999999,0,0
99843597-3748-4c3c-b458-81475c96b35b,34.10293198333333,-118.33488465,0,0
ab00d950-cae0-4fd9-863d-d66c201f78b2,34.03286361666667,-118.30123138333332,0,0
1f1b4be3-24f0-435b-b041-fcca971dfaf1,34.06938171666666,-118.45212555000002,0,0
e7bf97d0-56dd-47c2-b4f4-4b4037979cc8,34.06810133333333,-118.45162116666667,0,0
9c271473-9866-4f6f-8a44-3393ca94f070,34.07262801666666,-118.29348755000001,0,0
f4fa79f8-b8a9-4d3e-ba3a-951e45745aa8,34.04405593333333,-118.23263550000001,0,0
3522f572-6636-4829-af1c-f4bf2e1fce66,34.085296633333336,-118.37045288333333,0,0
72e4203a-35fb-47f8-9ef0-cbc7b3bc1e54,34.06803131666666,-118.45162201666666,0,0
16af0df0-5480-48e2-9321-dd9fb6d7119d,34.085319516666665,-118.37043761666668,0,0
51d28c73-4248-4322-96d1-5f70418dc809,34.05994033333333,-118.43532561666667,0,0
0fea3473-e127-4a47-9b31-4573768d7d19,34.08797455,-118.34620666666666,0,0
9fb1ef89-32c0-4e18-8ccc-9008e0fb375e,34.06340333333333,-118.44558666666666,0,0
27d54cd0-ce94-47b2-a612-32620de303a7,34.04726028333334,-118.23405456666666,0,0
4c5eb833-8f0a-4a6f-9cc0-0b396fe2aa0f,34.156691333333335,-118.45756933333332,0,0
6989b7e0-bd5c-4024-8338-8b741851f4dd,34.0665474,-118.45264434999999,0,0
18abaa24-d0cd-4378-9a42-8e704bfdc831,34.101879116666666,-118.29061126666666,0,0
c55dc1c0-9d72-4311-9754-974108945bf4,34.099769599999995,-118.33693694999998,0,0
3384116f-1d2e-4d9d-8601-e37f19d6e452,34.03251266666667,-118.32834625,0,0
e1d0aee6-99bd-4752-8a9d-a02b1680f903,34.045541,-118.26560283333335,0,0
3910f989-a8b9-4e11-98e5-b8555153c93a,34.05477141666667,-118.43154144999998,0,0
4be3ed26-717d-4e14-a052-11067f1db571,34.061897,-118.44994249999999,0,0
37e10d58-599b-4977-9394-8ddfd90a7b6c,34.061946866666666,-118.45004271666667,0,0
756e26f8-cb1c-4527-9b9f-8c475fa178f3,34.06195068333333,-118.45005798333335,0,0
932fa54a-709e-470b-a345-579d0f6d01e4,34.0619278,-118.44984436666667,0,0
899e9b64-4b04-4038-84c2-42b6083d0437,33.992752083333336,-118.44913483333333,0,0
bc563ca6-39c4-4bd6-9ab2-a416b9a980d2,34.04680633333333,-118.23788451666665,0,0
e9b13b78-c860-4e10-a1f2-4f46f7aa8a7a,34.046854833333335,-118.23787583333333,0,0
a3f9d290-8c20-4607-b5bf-f6dc45848863,34.05110066666667,-118.26156366666667,0,0
8cdc413e-0695-4fe9-a404-3e787f564c12,34.04688716666667,-118.23792933333334,0,0
b6b0185b-27f0-41ec-a299-efd45794c060,34.04915236666667,-118.24284363333332,0,0
715be04e-fb6b-4587-a4a9-e2e68627dc1e,34.04274233333333,-118.23271199999999,0,0
1b6046b3-747c-4871-928b-95556e340a00,33.98758698333334,-118.45751953333333,0,0
0a9c2860-9ef0-470e-b4b4-eddf0db1eabd,33.98760605,-118.45766448333333,0,0
754cb677-02b5-4672-8e5a-9bd1dbdb6161,33.987632749999996,-118.45766448333333,0,0
a0dbd948-afa7-45ac-91da-37546f09ef03,34.016789,-118.41076016666666,0,0
b06a3186-8ba2-41a0-bb01-f5e85e3ae1ec,34.01679516666666,-118.4107555,0,0
ea586e18-b390-43b2-be08-82115b3df625,34.016770333333334,-118.41077366666666,0,0
52d0207a-d75f-4a66-89fe-f3d3473097d2,34.0615921,-118.44844055,0,0
2c9dfbe9-eab5-40aa-b6a6-2f7a0ab0269f,33.98792648333333,-118.45858765,0,0
404fefb2-ffec-4b94-97cb-c43780d8c95d,34.045364666666664,-118.260735,0,0
7c2a40a6-6dcc-471d-bccf-aa4a15106528,34.01610946666666,-118.29582215,0,0
5be07015-f2a4-476b-9aeb-482969b8190c,34.14873886666667,-118.4464035,0,0
e147a302-4d6f-4a9f-bb8f-81b5f49fdecf,34.14872316666666,-118.44642516666666,0,0
5299f10b-5e34-430b-84a3-5471626d00c7,33.99605941666667,-118.44928741666666,0,0
6ac1b57b-9f81-405e-85d9-600b08c8f1b6,33.994606016666665,-118.4675293,0,0
3038c1fd-5a5c-4b18-ab3e-46cb0f49fbed,34.06482315,-118.45171356666667,0,0
53768712-9c6b-4812-9c6d-99474b1d89f9,33.992115016666666,-118.41662598333332,0,0
4bd84d70-d3dc-40b9-b12a-1a6fd4ae5b37,34.066280666666664,-118.45334933333334,0,0
68c233c9-3173-44aa-abcd-b96587e84ae0,34.06628418333333,-118.45341491666667,0,0
dcc8f665-a776-4881-9692-5128a0fd8e2e,34.0280838,-118.34802246666668,0,0
7c2177c6-ccf3-4bfa-a9de-94445bf0b73b,34.022346500000005,-118.3382492,0,0
e2944b5d-ce85-46ab-be5f-5625c516a870,34.06640625,-118.45328521666667,0,0
e2e9ff1a-0711-48b1-bf31-44b97f94e066,34.066409666666665,-118.4532775,0,0
f076f923-77ea-4f67-a08a-070a738d1208,34.001216883333335,-118.28263091666668,0,0
5029fb8a-1f14-4512-a50f-d6df68119049,34.04746466666666,-118.30496416666668,0,0
00e2018c-89a3-4fbc-8036-76c7486fd74f,34.017711633333334,-118.40908050000002,0,0
202f22a2-d11f-4bc6-aa50-f534b67b0729,34.017738349999995,-118.40906525,0,0
fb4e6301-83e2-46c0-b27b-412880c98398,34.01771545,-118.40904998333332,0,0
47da3f61-6cf7-4e45-b38c-e33737be02d8,34.01773283333333,-118.40906466666665,0,0
6a8c96fe-d0b6-472c-b5d6-1f7b28da6bb3,34.0555954,-118.44486236666668,0,0
d840f7a2-b46b-45cd-a268-376634dfebec,34.05862808333333,-118.44566345,0,0
5538f86d-f63c-4781-a9c2-d4c3e6991868,34.108639333333336,-118.32138233333332,0,0
01233edc-ab79-4771-9314-f98862f1bcab,34.086762666666665,-118.29149100000001,0,0
e2931b58-683e-4ef4-a661-271493cb1199,34.0416565,-118.25467681666666,0,0
176189eb-6df6-4173-b65c-5cffab5fdc2b,33.989921566666666,-118.45040893333335,0,0
447fe4cb-9eb4-4e8e-a812-c873ea8f666d,33.9898758,-118.45041656666666,0,0
693d744b-429b-4b5b-8dad-776e19fa4753,34.07043116666667,-118.45333133333334,0,0
2a79e5c7-8947-45de-971a-3c38a570ba9a,34.044521333333336,-118.26210021666665,0,0
88ead31e-520e-4620-8730-4aac5b9cd7e5,34.075672149999995,-118.37627411666666,0,0
f0aef592-692e-49e0-9311-a8e6011de05f,34.04234695,-118.45900726666666,0,0
7c7b715f-ea35-4bbc-92d6-6a27f4a22f4e,34.07043456666667,-118.453331,0,0
aecce72c-72d4-4a33-92eb-80d2cfac0696,34.070449833333335,-118.45330809999999,0,0
527a76d9-8e91-4307-b320-3a55da1ef962,34.06154633333333,-118.44839478333333,0,0
27e9c8b7-d66d-4393-a0d2-1efc5d2e182e,34.14197158333333,-118.42426300000001,0,0
b201194a-35cf-4c72-8c9e-ccf2fa41f864,34.068635,-118.44626233333332,0,0
945ae7c4-c608-44b3-913f-f7e427d20b78,34.07491301666666,-118.32380676666668,0,0
21bd1460-faec-4ff0-ba17-7b731784327d,34.00201416666666,-118.46980285,0,0
ac032115-b4cb-4374-9b37-c6451b776749,34.07490921666667,-118.32378386666666,0,0
cbd2d00d-a58c-4572-b1e2-5d4c4cf58321,34.04266738333333,-118.45827483333332,0,0
772534ca-8708-4145-91e8-edd89170eea6,34.042625433333335,-118.45822906666666,0,0
f232e0ef-f722-4aba-aa71-90f7d5b18190,34.042686466666666,-118.45829010000001,0,0
b503681e-1c72-40f8-a269-9ff1ff2d08e6,34.04267883333333,-118.45818328333334,0,0
fbac6284-8dd0-4d71-8ae5-fad07c980b13,34.0942688,-118.33188628333333,0,0
1a74d239-d7a3-43bc-b5a4-b08c1be40241,34.02576446666667,-118.40383911666667,0,0
fa2d569f-6808-411f-9816-55edc94db7ae,34.02945328333333,-118.28690338333332,1,0
cf27ae27-876c-46e3-9d21-c792914b1eb2,34.0852623,-118.3718338,0,0
af5a042c-41fb-4f65-8ebe-a444edbd38c0,34.042381283333334,-118.45900726666666,0,0
c8930874-f388-4cc1-bc72-66c7c494600b,34.04236603333333,-118.45903778333334,0,0
161e3e76-0ed9-4ec4-856c-ad7f5aa6eef2,34.042407983333334,-118.45903778333334,0,0
6bda6dc2-8686-4e93-aaf6-b7c6e499148b,33.990909583333334,-118.46325683333335,0,0
7609aff6-3ab2-4285-9e21-93e1938127ba,34.098698666666664,-118.29939166666666,0,0
ecfeb09d-55a0-40e4-a774-56de7ec9bdca,34.064857483333334,-118.45184326666667,0,0
0ba0bbf3-ac81-40a9-b1f5-59f2ec44587e,34.06066895,-118.44704436666667,0,0
89e56a6c-70ff-40b8-bf4a-fe97efb8b7bd,34.0629485,-118.44133216666665,0,0
791386fa-c596-47cd-89a1-56766bc4516d,33.99343871666667,-118.27481841666668,0,0
5d6a34e4-d148-413e-b680-32473127a959,34.06294366666667,-118.44127616666668,0,0
a3595d01-af94-4a33-b0f4-eb4125383907,34.09863663333333,-118.33387756666667,0,0
3a2876c2-a5a0-4d84-8e81-e5aab3716707,34.10364151666667,-118.3071518,0,0
6959926e-ab33-48d7-a4a0-55986dbe0209,34.02666316666667,-118.28011666666667,0,0
e2b939fc-b7bd-4154-8e7b-1edf853103e3,34.02020366666667,-118.40403916666668,0,0
dd256171-4f7a-42bd-a625-30f4ee5d3212,34.10042571666667,-118.34318541666669,0,0
4cb7ce6f-5699-4acb-9b83-88b86e3fa5c1,34.06570816666667,-118.21532440000001,0,0
1cb4f44f-8f07-438c-94d4-bd5840f63217,33.99096298333333,-118.44846343333332,0,0
abb9e034-0890-48e8-b803-b7470b85d531,33.99095916666667,-118.44845581666665,0,0
a378680f-d00d-4cf9-8c5f-66cc8d7d46fe,33.98651123333333,-118.47187041666666,0,0
ac619497-01fb-4f33-8230-971c2438de09,33.98996353333334,-118.41354369999999,0,0
a03f4eee-319a-430e-b01f-a3abd4aae513,34.086742400000006,-118.33805085,0,0
f45d7214-6f91-4290-93f3-217154df898e,34.059691666666666,-118.44144866666666,0,0
ed88c566-7d01-445b-8faa-5277cf68f3f3,33.97423553333333,-118.45996856666667,0,0
95d37e62-a651-42cd-846d-52b36d22c965,33.97423935,-118.45994568333332,0,0
b7d87bd1-ffe5-4366-a850-aa0a132f889d,34.15416883333333,-118.44981116666668,0,0
20836996-a288-4cbf-9058-9b603452b2be,34.061283116666665,-118.44600676666666,0,0
ebef59ec-934c-45a3-8872-8364aeae50e7,34.150348666666666,-118.37667083333332,1,0
66983bb2-a73d-41cd-a821-6e3415a24674,34.16436768333333,-118.43143463333332,0,0
3b1c5b60-f544-4bad-8375-15944fb0c1ae,34.09583883333333,-118.33881066666666,0,0
f4cd406e-5af7-45a4-882b-90a9d782a161,34.043220516666665,-118.26445006666667,0,0
88d0d6f2-d7c6-473f-af8e-c528bdf1141f,34.04321216666666,-118.26457666666666,0,0
2219ec5f-49f3-488f-bc63-fe5b12159747,34.04327773333333,-118.26445770000001,0,0
1d212f3f-c504-471d-a449-2662cf664c2c,34.043206000000005,-118.26457450000001,0,0
4ace2739-bf2f-40b4-89ac-22790defe6e8,34.0391922,-118.26264189999999,0,0
fabb39d2-30be-44d2-a030-5fa2bafdeb18,34.06507491666667,-118.44907378333333,0,0
731feee7-d98e-4e54-ba4c-c356572050c9,34.06931433333333,-118.45214066666668,0,0
cfb5f6e1-3762-484f-8375-e01ef5d007e9,34.039401833333336,-118.271526,0,0
166aab65-e166-4fd3-9031-4563bf266c4e,34.03724616666667,-118.25278699999998,0,0
22c55242-33b2-491f-8b89-f16255f20fa9,34.03723266666667,-118.252801,0,0
784f411e-0b03-40a4-8b36-f31b52ae463f,34.11328366666667,-118.28660149999999,0,0
67a4bec2-ad4d-44b3-b660-74d4bdf554d5,34.00709366666667,-118.33758000000002,0,0
4c594488-3f08-48aa-bdb8-b93a4fa10823,34.04193878333333,-118.358284,0,0
5415b173-0039-4a9a-bf2b-55e3404572d1,34.06550598333333,-118.45030975,0,0
fa57032b-1749-46ee-b9b0-88ea74ca9345,34.0671959,-118.27806854999999,0,0
6d436d18-281b-4b9d-9baa-d45609afb75a,34.041035666666666,-118.40325416666668,0,0
244487b9-dd4f-41b2-b81b-81c212b663cb,33.962299349999995,-118.42157745000002,0,0
e9723b97-384d-48db-bba5-c11012f92ad6,34.040576933333334,-118.40356445,0,0
a23fc51d-dc2c-4c9d-984b-8d38e2f00ce6,34.06007916666667,-118.44266883333333,0,0
ae119682-cb33-4d87-a07e-0d49cb077af3,34.0625,-118.45087433333335,0,0
d7ed4f19-3058-4c28-86f0-52a0336c0a78,34.04712295,-118.26539611666666,0,0
ecb7e622-18ef-4cdf-bb9b-904c5822edff,34.04714166666667,-118.26541416666666,0,0
fd98c0d2-2375-4e50-87fe-be619afd837b,34.049446333333336,-118.44675483333334,0,0
f340e48a-b347-428b-bcd3-0e6ef614631e,34.09787368333333,-118.33518981666666,0,0
3ead11c1-ecdb-4895-998e-1af882b5baf4,34.00304413333333,-118.45761108333333,0,0
ce26993d-e36c-4332-901d-46f4292803bf,34.020613000000004,-118.40424033333332,0,0
8a08f62b-124d-4ea4-bd45-ed4bbbe36dbc,34.097908016666665,-118.33699798333333,0,0
0881c65d-4f2c-45ee-ab8b-dfd7efcbecef,34.09787368333333,-118.33696746666668,0,0
466354bc-7500-4ef9-a9c1-138a465fc22d,33.96240616666667,-118.43486786666666,0,0
4d3a2963-901a-40e5-b6f6-98292f6371a4,34.070503,-118.45312133333333,0,0
3af26917-b2ad-4cc6-9958-97dc5bd8c480,33.9573555,-118.41806793333332,0,0
e8f0ea25-f9b8-4b01-953a-7516d9a1453b,34.10048293333333,-118.33113098333334,0,0
0b8c3018-14a2-4595-8072-07c4309e3612,34.10047531666667,-118.33112335,0,0
eeed26cb-7394-41ca-b8be-b18ac0db9f4a,34.10049438333333,-118.33110046666667,0,0
be9e231d-af05-4703-9211-99c66f68153f,34.10049438333333,-118.33112335,0,0
f0d530f2-8b2c-49ca-a845-15cfad3b0e4f,34.09820175,-118.35625458333334,0,0
20f8b80b-1cc1-4c5c-89c6-7dc6a1a63878,33.985980983333334,-118.44989013333334,0,0
10c601e6-e678-4f8e-8572-3ead8df7a464,34.05429076666667,-118.44470978333332,0,0
b29360ad-cac1-4fda-a0b5-eb6140369431,33.997337333333334,-118.4586792,0,0
d689f052-1685-4a16-b8b7-dc403bf6ef42,34.06184768333333,-118.45011138333332,0,0
e6aebdf6-3e00-4852-865b-ceafee8f54f3,34.14197158333333,-118.42421721666666,0,0
93b3edde-5553-4791-82c2-e6cc98449863,34.14204316666667,-118.42420866666667,0,0
0484e1f4-96bc-457c-af8f-a331440ff013,34.14197158333333,-118.42419433333335,0,0
8d66725c-b9c7-4bb6-ae32-21d932e2d707,34.16147613333333,-118.51857758333333,0,0
eceee59c-c403-454d-ad3a-6a849db0b7df,34.04110336666667,-118.26489258333335,0,0
70c1e3f8-9ca1-4143-80d1-0e65c0c61eff,33.98524475,-118.46275329999999,0,0
718fb846-e9ec-4888-b484-5eaf43443bbe,34.06335033333333,-118.29012816666666,1,0
55afc53f-c1c0-4a76-baf8-a58bc0ec80e8,34.05542755,-118.44494628333332,0,0
f7f94a9d-8c08-41ed-a365-b39e31996f13,34.04507828333333,-118.26200103333333,0,0
a0666108-9658-43d3-8624-04a2b6961e9e,34.025310516666664,-118.2827301,0,0
ea1ad1a0-7ab1-4ba3-9e5d-040e7005d00c,34.063039499999995,-118.45229683333334,0,0
95b29e63-0260-47ae-b1b3-99c9885931a4,34.02448655,-118.28392028333334,0,0
5d38dd77-151f-46d8-a337-396408113188,33.9882927,-118.45771026666668,0,0
cca4a72e-e317-455e-97da-3a031cd522c2,34.05204783333333,-118.25373283333332,0,0
c255f0ce-e41a-4f79-aa61-a194c26cd039,34.038719183333335,-118.23260498333333,0,0
4bf8adce-3bfc-4d76-b003-9ace93fa0253,34.05949401666667,-118.26589203333333,0,0
23718711-7b45-48b5-851a-98684fe3f68f,34.038301499999996,-118.22757366666669,0,0
bed091d0-8aaf-404c-a46b-ea927d763d95,34.0007286,-118.46698761666667,0,0
c7c777e3-3a39-4f36-b55b-9e19ce964843,33.97592545,-118.41841888333332,0,0
2a14a579-e5d3-4aaa-bc50-a803ffcf0c4c,34.14373398333333,-118.4255066,0,0
06447ed2-ad10-459c-bc57-e99e2f114aca,34.05982971666666,-118.41725158333333,0,0
0dbcdc52-ef12-4c78-a309-251afade8c8b,34.03523255,-118.25357055,0,0
537c015a-8189-451c-aaa2-fcf4f6f26b0a,33.99388885,-118.45679473333333,0,0
064f75b9-dc2d-4e58-ae23-7ad82e50501b,34.04709243333333,-118.27972411666666,0,0
d6253e46-1b33-434f-b841-3289028a7ff3,34.065241666666665,-118.4518135,0,0
1744d07a-877a-4ad4-a932-c601921ea9fb,34.061038966666665,-118.29515074999999,0,0
d2e2c424-a9a8-4a77-8f9b-8c6557edbbda,34.05026245,-118.41046905,0,0
5ce6fa7f-bb71-4bbe-ba81-845c5983abd5,34.119575499999996,-118.20707703333333,0,0
0af106e6-487b-454a-9fda-7273c86c3840,34.00609588333334,-118.44493866666666,0,0
3efdf2c7-3991-4d27-a282-b6581cb0f3eb,34.09783173333334,-118.3387909,0,0
6887f140-564d-4192-b011-0ed874c1735f,34.02709961666667,-118.39278411666668,0,0
8df5ed68-728f-4ba9-a624-f87f6a4f54aa,34.04711913333333,-118.23722076666667,0,0
5ac1803a-64a3-43cf-a852-63d15da06b94,34.0283255,-118.37234983333335,0,0
89c3408e-5c28-4540-a681-c10b0e8a2d07,34.059959416666665,-118.44790650000002,0,0
b232a025-b251-4937-b1ad-c98390f0cc80,34.06186666666667,-118.44674699999999,0,0
4fc30539-f3e2-4618-975c-ba47959840f7,34.0614115,-118.44216083333335,0,0
798b5be4-1126-4e1f-9102-f5e8d446cad5,34.056667,-118.42598799999999,0,0
2e35ab42-85cf-4512-9e78-56bd1fa50a5b,34.04870223333333,-118.24095916666666,0,0
da452ecd-3a3a-40f9-ac1b-9016b17e7d51,34.05742645,-118.48313903333334,0,0
99a20534-0cbf-4d69-a5b3-0ec8b61db9ea,34.05246735,-118.26559448333335,0,0
bf539dae-5527-4513-a746-dd2b7b30fca7,34.11576461666667,-118.24837493333334,0,0
594518cf-4015-4fe9-b06e-54caf95c1e19,34.040256500000005,-118.25845336666667,0,0
c46e275b-82db-422f-93cd-52a70c7d6b25,34.08383416666666,-118.35422500000001,0,0
a2ea1b98-7324-41ce-90af-cd8d6237d23f,34.018965,-118.40700383333333,0,0
e4715939-fc3e-4213-a045-6c28d7205819,34.03213866666667,-118.438802,0,0
51a8513b-11f8-4c9e-af9a-071ae48dd0ba,34.033641816666666,-118.38522338333333,0,0
4ff66ddc-5f9a-46b0-a920-d1b884d8635c,34.03618083333333,-118.25540600000001,0,0
26c412a0-8055-4420-9a58-9856e983ed9f,34.05499268333333,-118.25486754999999,0,0
6a6af5db-f3b8-4c2f-8f61-e156a8fefea9,34.078307333333335,-118.36046683333333,0,0
a3db217b-7231-45fb-879a-7fdbca775e98,34.100442,-118.28752633333333,0,0
1030df34-44f0-44d1-9407-e4ffaef642e3,34.01024246666667,-118.42222595,1,0
86ff99af-89e9-424c-9277-8ab84a9bbeb1,34.04513168333334,-118.36498260000002,0,0
b6e61034-8153-47ec-bc5c-63e6eda855aa,34.04512405,-118.36502074999999,0,0
7e38d8c3-1485-45b3-b59d-043fb4c6667f,34.08803176666667,-118.34288025,0,0
27a77b02-7bc9-4ed9-94f3-f39d4879d83b,34.02752303333333,-118.28041839999999,0,0
7da1511f-fe18-4143-b639-5f8232eec30b,33.99844916666667,-118.43924533333332,0,0
5513fec9-7ec2-46fa-8124-87ae39cc22fe,34.06115341666667,-118.43545531666665,0,0
6b8c78d9-a35e-48e2-9608-9962b1f84a20,34.02929688333334,-118.36619568333332,0,0
7e168759-b89a-4b83-b5cb-fee52a095a40,34.05715561666667,-118.24898528333333,0,0
64833880-25ef-4647-a9a6-d5b56190303b,34.05718016666666,-118.24899133333332,0,0
9d5b3066-7a60-465e-8818-4ba9902bc8da,34.066666833333336,-118.23650533333333,0,0
0d026b22-5452-4a68-8d85-6cebe4e83a45,34.03911166666667,-118.25747600000001,0,0
6398cbf6-8ffe-44c8-b7ed-790aecad894c,34.05906216666666,-118.23130483333334,0,0
37c3ba71-2def-4a0d-9d87-18d1641865f9,34.059146883333334,-118.23123931666666,0,0
9e76f21d-9c71-4bd0-a491-bee8bf112771,34.05471801666667,-118.24799346666666,0,0
6ea5da73-53ca-440f-a86e-47a4ee4cc50c,34.20819855,-118.45205688333333,0,0
5193eea2-d779-467e-bb51-3961b32fd299,34.14955138333333,-118.43953705,0,0
3e0433b0-445b-4946-ac30-35e49dc4971b,34.149551333333335,-118.43957266666666,0,0
339f7981-6338-46fd-88d9-9956bc1b02ae,34.0423705,-118.42525433333334,0,0
42fbd7ee-866e-4d9f-939b-f637612c89c9,33.980388633333334,-118.46733856666667,0,0
7d7f1933-30cd-43f6-a73b-0da0e7a4ec27,34.02380371666666,-118.32773590000001,0,0
6cd99339-afe3-4889-a04b-c38c3179432e,34.07030105,-118.45528411666668,0,0
b5d1f994-c20a-4d97-be7e-e913a1b30739,33.986492150000004,-118.45417785,0,0
d0a95cad-c94a-4282-869e-f81029a55db3,34.04059981666667,-118.26103973333332,0,0
befc33a6-0167-481c-9609-f23186bcf995,34.100921633333336,-118.32225799999999,0,0
f7cdc580-90c0-48ec-8e1d-a6c446b614ed,33.97625731666667,-118.42890166666666,0,0
8da1613b-af07-4c13-b540-774f19674b39,34.04332351666667,-118.4684143,0,0
287a3b81-fe8d-4298-bf78-421209ee6dd2,34.052639,-118.23159026666666,0,0
2f5b4fdd-3af4-4076-a44d-154b1d7955c4,34.054271699999994,-118.42694854999999,0,0
ecefe81d-ba37-4756-9eac-c22a1a616788,33.95965416666666,-118.43039466666666,0,0
45095c27-09e7-4916-ac5a-af861cc9836d,34.06102753333333,-118.44172668333334,0,0
d9d9f00b-fccb-408a-b0c2-898d6213fc42,34.05607605,-118.23767090000001,0,0
f2e4e029-4181-46ec-8024-011413ad7d85,34.07528305,-118.32351685,0,0
ab2724f5-2f19-470f-88f2-a0fba607c4e4,34.075271599999994,-118.32349395000001,0,0
cb8a421a-4f67-47aa-949c-4c72113c4138,34.04490366666666,-118.42048466666665,0,0
fd9bcdc4-008b-42ac-af84-b2cf0fa9ac48,34.051741666666665,-118.43889083333333,0,0
ae7dd453-7a58-4c9c-8a12-877f1db1037a,34.02920531666667,-118.24857330000002,0,0
9be9befb-4998-46f9-afde-9c9edd95486d,34.15888595,-118.50149536666667,0,0
e5eb95e0-d73d-4279-814c-13b85e84f61d,34.1589095,-118.50147666666665,0,0
2bd54e0e-0891-4a4f-a119-937d1d6d8a2b,34.046329,-118.24240566666667,0,0
8c9448ce-e99e-42f1-953b-fa718a82ac0f,34.098419183333334,-118.29148865,0,0
c5d692b8-3cd6-4a1b-ba72-ef789df7ff78,33.9723816,-118.45997620000001,0,0
c3d30c92-8d86-40b8-9f68-4019f2313efb,34.059450500000004,-118.42520383333334,0,0
c39e93ed-33aa-412d-9f0f-ccea6e2d5396,34.032413166666664,-118.39171650000002,0,0
9818eb40-55b2-4fe6-a90c-fe9a68ed2527,34.04203883333333,-118.25643283333332,0,0
9bab101a-61c9-4cce-b846-93576d50958d,34.100471500000005,-118.30733489999999,0,0
bfa54f71-72ae-4478-9384-75d30dfa6aac,33.99663925,-118.43892669999998,0,0
2f692554-0a3e-42fd-aa8a-46680250d171,34.038371,-118.36614516666666,0,0
5ccf1596-e001-47b9-a16f-495fc916cc33,34.06124496666666,-118.44612121666665,0,0
0f0a8ffd-75eb-4e05-b92d-99a3f2449e6f,34.17200016666666,-118.45595216666668,0,0
46b0a617-7f20-44d3-8ceb-13fa6356c0dd,34.171997000000005,-118.45588833333335,0,0
d5236120-60ac-478a-9e4b-a4d5f8ff4161,33.965612166666666,-118.4258745,0,0
a6792550-2ec9-4aa9-a86d-7214799b1605,34.149669,-118.45639466666668,0,0
e7548293-ba68-4e75-a005-1b49f1d46ba7,34.06523131666667,-118.45173645000001,0,0
f7452de8-6f0c-4f36-81c3-054780bccc4a,34.0606308,-118.44099426666668,0,0
49afcf18-af40-4ae8-8faf-ca6914d07d34,34.06072235,-118.24069213333333,0,0
f7451b24-eb91-4ffe-88e0-4847cfd828cb,34.09810638333333,-118.33451843333333,0,0
f0197124-6aed-495a-8fcd-e48721918f19,33.99606705,-118.44931793333332,0,0
65e1f21d-df35-4a81-9b76-2ba3446abb6e,34.014503483333336,-118.41651153333332,0,0
e60e9c75-061a-4cd0-b03b-d3cb4f34360a,34.1524353,-118.45744323333332,0,0
b413a52f-dedb-4f55-adce-fe40319299dc,34.04149246666667,-118.25804138333334,0,0
317ca587-8379-4bdf-ae1e-23c65c5cb4a9,33.98322678333333,-118.33072661666665,0,0
a5a25a78-bdce-4ce5-a925-03b37c2f3605,33.98625946666667,-118.40032958333335,0,0
ba7f1d24-c4f8-43fa-82df-c345e68cfae2,34.038356783333334,-118.4418335,0,0
11d06c67-dc86-4f02-be16-2d7a263345f4,34.09976578333333,-118.3378601,0,0
121f606f-b2be-4b78-a886-5317fa00859a,34.02791213333333,-118.28261566666667,0,0
07db13ec-5400-49bc-8d00-32ff9d138408,34.072586066666666,-118.43499756666667,0,0
e94519d8-ee1f-4c3d-b493-298e279f2eac,34.06431198333333,-118.45243073333334,0,0
05642c8d-9133-4cef-bc6c-723060c2254b,34.056619500000004,-118.24773266666668,0,0
e6b39174-67af-447e-ad85-8c48ce7fb26a,34.0566063,-118.24772643333333,0,0
4cd4d930-e05f-4532-b59d-2089df5a30b1,34.0979805,-118.3599472,0,0
e8f0ff50-3d43-4b62-9e5f-d88e4ef95124,33.959026333333334,-118.43785858333334,0,0
0ff3b069-9aa6-453b-a160-0401347c598f,34.094423,-118.34295449999999,0,0
31b582c2-b67b-4856-8593-47b7ab3a0f1f,34.055394500000006,-118.20494516666668,0,0
8897b2b0-b935-4809-bf03-44ebbb7ea4f0,33.98752593333334,-118.47245788333333,0,0
782122b7-c8b4-47f5-8e05-f3b815411500,33.97954178333334,-118.39985656666667,0,0
b4a7aa33-ab92-473e-bc8a-f78181a043fc,34.07378966666667,-118.4598715,0,0
34bb08dd-9386-483b-bcbc-3b8405df03e5,34.04470825,-118.24032593333335,0,0
a7ae4abf-1f66-4fc0-8e39-6f2ec208c4cf,34.06794738333333,-118.23860168333334,0,0
daadbc02-fdd1-4bdc-8994-264377cea448,34.06580735,-118.23940276666666,0,0
2ca7605a-a2ca-4ec5-8863-7dd1bb3546be,34.04153061666667,-118.46949768333334,0,0
adbd8526-b34f-4749-a96a-a8e261b329ad,34.11626416666666,-118.2725985,0,0
975cb5c9-7212-4022-a87e-65e7ad555b2e,34.036277766666664,-118.20771789999999,0,0
bef3c3be-d96e-4f0e-8686-12348acd2ed2,34.039199833333335,-118.26272583333333,0,0
161a03e6-b8ec-4996-8277-a5396d1a275d,34.048698433333335,-118.24071503333334,0,0
09ae13ae-0ac0-4c96-a7d5-4ad8b0c49862,33.990074150000005,-118.44831848333334,0,0
faac679f-390b-463a-bfd6-94b720bc0840,34.03099916666667,-118.36633866666668,0,0
543af47d-05ca-40a5-bfde-ad2a5cf697b3,33.98959731666666,-118.44828796666667,0,0
6c2e8384-a87b-4490-b40f-0243092f36fd,33.95973216666666,-118.4253555,0,0
58d9562f-0ce9-47ec-99e2-7b749166343e,34.04767226666667,-118.44506073333332,0,0
3a6550d6-b48b-411d-ab5e-38ee8159d800,34.091003416666666,-118.29627228333332,0,0
a2c30239-0fe5-4c6b-8f81-f70e07c4d2f3,34.056507116666666,-118.24433898333334,0,0
c62cd01e-3517-4939-b8be-eabf14558ca9,34.1054802,-118.31916046666666,0,0
42343efa-d381-4498-9312-7310f798d847,34.10040665,-118.33862305,0,0
ed9d1eb4-31c3-4a98-a840-aded8ab34b15,34.04589461666667,-118.26177215000001,0,0
6a64e32d-669a-4331-bd13-b68cb487fa6d,34.08377075,-118.28701019999998,0,0
b3014bee-b2f4-45d5-80dc-4a429e58dd6f,34.101036066666666,-118.36441803333334,0,0
9c5380e1-2abc-474e-beaf-f4e850b6cbfd,34.054874416666664,-118.25502776666666,0,0
87743e49-5c12-462f-8c85-9e3745918fcd,34.083488333333335,-118.34958966666666,0,0
5df9430f-bdbf-40a9-9c30-17f9afd739aa,34.05558395,-118.44446563333334,0,0
553aeebd-b422-4adf-a9f3-d4333dc1665e,34.06557465,-118.23423003333333,0,0
c8290955-076b-4a3c-86c3-30778bf80533,34.07004165,-118.34860230000001,0,0
688b8eea-5f17-4088-bfed-551c138baed8,33.961349483333336,-118.45220946666669,0,0
e0151f23-3134-4655-be95-84f6719cbeae,34.10089493333333,-118.3223114,0,0
626242b2-9d99-4961-b7be-794e1d3c4698,34.020953500000005,-118.40263566666665,0,0
61f41ae0-a4ba-4573-8c3d-22d913bdded2,34.05807066666667,-118.42506616666667,0,0
edcd1667-0477-46c6-87ad-b893da9dc880,34.05310058333334,-118.27152251666666,0,0
00d93eaf-9d0d-4628-8e9e-011afadebbe5,33.996505733333336,-118.44826508333333,0,0
3d76a55a-823d-4207-a183-5528a2a45197,34.100956833333335,-118.34535699999999,0,0
358d17db-fd12-4fc4-811b-d819e4ee0ba4,34.100437166666666,-118.34123229999999,0,0
0399dd93-fb01-4c72-9248-c0b9defc0ebc,33.96243286666667,-118.43488311666667,0,0
01afeb48-47f8-4c31-a8da-f423e8906d6c,34.06071333333333,-118.44202033333335,0,0
d6fa6266-b632-438c-816e-a0e6779a040e,34.06225205,-118.4430542,0,0
e2faa0de-ce3a-4565-a268-65ade3b8fda6,33.99268723333333,-118.46799468333332,0,0
7ff9ac59-b856-40cc-813a-6a79f9ca901e,34.02440633333333,-118.329522,0,0
0457203d-1fb3-49a8-b944-cd9acbf5f493,34.052635200000005,-118.43715668333334,0,0
63e0e236-1ebf-4fd9-81f5-856b3ae0da17,33.9984932,-118.4730072,0,0
ba350056-2acd-47e5-bcdb-e42477a39959,34.06188965,-118.45012665,0,0
719a6e1f-7346-4bec-a928-e238585b9d92,34.0484085,-118.36727141666667,0,0
0a714472-63d6-467f-82c8-82928336ae2a,34.06276321666667,-118.45096588333332,0,0
a4a60cba-3e2f-4466-bf86-73b9078ade23,33.98025131666667,-118.46553039999999,0,0
4d793f51-00e8-4499-9b88-1b2ac2bc7fda,34.14961243333333,-118.44194029999998,0,0
7b10e113-a1b3-4436-bdeb-8870aa5544a5,34.02679443333333,-118.36885070000001,0,0
532138da-7ffa-4936-9cfe-9755c39cfac5,33.9775467,-118.41819,0,0
8c3c2500-431a-4c1a-9c7d-9b6e2eb90f51,34.097877499999996,-118.33266448333333,0,0
652333a2-7dd4-4830-8a32-7fbb6f980ba2,34.06856536666667,-118.24606323333335,0,0
3245a05b-a3db-4bec-804d-ccec2324a141,34.10188675,-118.30993651666668,0,0
788d1204-cf05-467e-9e22-e69d53106f0a,34.17186616666667,-118.50265266666665,0,0
122efa81-c52d-4fe3-b241-c0b6b6d841e5,34.03975296666667,-118.25591278333334,0,0
dc5c3660-1b98-432d-a3a8-c32428d8edda,34.10188675,-118.30998229999999,0,0
208ce476-d105-44a8-a872-34b2d16fbee6,34.00867461666667,-118.4500122,0,0
5caaafa6-d00d-465c-9b0b-a2cd1ced30d6,34.04708861666666,-118.25643921666666,0,0
5bd05a37-37af-47e3-a631-50b82932bc4a,34.05902481666667,-118.44800568333334,0,0
63261039-4fe4-41df-a3e7-5be5547de2c5,33.999050133333334,-118.47013091666668,0,0
79f09400-d8e5-438d-bbbf-f5a7f7c5bfd9,34.03170983333334,-118.3944065,0,0
9809a8b7-d803-4699-98ac-e9c83c1436cf,34.05914333333333,-118.44860916666667,0,0
676d16bd-b75e-4b9e-ae11-a10599df32d6,34.154430166666664,-118.46876183333333,0,0
bcc8320e-895c-4bc1-8451-4b7d653835c3,34.00273513333333,-118.43496703333334,0,0
06120f85-9baa-4b02-85a4-9f0bbc512626,34.10092926666667,-118.28717803333332,0,0
e18c6da1-7583-44b4-9d72-5a2aa9d87f56,34.08377456666666,-118.35428619999999,0,0
b62722b3-bb05-45b1-9b09-06ceee7f1938,34.06565856666667,-118.29187775,0,0
7d3e8d32-dae7-46ad-9db0-13b948f7a64f,34.047515866666664,-118.25676726666667,1,0
07bb3c70-e969-4f48-887e-8c7d7a0230ad,34.070495599999994,-118.45433045,0,0
6b8a06fc-3382-4b22-a07b-7b6b2f226c92,34.16380466666667,-118.41811133333334,0,0
853819c6-0707-4bc8-9565-99e2784c7d12,34.06373215,-118.44809723333334,0,0
dc6aa5e0-2842-402d-b015-d99385cab25d,34.03942871666666,-118.26587676666668,0,0
f1256cf3-3577-4619-b50b-13a3f20072c3,34.039470666666666,-118.26580809999999,0,0
7f9a4094-e3ba-4377-92a0-87cd0e3cf31e,34.03939438333334,-118.26578521666667,0,0
2b0caf5d-4b15-4a10-be96-644b11473af6,34.10079633333333,-118.34487633333335,0,0
a62cbe1c-87a0-49a1-b1ee-fe6e2b48fa7b,34.06926345,-118.4526596,0,0
eef630d9-f612-47e8-a5ea-99681f4d8452,34.048275,-118.21842193333332,0,0
0fab7b7c-f8ef-48d1-b3c3-287e4c35a92f,34.044883733333336,-118.25376891666669,0,0
399e2b7b-a6dc-4d0c-9b59-f41531ab4ad5,33.99101256666667,-118.46726226666667,0,0
fd3f25ba-acd4-491a-8205-be97dcd46463,34.06214523333333,-118.28417205,0,0
cf53aa59-8d5d-4a8f-97b6-14ebcf24fee3,34.070125583333336,-118.35143279999998,0,0
507c4d73-5eeb-4960-9484-b5e7009f1fef,34.05600356666666,-118.27119445000001,0,0
e5d35f63-60f7-41c8-b004-d3aaef88d200,33.9910698,-118.46318054999999,0,0
2985e68a-6c73-40de-8c12-87bb0e7dccca,34.033962249999995,-118.38053131666666,0,0
f491e311-84e3-4481-a41f-542e14bed21f,34.110336999999994,-118.33296633333333,0,0
eb814fad-499c-462d-a312-b9d0de1aa1a7,34.026336666666666,-118.28064728333332,0,0
b3b6dc3e-773a-44e5-8d16-cdd5a87c123b,34.09841536666667,-118.35440063333333,0,0
3f6216d9-f67d-4bda-a842-aa6a46642b8e,34.063266750000004,-118.45251465000001,0,0
840b1fe4-2052-4260-8659-f1272b2b89d5,33.991065983333336,-118.46338653333332,0,0
495ab2a7-392b-42ea-a781-6d893a3eec37,34.03609466666667,-118.3178482,0,0
1fc908ff-3bd6-4229-9dbd-4626ba8deb9a,34.0981369,-118.3562622,0,0
b9be2296-3ffe-417d-a873-a4b8f5e172e3,34.04290771666667,-118.35097503333333,0,0
1369e5a4-482c-4cdf-a2cc-9653ba228739,34.04542923333334,-118.45169830000002,0,0
c2af3fef-5ca3-4999-9172-394eb4c8a77c,34.095512383333336,-118.29669190000001,0,0
e31b21e7-0547-4b05-a19d-5ed70f04f3b9,33.99994278333334,-118.46528625,0,0
7fdcefb3-1ac2-4ded-aa47-dd1f27045a0d,34.10058211666667,-118.33849335000001,0,0
e34cae0d-10ef-483b-8185-c0d62db69834,34.100589750000005,-118.33847808333333,0,0
5188f183-2d82-4e9e-84da-be1265c2f920,34.04783248333333,-118.23922730000001,0,0
916b06ea-735d-468b-9fd8-ad6dabbcd3de,34.0461015,-118.26242783333333,0,0
f6c25dc1-fd9b-4205-be44-8fd03813aaaf,34.05556106666667,-118.25395965000001,0,0
bdf54b6b-8ab4-4dae-b407-a94268be15fd,34.07625961666667,-118.35236358333334,0,0
b3845625-043c-449d-84ac-76b25ef7e034,34.0762135,-118.35208516666668,0,0
2a6b46ec-abaa-4d47-85ef-44191510b80b,34.07634916666667,-118.34990616666667,0,0
d8efb4c5-a0cd-4ec4-939c-f528b8161cb6,34.0763315,-118.34987449999998,0,0
bad52b41-77a4-4b9d-ad38-9abf7606e24f,34.07635466666667,-118.34986566666666,0,0
1a50852d-341a-4990-a218-19b060b9a109,34.07632828333333,-118.34992218333333,0,0
dfd4f61a-fc35-42b3-906c-cf03a90b0ce8,34.093437200000004,-118.33628845,0,0
cedbeef0-1a8b-4c52-98f1-2091a620819d,34.058456500000005,-118.26390483333334,0,0
f6d70e0a-b2db-40fb-a3ec-4316fbf600e4,34.07638931666667,-118.34860991666667,0,0
56eb1771-f4e0-4e3b-b0c9-38a5119db1e8,34.07638931666667,-118.34857939999999,0,0
86700f89-91cb-4a63-8abe-bff646c2c81f,34.07640075,-118.34856415,0,0
5d49cef1-8e5e-45cc-b620-94032ec143e6,34.0763855,-118.34857939999999,0,0
d7e1af7b-0bc4-47c1-b7f4-7ce42991ef11,34.07638168333334,-118.34860230000001,0,0
8d04f18d-7644-437e-a5bd-f8e4816157a6,33.97358703333334,-118.45903015,0,0
de1096c3-2ed8-4301-9a20-6ffed9c0b826,34.07629013333334,-118.34729766666666,0,0
d938fca1-b024-4e3d-ae06-3c0f1353ac34,34.076301566666665,-118.34725951666665,0,0
2b8fc8ba-e8ad-476c-9881-a9e5965bc5d2,34.07626716666667,-118.34728966666668,0,0
8db3c700-480a-46a1-9130-b71e879a7d27,34.03284835,-118.26024628333334,0,0
9e22edb7-ce35-4094-bc93-431a15b7b4a0,34.0560535,-118.23842216666665,0,0
435094cf-c8c8-4723-bb1c-199f78e25566,34.056209566666666,-118.23826598333332,0,0
e716e10c-935d-4863-b58e-6b97e8712acd,34.056201933333334,-118.23826598333332,0,0
eae32b7e-ff9b-486e-a9bf-14ceddf20901,34.03574183333333,-118.38164533333332,0,0
4bdda74a-6c72-4ca3-aac1-e1a2bc4f9305,33.991436,-118.46823883333333,0,0
5243d91c-4d2d-4787-8d7d-55e9f4f98c30,34.10753666666667,-118.27651383333333,0,0
a731c690-c32e-4408-b6b7-61b6ad5e8ac0,34.03744506666667,-118.23255156666667,0,0
5b7441a7-0a9e-49e2-aee7-e7a5841fc332,34.02079783333333,-118.35681983333333,0,0
29059880-dcf4-47a8-bedc-4d39878d1438,34.1075415,-118.27649166666667,0,0
90d2525b-6cb4-4e03-b9cd-eac4a249d56a,34.06172333333333,-118.44639133333334,0,0
ff68fc2f-fb36-471e-bd3c-b9a112d77ac4,34.083655,-118.35767666666668,0,0
27c75c72-a7d1-4729-b3df-11b70410f1c2,34.000133516666665,-118.46503448333333,0,0
3cb00bc9-560d-4cb8-b5ee-b9252cb53198,34.0466423,-118.26279449999998,0,0
fdb1f761-1366-45c1-b918-ad5d6297bc2f,33.99897003333333,-118.44330596666666,0,0
2417bec6-ce1c-4e46-89e2-e38eabb126a8,33.99900818333333,-118.44334411666665,0,0
d6e0cb81-fc92-4bf6-8088-4b1ac0f6048a,33.998972,-118.44331666666668,0,0
01c742f2-10ec-474c-9cbe-3f22a5e570cc,34.05639116666667,-118.42608866666666,0,0
7f10aa0c-1fb1-4d2b-aba8-0c68906bded3,34.0556221,-118.25395203333333,0,0
e2003886-db92-44da-bd83-2b0c24a61df3,34.07636433333333,-118.37845549999999,0,0
7390f6d9-7b05-4658-9208-2dff2d977ace,34.08319855,-118.34416961666666,0,0
594c2410-7674-44a4-8f6a-96a63ea44dd4,34.08319855,-118.3442154,0,0
53f4f9d7-6acb-42f5-8bd6-a77de02e5c80,34.08320236666667,-118.34420013333332,0,0
33e671a9-ee67-4364-b812-54fe0ac2c02e,34.02327728333333,-118.39976501666666,0,0
fde98a95-ab16-412b-beb1-dc2aa163f448,34.05553436666666,-118.26257325,0,0
c5696f6c-3d97-4646-b742-46c6a2c49fcb,34.03616715,-118.25743103333335,0,0
1cae4972-4d46-43ce-8a88-3d829da5e4b7,34.0969963,-118.35594940000001,0,0
925dd42c-dd0a-4863-91a4-19c7c86af645,33.992050166666665,-118.44139098333332,0,0
84a898e5-233e-4566-b375-f37abb9f3141,33.992004400000006,-118.44136046666667,0,0
e9dcd7dd-c918-4e5d-bef1-1639bb6bb301,34.066539766666665,-118.23654938333333,0,0
b3e2c3db-195d-4c6e-886b-b59ab0388084,33.99939346666667,-118.47239685000001,0,0
8e6d9200-d703-4d99-ad55-560279f3fa9c,34.04834983333333,-118.24041433333332,0,0
ffa79cc5-9bfb-4589-af86-2a9e2cb82c64,34.04836133333333,-118.24044483333334,0,0
303ad639-efaa-42f0-95b6-919eb6e6f490,34.023897166666664,-118.28370416666667,0,0
508e0a98-0314-436e-92d6-427dceed64ea,34.04581666666666,-118.46713266666666,0,0
ae048c8f-87a2-4690-9c5f-ae33d3ca4831,34.059768166666665,-118.23953466666666,0,0
55a2f866-27ee-4cad-a9c7-0afc4c7efc23,34.156025500000005,-118.36775483333334,0,0
acc2913b-bb89-4302-a3ec-dc1e2b3de15e,34.06719116666667,-118.45955766666665,0,0
c97bfa39-bf70-4dcf-9ee8-6cd9042a1cae,34.067499,-118.45977883333335,0,0
aa9d4fea-9480-4840-b805-bfa5ba2c8b9b,34.098220833333336,-118.32821655000001,0,0
3812c124-57a3-442c-bde2-dc6376bc601e,34.10158156666667,-118.32194518333333,0,0
3ec4c963-e951-42d2-b01e-a70e97262dd2,34.10528416666667,-118.29170866666666,0,0
8ff702a0-5112-4f39-95e3-65e24926335a,34.10528816666667,-118.29172483333332,0,0
f8662e61-77d8-4e77-99d9-53ff58c3a539,34.09085465,-118.33889008333333,0,0
99b765f5-bb41-48bb-ac0b-050df6613637,34.02455138333333,-118.28603363333335,0,0
2af82fdf-3915-430f-a48e-e753877d5480,34.10525416666667,-118.32051750000001,0,0
e2b17ff6-dc8f-4b63-bae3-198bda7d29b1,34.030090333333334,-118.25955199999999,0,0
2ba6a246-2355-44fd-a10c-33f5328c5e1f,34.04593658333333,-118.2331543,0,0
754222a6-b755-47f5-93a0-000fc6f64376,33.9714508,-118.3753128,0,0
50f687ea-8520-46d2-a92d-433e337ffe44,34.08376693333333,-118.37091826666668,0,0
a5e7487a-69f6-4af1-b000-efd986229f9e,34.0761528,-118.32417296666667,0,0
4a43bd8b-447d-42fc-82a2-0bf05c903e23,34.032903000000005,-118.33651149999999,0,0
ecdc8a22-b93c-450b-9259-717f07278259,34.0786705,-118.27913665,0,0
6da1a209-84e1-4a15-aee2-39f7d06947de,34.106628416666666,-118.34233093333333,0,0
e524ff29-345d-4754-904f-f3b4c8cc0257,33.99882888333333,-118.4664917,0,0
decc9599-d7ff-432e-a426-8dee9f621c89,33.998836516666664,-118.46652221666666,0,0
646c62c7-573c-4ad6-9bfc-0a6b61ce5b7c,33.99880218333333,-118.46647643333333,0,0
4be7a92f-aa85-4658-a503-8466ddf44029,33.9456482,-118.37103271666668,0,0
c8780dfb-d1ec-443b-980b-ba40ae06877f,34.01642226666667,-118.36493683333335,0,0
01c9a834-1913-45fc-adc3-151726b2af15,34.04887771666667,-118.24092864999999,0,0
3500c6a0-1f7a-4809-87f4-2d6b92482c75,34.08389433333333,-118.35003083333335,0,0
f54b09a5-00f9-435a-a6d0-385cdb52557e,33.98885726666666,-118.46272278333332,0,0
bb960b4c-4276-4a6c-ba98-a2ceaa428fe0,33.96853638333334,-118.45793915,0,0
47cc9dfc-a888-4b31-a90d-5e8ae05eabab,34.156776433333334,-118.47279358333331,0,0
f8fc845d-6f3a-478a-bb0f-cd864992663a,33.94593666666666,-118.37122633333333,0,0
05213705-0123-4447-b2e7-364cc2b0c59d,34.15946578333333,-118.47155761666666,0,0
5378234b-d70c-4cae-8e9e-5ab69532193b,34.061487166666666,-118.44152166666666,0,0
fa623e44-2f6e-4bcb-aedb-8c63a5c452fb,34.06156158333333,-118.44149016666667,0,0
cfcb489c-b761-4fbd-8a7a-642a298aaba5,34.064445500000005,-118.21544646666668,0,0
2bf5cd48-20ff-4ba1-a090-9b48e7fa898f,34.05762466666667,-118.24593816666666,0,0
87f03d71-2627-447e-8ea7-6851fa4d5133,34.029216766666664,-118.31214905,0,0
2f345cdc-df41-4305-92f2-c7902aeed413,34.04040146666667,-118.25336456666668,0,0
34447f00-dce1-42f9-87fa-13e96982c461,34.06298828333333,-118.45187378333334,0,0
fb391ed5-0c87-4b43-be49-4ea9e70e1f3a,34.06514358333333,-118.45082855000001,0,0
433c4775-0b1a-430e-a457-f32155c83ac5,34.06513595,-118.45082855000001,0,0
d3124a73-5ae3-479f-8186-690af9390d69,34.08328628333334,-118.35629271666667,0,0
7cdbfb05-0ebc-4ffb-95f5-384ed2a0a8e6,34.10039716666667,-118.33859400000001,0,0
7cb4ab0d-204d-41d8-98f7-b98368c0d750,34.0836296,-118.35603333333331,0,0
4b50b801-3c36-4648-9a81-86f7a7a58115,34.04602813333334,-118.26152801666667,0,0
bd0bb5d3-6611-4c45-8e10-47bc0e0c3f4f,34.15795516666667,-118.52075958333334,0,0
8a795e6e-e5fd-4662-9a66-238e54add226,34.045176833333336,-118.26017533333334,0,0
09fa2624-129d-4392-a8c8-04b44d1a30d1,34.04520798333333,-118.26016998333334,0,0
2b9a4d1c-70e9-4bf8-8d31-ebcd976e5522,34.047969816666665,-118.23090363333334,0,0
b3a9ef3d-0236-47cf-8fb0-47d1039a0b4b,34.07035116666667,-118.44969416666666,0,0
f65422d3-f0be-468e-8b0a-2f79f444e623,34.03902435,-118.25330353333332,0,0
d66a1de3-473f-4f01-a34b-d8363b959473,33.94597245,-118.37097931666668,0,0
a6ac8b0d-7796-46cb-8ace-3789b82a9d0c,34.04434683333333,-118.26242900000001,0,0
4ab5524d-f8cd-4a89-bd41-b7c470343c73,34.08400345,-118.35995483333333,0,0
ee5486a0-792a-4d7f-ae1d-39e1460a13c7,34.05694283333333,-118.46483916666666,0,0
35b7bf93-63a2-41e4-ae43-b87840392872,34.101848600000004,-118.31095123333334,0,0
6aac1cfd-bcb0-432c-8af0-cb747d200351,34.10414886666667,-118.30704498333334,0,0
af20a1c6-2e4c-4c91-bdcf-f1116aeb5ac3,34.022233166666666,-118.32829633333334,0,0
8a88632e-505f-45f8-8919-91e3e566b5a2,34.07113266666667,-118.29706573333333,0,0
83c9be0e-c2fd-4e5b-9fc1-5e14ceebff47,34.02919883333333,-118.40401083333333,0,0
b4e9f4eb-6b84-497b-8991-98b0911c2a32,34.05307033333334,-118.44359183333333,0,0
cb514b37-c96a-4d74-9160-efdf2b0007e5,34.09773255,-118.35322570000001,0,0
5f5b860a-e1cd-49ab-af0f-25ee877fdc56,34.020221666666664,-118.40698066666667,0,0
2d513b56-527c-411c-ab07-174ed4f23426,34.110058,-118.28534683333334,0,0
d93967cf-5c11-4ad8-a897-b99e3417c457,34.0387195,-118.26916183333333,0,0
4fa05522-a164-4b52-85c3-84e3817869da,34.04519271666666,-118.26020813333335,0,0
7261fe46-1e5a-4c1b-8525-70e5813514f6,34.10624695,-118.28730773333334,0,0
192d494d-3979-4c19-938e-545ff3be78db,34.05597305,-118.44361114999998,0,0
12b20132-1031-439b-b332-d49c6d1df40e,34.04589461666667,-118.29142761666665,0,0
e51ebb8d-4749-443b-88a7-03e481bc7c83,34.02552683333333,-118.32813483333332,0,0
4d8872a5-f1b3-4725-bac4-820d489e19e4,33.962989799999995,-118.42554473333333,0,0
076fa02c-5e8f-462c-a8cb-b28609ae7143,34.0260849,-118.36104583333332,0,0
6c6a8476-c5ca-401a-bbbf-d983e443943e,34.160373,-118.42571616666667,0,0
7318f1ed-bcf9-48b2-a45a-d4d7a6b8c548,33.996280666666664,-118.45783233333334,0,0
fbf74d63-6efd-408a-b340-a59682111a3b,34.09537125,-118.30913543333332,0,0
e75d4a1b-4f0b-423b-bb57-45f01ee50519,34.07376098333334,-118.44300841666667,0,0
0d995ea5-c12e-448e-9122-7e8b16d3321b,34.047279499999995,-118.41513183333333,0,0
06857d9d-cb00-43e0-8887-2708d5251a56,34.11400604999999,-118.32065581666666,0,0
a6215eb2-32c9-40ce-9af3-ce9b907798bf,34.05953533333333,-118.26585366666669,0,0
6b3182fd-8fe0-465f-a7d6-e55782ed2f54,34.08184051666667,-118.24158478333332,0,0
b8f86caf-b3d0-454d-860c-e9a73ef695d9,34.05360413333334,-118.25573729999999,0,0
eca697da-8f99-4ddb-a983-059e670b1b84,34.0614357,-118.47707366666667,0,0
1ad5fc31-3826-4c99-86e2-7495be2870af,34.05957,-118.44601283333334,0,0
5a9f057e-13b4-42ac-b8cf-6cca1684fd56,34.09170531666667,-118.32978820000001,0,0
36b4cf66-98de-47af-93fa-4525ab8720b0,34.0619011,-118.44676971666668,0,0
78459988-8247-4ca8-85be-cbafd4a90bf4,34.0467987,-118.45310211666668,0,0
0099555b-530e-452f-b030-f790e2fe91c1,34.033191333333335,-118.26414449999999,0,0
011c615e-c11f-4b17-8793-ea977c459eaf,34.06715393333333,-118.42877196666669,0,0
825f6cb2-2256-4697-a0aa-6d2b38ff0e7c,34.099960333333335,-118.32965850000001,0,0
055546c5-9e88-4d37-bf3d-de43bc8d4beb,34.04586028333333,-118.26132201666665,0,0
d6ab70e4-7c29-4c43-8343-c1ab2410a02a,34.08364105,-118.3678894,0,0
fa972d59-f536-4eb7-bc94-b6e3151ba46f,34.0667038,-118.23018646666667,0,0
c7a6ddd5-42d7-43aa-a5ab-8fe1be4b582a,34.10214233333333,-118.309021,0,0
04fd7cbf-0b47-48b7-b104-987844744728,33.99436188333333,-118.4763565,0,0
e83a21aa-0df0-4c4e-8f5f-eecdfd53b1b5,34.056961066666666,-118.44326781666665,0,0
2293d3ad-f154-428b-ae0b-fae293723bcc,34.10513686666666,-118.34881591666665,0,0
44fd5da3-1acd-462b-9f0e-35df31f5a136,34.03286183333333,-118.37648066666667,0,0
44cbc53b-dd06-442c-b9e4-f5dcc7d69214,34.04468155,-118.23233795,0,0
2a30e503-e890-4874-ac69-f07d99bd6be7,34.08384323333333,-118.37169646666668,0,0
4509c8ca-8be3-4eb6-9997-488ee8a602d2,34.08385848333333,-118.37165833333331,0,0
345d08c5-66d4-478e-81aa-a7c18d3e7984,34.08384705,-118.37165833333331,0,0
0d1e500f-e158-4151-a161-b9ba49bb4e36,34.08386611666666,-118.37165833333331,0,0
728fef14-be31-4eb4-bf36-3fa4aa03a69e,34.06918633333333,-118.45976766666666,0,0
89c26434-85f7-495a-8f9f-db530c6f66d0,34.15601348333333,-118.45405578333333,0,0
939bae5f-15a4-424e-bbfc-3596b2956ddc,34.083815666666666,-118.37185783333334,0,0
5cb7dc87-867a-4813-9e60-320b13c93d58,34.083812716666664,-118.37189483333334,0,0
691c7529-be27-4f41-8a77-18dac3915539,34.083793633333336,-118.37193298333335,0,0
affd8ef4-f5d2-46e8-b32b-45c03ab5c85b,34.08376316666667,-118.37192699999999,0,0
e5459c54-ed8c-45b1-92b7-fc472fe7e4ac,33.987866000000004,-118.45408766666667,0,0
ac3b6369-0c9a-4c45-86b2-00106debcb09,34.09194565,-118.31917571666666,0,0
86e65819-376c-47d4-aacb-75777155f99f,33.99420166666666,-118.47945403333333,0,0
8f8280ab-1973-4eee-a144-91ef090ea0a5,34.057589666666665,-118.44582416666665,0,0
d71dba36-e1ad-485b-afce-8626ccc05bf4,34.04612833333333,-118.25772350000001,0,0
247c00ea-ebf9-479c-b644-697e74ffc091,33.95672606666667,-118.39075470000002,0,0
c5204834-4831-4bb0-8d04-2f82c007bf4d,34.05060576666666,-118.24085998333334,0,0
b6f480ff-749b-4c5d-984b-77635d4e63b3,33.95953368333333,-118.39619445000001,0,0
5cfc1639-be17-476f-a458-3f0175551600,34.10329983333334,-118.34890066666667,0,0
91441ab9-e2df-43e4-842d-00a7da32d63e,34.055572500000004,-118.44444916666667,0,0
0fade0e4-a075-478f-87b3-accf51af5e90,34.0263977,-118.3706665,0,0
ff6974bc-aab0-47a4-91da-a5afe1cfcda4,34.098178866666665,-118.3562622,0,0
3129a808-dba8-4e21-82e8-27b2935d8596,34.09978485,-118.34148406666667,0,0
d164f568-3898-4fe8-b70d-d8db733f4f96,34.07358551666667,-118.34888458333334,0,0
aa6dc541-7826-4941-843d-035b4f7a1d6f,33.989413166666665,-118.30032333333332,0,0
a0284112-70b6-4dac-bd7f-f0544d7ed4eb,34.100399016666664,-118.34052276666668,0,0
c27f0a81-c345-4d90-88a2-b65cfa1874c5,34.10595321666666,-118.33348083333334,0,0
27ffa1c6-52c7-4df5-8c0f-ad478b25e04a,34.0983405,-118.34147066666668,0,0
7c038db2-2183-4c64-bc3c-fb230c1bd6f6,34.09833416666667,-118.34145850000002,0,0
184b6f72-46bb-4dba-b103-7d2498d4dac4,34.058147500000004,-118.44334533333334,0,0
61a9cb5d-3ad7-4f01-8723-810ba8e11350,34.04029465,-118.24078368333333,1,0
ad8e1634-1fb2-4868-bf03-0d712cbd7b78,34.0791092,-118.36134338333335,1,0
2d5e3ebd-10de-4fa6-8e0e-8f8d76d36d8a,33.95654296666667,-118.44280243333333,0,0
e617e170-c886-4661-bf2d-71c578c0a7b0,34.054748000000004,-118.44186833333333,0,0
b3b36280-0d7f-4354-b03c-1206105527e6,34.05403518333333,-118.32986449999999,0,0
e9e8cb72-c2ca-4e06-a8ae-90ef0b8b2ec6,34.043640133333334,-118.26177215000001,0,0
8cb3ff9d-459d-4172-b279-7e2ed1208692,34.04393768333333,-118.26188660000001,0,0
1a46c7a4-a075-4c18-b758-5fb921102c6d,34.04509783333333,-118.26024333333335,0,0
f3265047-a326-4aaa-911c-6a9b7fa644b3,33.98762511666666,-118.43974304999999,0,0
dbb02ae8-6a04-4e00-a880-e8a5ef14c1db,34.0394516,-118.23120116666665,0,0
841d378e-7a48-43d0-9735-6ba42ff438e6,34.018852233333334,-118.40634918333332,0,0
147e312e-8c1d-4971-92e8-cbb92d9a8111,34.02915573333333,-118.40377808333332,0,0
ec89f970-41ac-433d-8ffa-9ae5d1823dcb,33.97067259999999,-118.45955658333332,0,0
e2d3ee76-c861-4f98-b2ee-5ee69ba32ee7,33.99921798333333,-118.44089508333333,0,0
27f84465-6f97-4b63-aa48-d867edda2b66,34.083356333333334,-118.34439983333331,0,0
95a54b3a-6102-497f-b022-b857061ad4b0,34.0580864,-118.46580504999999,0,0
478b2641-9486-4eab-bf5f-2db91230e817,34.0600853,-118.44654083333334,0,0
fe7e0ebf-fd03-4ac5-83ec-22ff89c67ec1,34.070961499999996,-118.45499450000001,0,0
f2a3eda0-f287-4d84-9458-2328b45186f2,34.0661583,-118.42517853333332,0,0
25b6f385-78fa-4882-9d1c-1670e9d03ddd,34.06809616666667,-118.46445465000001,0,0
6bc6443f-9d0f-4d23-9831-8b896fc09edf,34.05191421666667,-118.43941498333334,0,0
6962e4db-b1ee-4b84-8c84-966a2756e90a,34.06240845,-118.44415283333335,0,0
828d5650-c425-4965-ba2d-e97aeed8b846,34.07264883333333,-118.24731066666666,0,0
6119a125-6721-4827-8271-a7c7eaa5f8ae,34.06232451666666,-118.44557953333333,0,0
4f9821af-08d5-4ff1-827e-844c55a4c73d,33.98476791666667,-118.45861053333334,0,0
4ae09a13-76c6-4f53-9f72-3f3921fe37c4,33.98873138333333,-118.45551300000001,0,0
e2768638-ab2d-4502-b630-a4bed7bb396a,34.04095383333333,-118.34980733333332,0,0
d7b2fd98-43e4-47eb-97e6-9d8e6aefef72,34.10038376666667,-118.32958221666668,0,0
04ce2bc0-5d71-4853-bf99-e923ea37d347,34.046939849999994,-118.30892181666668,0,0
4ce37533-2f9a-4aa5-9298-8fdfeb9914a8,34.04266738333333,-118.26094055,0,0
d16644bf-a2bf-4578-ac7c-e0ceeb7d5c43,34.09170913333333,-118.28787994999999,0,0
d739df53-b644-4aba-8435-fd9972dd9e35,34.091697700000005,-118.28786468333334,0,0
86415a21-141a-44cc-9f0c-36123ccfe4be,34.02905655,-118.40411376666667,0,0
515ff35b-0730-4bdc-aead-35c543d16218,34.02653016666667,-118.29741883333332,0,0
fb022cff-4450-4fb5-8d7c-033343041ce0,34.05054091666667,-118.32965088333334,0,0
67d6d89d-010a-46e5-a3ba-33ba875bd2ea,34.037269599999995,-118.25585174999999,0,0
54c1cd09-88f7-4735-9e29-edb2f2186ecd,34.018962,-118.40700883333332,0,0
a9ed22f0-e874-4ed4-9f6d-daf58372bd32,34.09363556666666,-118.25727081666668,0,0
71067ba1-a7a3-4ec1-a849-b4c315f140d7,34.05982208333333,-118.44631958333333,0,0
f732b7e1-ffe1-428d-9c1d-0e536d7d9324,34.05922366666667,-118.42488266666666,0,0
a3b5dbf2-56ea-4638-b542-42403c8944e8,34.055749666666664,-118.23745616666665,0,0
7769fed6-b2bd-4025-8b0a-9c29d265988e,34.05656815,-118.23758698333334,0,0
c3c48a3c-f598-4cf4-97d7-a1aa2a1b13ed,34.04789351666667,-118.23922730000001,0,0
04db7187-8c76-40f3-a2c1-6acca3a7fc16,34.03771973333333,-118.24977875,0,0
b95a7694-3d26-44d9-957a-ecca86452455,34.099437716666664,-118.32952118333333,1,0
5fc7bb05-9a7a-4b97-962d-da2a36b50339,34.14766266666666,-118.42807883333334,0,0
e1b634c4-90d0-44df-8d78-7e5eca1f472b,33.988143916666665,-118.46025848333332,0,0
512a4fda-49bd-444e-9b03-eb32288f6f11,34.066341400000006,-118.45202636666666,0,0
48a6b817-e16e-4ce7-a9e1-6e668118aec7,34.061851499999996,-118.44475555,0,0
7c757ecd-f817-4def-b6ac-9d26f8e32e80,34.10043335,-118.29077911666667,0,0
f5e76ae1-e3bf-486b-99f6-c1c6e54824cc,34.045980166666666,-118.23530783333332,0,0
29b45036-f469-4e84-937d-1dc7dff37b8d,34.09769683333333,-118.362992,0,0
ac05d47d-9d61-478a-8c20-1844f6403f43,34.097681666666666,-118.36295733333333,0,0
e0905bb1-1f79-4d7a-a380-061e0d927a3f,34.06661606666667,-118.44766998333334,0,0
8beb3236-e8da-44f9-b10f-0721c1f43e46,34.097858433333336,-118.36468506666667,0,0
6d6c1b6a-ef51-4329-92c0-9ea54bdcb75c,34.097908016666665,-118.36465453333334,0,0
20f1d833-cd0d-43b1-aad2-88bcd7d6d615,34.097881316666665,-118.36465453333334,0,0
4e8a2a03-0c0a-4a7c-a7b8-e872d3ec3a37,34.04942703333334,-118.23931121666668,0,0
b2c32dd3-6369-4b4e-80f5-0d519da2c3b6,33.952560416666664,-118.38561248333332,0,0
f9aea578-2373-4ae2-8120-f78c8c581d52,34.092830649999996,-118.30876923333332,0,0
465579d9-fbaa-44ce-8010-da2a426e649e,33.984676666666665,-118.43746166666666,0,0
d3c56e07-0865-44ff-b214-f5cd37d0fec6,34.089801783333336,-118.29099273333334,0,0
1496ab54-5ae7-4e4a-957a-259cb9fe5bd7,34.02899551666667,-118.41158294999998,0,0
7aad547f-5120-4406-81bc-650617184d30,34.0447464,-118.26320648333333,1,0
b33106e4-a251-46ea-baa8-c65205392d02,34.04824983333333,-118.24003566666667,0,0
1054f4b0-45ad-478f-841a-f4ab67d4b1d9,34.040523533333335,-118.26830291666666,0,0
e3beb409-9819-4303-9116-fcbd3cf787d2,34.040222166666666,-118.23361206666665,0,0
b52a5c2f-b695-4a11-8f1f-6bef0e473a07,34.04597855,-118.23538208333333,0,0
502db6a0-c444-426d-a6f2-e3f2bc140c21,33.95255316666667,-118.37735383333332,0,0
6febabe5-9dc5-4ed2-9033-f0479ec63db8,34.06237793333333,-118.44335938333333,0,0
92bfbd1a-a5d8-4941-addc-c4e638c11b8a,34.09811401666666,-118.33840941666668,0,0
eea417cd-43ad-4791-8f3e-111586d0fccd,34.09808833333333,-118.33838833333333,0,0
f00f83e5-2c1c-4cec-9bcd-ac6879569e9c,34.060230250000004,-118.44269561666667,0,0
7a72dc43-95ef-40d0-a345-e25f8cc39616,34.076000216666664,-118.36243438333334,0,0
b689b69f-2be4-4509-8c1e-c44732b46b81,34.09983825,-118.32754516666667,0,0
3f00ee75-fc4c-4da6-a364-bb23ac78409d,34.06834411666667,-118.45326996666667,0,0
6497110a-d62e-49f8-8f59-e53971a95ee3,34.103439333333334,-118.33322143333335,0,0
608d0a05-ab0c-48e1-9112-67b9bc81dae8,34.0419197,-118.25909423333333,0,0
eebfaf38-5c8f-4f27-ab8b-dd7ffb52c429,34.02449798333334,-118.41178131666666,0,0
2077a172-ef50-4d51-aa35-6ca67639493d,34.04203415,-118.25906371666666,0,0
e75e8c0a-a643-4b60-999c-09ad70d88e31,34.041809083333334,-118.25898743333333,0,0
a8b27c5a-6813-428b-8174-a8fe466408f2,34.096763616666664,-118.33761596666666,0,0
51fc8b92-c6cd-441a-9a6f-338648087245,34.10298538333333,-118.33117675,0,0
71c3b041-ea58-49d2-8194-ac9192adbead,34.10300063333333,-118.33111571666669,0,0
f4916c14-b07e-49eb-a8cf-2f0a53d99aff,34.102996833333336,-118.33116913333333,0,0
0c91d8e0-7342-493f-8bcd-4d6f7ed70447,34.083503666666665,-118.36917683333334,0,0
c9f60ce4-fdd7-45b6-b55a-9500d0f6377e,34.05898285,-118.44795989999999,0,0
bbbc606d-8ee5-4880-b3ff-58092d211b63,34.027545933333336,-118.2895279,0,0
08564dd2-713b-4581-857d-f6cbde9e6659,34.038444516666665,-118.25994110000002,0,0
f21f3e54-b383-4c73-a233-9777e1b0914b,34.02377333333333,-118.28370266666667,0,0
c0edfe38-c389-4ba9-b701-926c8d9b8a94,34.02385316666666,-118.28381050000002,0,0
e6484844-5cc5-4af6-93ac-d7c8a3f1c5ae,33.99390411666666,-118.47451781666665,0,0
fecb3d0f-f78f-4b9a-ae6a-b2ca7df4d750,34.02017683333334,-118.28097799999999,0,0
efe0d5a1-b0e1-4eb6-9767-2590ad125d94,33.99331933333334,-118.31517549999998,0,0
ec112764-52b4-4442-b07f-0080029ea660,34.056293483333334,-118.23854064999999,0,0
e0ae665d-3d05-4bea-9b32-79769297f3c6,34.097999566666665,-118.30606078333334,0,0
1647ac91-8a64-44da-a63b-90bc8085b5b2,34.0429573,-118.26101685,0,0
a1c2637b-3b3c-4497-9ac3-08496dd57c43,34.04544633333333,-118.24529483333332,1,0
cd5a71ce-fe7f-42b1-81dd-f7426fd5f771,34.044883733333336,-118.25980376666666,0,0
312dd9ff-5f05-4ad8-8c53-90fdd154caba,34.0749054,-118.32377625,0,0
38240b60-c84d-4b8c-bac1-d47c828bad36,34.05879933333333,-118.19741233333335,1,0
8794fc59-6a5f-4b69-81c1-28664682bc28,34.061466216666666,-118.44863891666667,0,0
bafc3a68-5802-4031-af7a-9178f54ffe95,34.045871733333335,-118.23403168333334,0,0
b91efa8e-4e4d-4108-9dbf-a12dab37ee97,34.0426178,-118.22361754999999,1,0
7a287679-c188-490c-b069-77ab83ca153f,34.076065066666665,-118.34779358333331,0,0
27d5a352-0981-49cf-a014-25c1118adb8a,34.054288166666666,-118.44334883333335,0,0
4b1cac97-1a84-49c5-b465-30c9ea2b9ec4,34.05431133333333,-118.44338083333332,0,0
2eae32c2-d491-4eaa-9bcf-afceb8596d63,34.054283149999996,-118.44336700000001,0,0
cc0fc65a-58a8-4799-8a72-7bacf9e50fa0,34.06270981666667,-118.44719696666668,0,0
b216adf8-7043-46e7-9d62-65f2a2fbf10e,34.03482783333333,-118.44850583333333,0,0
57ef59ba-cc19-469e-a48b-9e51c2a1d76c,34.10061645,-118.32966613333335,0,0
6bcb0235-b3b0-42cc-b98c-4c8f66dec7f0,34.1554985,-118.46633911666667,0,0
0cb363fc-9fbd-461e-a74e-1929f55db7eb,34.033645633333336,-118.23892211666667,1,0
67f7cb41-ff7e-40ff-8c42-c672face213c,33.98810196666667,-118.4586029,0,0
0594dae1-2007-4272-bd5b-94bfb9625440,33.988094333333336,-118.45858765,0,0
26a187bf-ca9d-4699-9994-ea59607eb16a,33.988098150000006,-118.45856475000001,0,0
65c20b91-6b58-4852-8800-7dfe3bc58206,34.024623866666666,-118.29649353333335,0,0
48a0110e-3178-4bca-9596-e0c7ed60fcdf,33.98828125,-118.45642853333332,0,0
f4c70de4-0dd7-4e91-9b3d-1c16d3879368,33.98828125,-118.45648956666668,0,0
14d3b160-6df3-4ce1-b90a-efa769605662,33.9882927,-118.45645141666667,0,0
fff24eea-a2f1-44bb-adff-0e74cdef6391,34.09284973333333,-118.3311615,0,0
aad7c6c7-8862-4131-b5c8-d958edc52d4d,33.961822516666665,-118.42008971666668,0,0
9f439556-0964-4f15-a6f9-edb0ba07ddc4,33.988216400000006,-118.45749665,0,0
a4074a0d-c655-403e-b4ff-5942000fa632,33.9881897,-118.45748901666666,0,0
26b12739-b01a-479f-9c6c-1366495f6833,33.98819733333333,-118.45748138333332,0,0
3e3b2d5a-e47d-4bb2-826f-72a5bc8ab890,33.98818206666667,-118.45751190000001,0,0
a87fa848-0e8f-4a7f-b24b-f1a60cc7fdb2,33.98816681666666,-118.45751190000001,0,0
3ba48ac4-bf8f-4e92-8849-447b99e8d79c,33.98785018333333,-118.45883941666668,0,0
e8596b01-c4b0-4157-90e0-c6aaec6bb2ec,33.987277983333335,-118.47015381666667,0,0
c9f8eb68-a5d2-47f6-8db1-0abf118ec257,33.9467125,-118.2715149,0,0
a1a72b97-1ef1-4c21-9c13-f44ecb026574,34.04439545,-118.26193236666668,0,0
6a48c317-c57e-49a6-ab32-617a5dd5c94c,34.10890198333333,-118.32861328333333,0,0
f964d807-0c0a-476f-bb10-c4dc578d12cc,34.02469253333334,-118.28391266666668,0,0
c6d9a143-6c71-4de0-a10a-7a8762b82890,34.04515456666666,-118.25984191666666,0,0
f6deaff1-e37b-49bc-8f9a-feae0521a2fe,34.1033783,-118.34013366666667,0,0
9e2c6bbe-8d1b-4fa4-b1e7-49742004ab6b,34.068168633333336,-118.45216370000001,0,0
f3fb6810-4afe-43b4-a4c5-435eace7dfbb,33.98923491666667,-118.45664978333335,0,0
3d4e80b1-ed41-4811-8b9d-490a52655979,33.99966811666666,-118.46902465,0,0
e687c6ac-accc-4225-a01b-b51ea0a84cec,34.03441238333333,-118.4380722,0,0
05f81033-c984-4d48-8579-8780c0b1a1e2,34.08361053333333,-118.3398056,0,0
aeca294f-c3cc-4ece-8068-0c0ddb10b587,34.042774200000004,-118.26273346666667,0,0
5b2f5ed5-ffa6-4b60-bc2d-a0a744998b7a,33.99368668333333,-118.41615295000001,0,0
890f6854-753a-45bc-812c-c81f912085ed,33.997913366666666,-118.45207976666667,0,0
682c1885-fe6d-49e8-8591-5c0d7a6e4216,33.997879033333334,-118.45208740000001,0,0
18730e67-220b-4101-a16e-53390157abb1,33.9978981,-118.45209503333332,0,0
fc32a71c-a892-4d8a-a277-fe8ff54c1f2f,33.99612426666667,-118.44912719999999,0,0
1d0af7c3-dc1b-493c-8add-a99bbf3998d9,34.04597473333333,-118.46499633333333,0,0
785ee124-df9b-4ce3-a7cb-a0fd3cee824a,33.99702071666666,-118.44729615,0,0
cf058a57-e48a-431a-8db7-6a2dc75d4a5f,34.01627731666667,-118.41968536666667,0,0
df1e4e49-b4bd-426a-ae06-9bb8d59d135b,34.07325983333333,-118.43740533333333,0,0
72fe99b2-2162-4f08-8d6b-515ee8bc8372,34.068317416666666,-118.45440673333333,0,0
7dae9cba-7cc2-4efa-a972-09bca479d260,34.10653305,-118.33533478333332,0,0
58643427-14b9-4d61-b170-6169d8b95f9f,34.05553055,-118.29411316666668,0,0
ba910044-280e-4884-815c-5d6c6ab9a01c,34.01052093333333,-118.44478606666668,0,0
ee9ea300-2d32-4124-b265-a2d622669b3c,34.004432683333334,-118.43232726666665,0,0
54220fd6-b271-4574-8e45-9fa7849b0d19,34.004489899999996,-118.43235778333334,0,0
c1175cf8-0be1-4afd-b8d3-50c89a91f382,34.0382843,-118.23590850000001,0,0
6802c366-87dc-4968-931c-19aae933a1bf,34.08951186666666,-118.30997466666668,0,0
6afb0970-26ad-4285-a44e-6133a2d4b4e4,34.03287506666666,-118.43683625,0,0
8db51a58-f43e-46e6-8781-c68b7e63292e,33.99997711666666,-118.46529388333332,0,0
2213c56d-2f6b-4bbf-ac8c-2fa88a5d7759,33.99995041666667,-118.46523284999999,0,0
af46de93-cea5-4e0b-a518-15e2ff9e06ea,33.99996566666667,-118.46532440000001,0,0
6fafc403-773a-48bf-8d36-eee193821297,33.99996185,-118.46526336666666,0,0
6d734aa4-848a-4b74-a915-156b48e421f8,33.98783875,-118.45419311666667,0,0
b1f9a5f5-1122-44c8-aef7-3204fb5e589f,34.019993666666664,-118.40662316666666,0,0
60db2de6-43ae-418c-987b-905fe48ccd52,34.00006866666667,-118.47059631666667,0,0
9ebd7cc1-4f37-43a1-8abc-cc7a1a25db7b,34.0000534,-118.4706192,0,0
fe5ea00a-e1bd-4af4-a6f6-9be0b63342c0,34.00006103333333,-118.47057343333333,0,0
6a45a0ff-084d-4a86-9afd-d3c74cf1b63e,34.09180068333333,-118.28393555,0,0
285669ac-a146-4c14-8427-f55ab567a884,34.03170776666666,-118.28501128333333,0,0
08714bf6-e35a-40ab-9017-a83ce87bde15,33.9983368,-118.47344208333334,0,0
6bbb0374-d0d4-44ed-9a98-31659b4afc82,33.9983139,-118.47344208333334,0,0
d38a7169-d9ad-427a-8e3a-354bd46701cd,34.045014,-118.23322466666666,0,0
2ec50f44-ab5f-4574-b2f0-51e95ef79bdc,34.10036086666666,-118.34903716666668,0,0
cfd01f5a-cb7b-4fa8-8234-174df999413b,34.09067916666667,-118.31398773333333,1,0
55778fe4-be2e-49a3-9285-62d02fb83906,34.0554925,-118.44441899999998,0,0
6a1a6170-7394-4d5b-b10b-edc4854b1a57,34.04538,-118.25540000000001,0,0
6ef3b763-a3b4-448e-9b25-547226b2641c,34.04537233333333,-118.25538383333333,0,0
15378b16-4d28-477a-8eaa-d0c56cdac346,34.0636375,-118.44293283333333,0,0
364ac700-9b12-4d4d-bd6c-1be867b97ab5,33.97227478333333,-118.38550568333334,0,0
a2f12ce2-8899-460f-97c4-5bdd7a8ee644,34.0391159,-118.23510741666665,0,0
0e319c06-c469-4d5b-a7f6-a149df1cf35d,34.03926066666667,-118.2353115,0,0
648ac199-73bc-4c1e-9618-f03d24d1ef95,34.057891850000004,-118.29647826666665,0,0
a5f30f71-c977-4f3d-a63c-6966dd9cff08,34.09326171666667,-118.3110199,0,0
3c92eaca-fccc-410b-8f2d-94adc549c65e,34.10276795,-118.32261658333333,0,0
da050fdc-f64f-49e1-b2b9-a7ed1a066ef3,33.96173476666667,-118.42318724999998,0,0
482edbed-977d-4a12-8640-a93546f89d22,33.961689,-118.42318724999998,0,0
5381b811-481c-46c3-a367-0b4a38fc80b5,34.100376133333334,-118.32891845,0,0
4d233482-33cc-4898-b7a2-7c93f33f457f,34.036822666666666,-118.42564766666668,0,0
77ef429e-6fb4-4785-9c29-0476a3e0efd9,34.03681565,-118.42562103333333,0,0
6e0d7d5b-a516-4995-80d1-9d50171f2822,34.101127616666666,-118.33255768333332,0,0
7360773b-e8db-40be-be5c-5e041482938b,34.04291535,-118.26119231666668,1,0
8ab1514b-603a-4438-ae74-f8aa861c2d8b,33.98932283333333,-118.46273950000001,0,0
66b63bdd-d186-44b7-ad57-2ad2e46456c0,33.9998436,-118.26659393333333,0,0
199164dc-11e8-40df-af9f-4939b4806ae5,34.02015305,-118.4053421,0,0
6012cf04-2ca2-485e-ac55-2de55b7a2512,34.04958343333333,-118.24071503333334,0,0
51b67a3a-7e80-41e3-8748-38d6a8b53a79,34.099800116666664,-118.33789825000001,0,0
dd692199-51ee-4004-9333-865e622da7c7,34.04575716666667,-118.23573433333334,0,0
d5356a05-c220-4435-a832-c870d335c815,34.02732468333333,-118.28699493333333,0,0
c04e200b-be5e-4400-bf69-0891ecca4723,33.95600616666666,-118.39467016666667,0,0
50eeb255-00c8-4739-9564-3fa6572b1847,34.03076171666667,-118.38622283333333,0,0
f8ab7cf4-019c-48dd-b635-36532ac565f8,34.0961113,-118.34635161666665,0,0
ac43589f-cbc9-4288-bb0c-39914ab66c61,34.03119216666666,-118.3854095,0,0
b039c07b-d525-443f-881a-38d0198e3329,34.03119278333334,-118.38539886666668,0,0
bfab4b9a-8113-4f77-84f5-741a55d2123f,33.97328568333333,-118.39598083333334,0,0
343c8fdf-7bcf-4886-aa90-ac6a62215777,34.01679993333333,-118.41230773333334,0,0
ba256f07-9e75-4e28-acfb-c351d820aa3f,34.04771041666667,-118.24607848333332,0,0
6491cd36-eb6f-40ee-b361-a9c1f45e6563,34.073547366666666,-118.38961791666667,0,0
c0f85b95-cc14-42aa-8a22-1d6f3a7b4ce7,34.07069883333334,-118.25166166666668,0,0
2f8dc049-7b5b-4ab9-a995-9eb4a2dfbd3b,34.06206131666667,-118.44435883333333,0,0
582d2d33-686a-444b-ac10-2a51625cc56f,34.06593705,-118.2151184,0,0
b3f5a267-680a-41bf-a783-a74bfaeb3282,34.091117866666664,-118.28393555,0,0
a7689a10-67ee-486d-a697-cdffc0828075,34.04812583333333,-118.275025,0,0
962b1507-263e-4d37-843c-f46de5ba939e,34.048172,-118.27503205,0,0
ac264496-3044-4659-ab4a-b0f02fe6bf28,33.98728943333333,-118.47039031666667,0,0
46dcee57-81bc-472d-942c-ea8560bbbe43,34.06162261666667,-118.4413681,0,0
6268cc9b-e73b-406b-a23a-37c576c50526,34.05797433333333,-118.44277249999999,0,0
79a39c60-478a-409f-ae20-52b54f40d54f,34.060737616666664,-118.44200135000001,0,0
6873f537-c891-4ec8-81b1-d4e2d99cbbc0,34.060669,-118.44193383333335,0,0
79a0ca7e-a2d4-4bd2-b3b8-522c60dfd9b1,34.00757616666667,-118.42700016666667,0,0
c5b39207-ccf9-4a84-9b50-ab357fddf415,33.992267616666666,-118.45838164999999,0,0
c91879e2-ad66-4b28-bdfe-64fa4222168d,34.0551495,-118.44183216666667,0,0
c24b2e35-58d1-4c0f-86da-3e7d84557120,34.055159333333336,-118.44183116666666,0,0
ebb74803-41e9-4403-8f49-5d8e81b455c9,34.02214813333333,-118.29504395000001,0,0
b45f8150-8c28-44aa-b40f-1eebac7477b6,34.09794616666667,-118.33473968333334,0,0
ed170790-2818-401f-8967-7b46f964be20,34.055826499999995,-118.44416816666666,0,0
26c03606-ee06-4b8d-bea8-643030461496,34.055836666666664,-118.44417583333333,0,0
9c4bfcb7-3928-4ffd-bcf2-c4168888af4b,34.05588913333334,-118.4433136,0,0
30b120f8-fd18-4a23-a19d-d33c8c55f9a4,34.055575833333336,-118.44444899999999,0,0
42923a0d-0068-4cfb-8973-b7906d7a34e9,34.0452325,-118.23604233333332,0,0
ed4b3df6-c9bc-478c-93bc-1edb3c6c19b8,34.05402466666667,-118.44445766666668,0,0
edc164eb-0a78-47df-8e4e-dc6adfe30be3,34.0540123,-118.44445038333333,0,0
417ab793-c047-4b55-9f21-5b35d5d2e94d,34.02712631666667,-118.28119659999999,0,0
79d7e427-52bf-47d6-8a97-a196c65e9d31,33.97741318333333,-118.39590453333334,0,0
7fe881bb-4dc5-4bfb-b56b-8dc40c926676,34.02794265,-118.39038848333333,0,0
80b7cd1f-a4c4-47a0-a18d-5ed6db755fed,34.024242400000006,-118.26763153333334,0,0
09f56729-6868-4c4e-a387-1432abff3475,34.16215283333334,-118.51784033333334,0,0
3097f4b4-16b4-4aa3-9573-57e13acec968,34.16213226666667,-118.51778411666668,0,0
edbca434-4f65-4366-96dc-50f091b6794d,34.02334595,-118.39995574999999,0,0
c79a3111-75cb-4e2b-81ee-fb5779c3c1f0,34.02470016666667,-118.34597015,0,0
4cc1d14d-af64-4ec8-9e60-c75af16c6d17,34.04190063333333,-118.23339843333333,0,0
6ccfc96c-1ea3-41bd-8876-fbc92a9ede98,34.03574753333333,-118.44910431666668,0,0
f61e1a4c-0187-43fd-9d16-439e8bd12ab9,34.060999333333335,-118.42229166666667,0,0
676f051f-3710-4a82-a178-0d45885de3aa,33.987758633333335,-118.45600128333332,0,0
674d3e44-4339-472f-a1a5-99332fb67613,34.04348373333333,-118.2328186,0,0
bee63cad-7375-4fa9-8b7c-7aed6c144b8d,34.0836792,-118.27447509999999,0,0
ed36cbe3-cfda-4e30-ba4b-fa3eb21e21ff,34.055961616666664,-118.44366455,0,0
e4831ca1-8a20-455b-8b1b-98ae7b4a1ffa,34.061885833333335,-118.44996643333334,0,0
913ec4b1-65d7-46b7-8e46-699710c1b2de,34.10713195,-118.30710601666667,0,0
4e725df5-8b45-472c-8afb-138f660ef526,33.9553585,-118.43921950000001,0,0
9667f337-875f-48f1-9830-0ad7843c58c0,34.06150055,-118.44700623333334,0,0
0a323429-537a-49d6-a162-de7946004ab8,34.02425766666667,-118.40280151666666,0,0
1dd9578d-57a8-40f0-8e14-837794269917,34.06664658333333,-118.42884063333334,0,0
be234c73-1e80-454c-afc4-682c0658a7b1,34.08221053333333,-118.34871673333333,0,0
ece6d05b-91f8-4b29-82b3-1b448b49b9dc,34.1504364,-118.44522858333333,0,0
3a42c6b9-caa7-44d1-bf0c-603302acf1cb,34.15032958333334,-118.4446106,0,0
97771645-d9a3-4b00-b606-95ae46cee03d,34.15032196666667,-118.44464875,0,0
c7e11ac6-aa81-41e6-b645-b5900de3edce,34.15036009999999,-118.44464111666666,0,0
a20883de-2891-4269-9cd8-d0e3405834f1,34.15039216666666,-118.444597,0,0
81b58f6d-8271-4270-9b19-12ba12b16314,34.06397246666667,-118.45272064999999,0,0
5e175468-68d9-4130-b711-d04824f2e92d,34.05575561666667,-118.43421936666667,0,0
556ba761-5cb4-463e-bd6f-acb64a2a2696,34.055845999999995,-118.43415283333334,0,0
db69f075-cc0a-48dd-8252-c02f866d2811,34.05567931666667,-118.43412779999998,0,0
0b226cef-c629-4128-8cbf-f5361f1dc94b,34.05564116666667,-118.43412779999998,0,0
ff937a9a-1e2e-46e5-85da-31e1a0826a68,34.055704,-118.43410716666668,0,0
1b99b6c6-4a8e-4361-a918-376a5ad5dee2,34.05568816666666,-118.43413866666667,0,0
e4813450-5e55-40a5-a32b-445b34ee8d2c,34.055654,-118.43410516666667,0,0
015db542-695c-441b-a65b-74686065ff10,34.0401268,-118.23257446666666,0,0
4f843d19-f8e0-4714-873f-ccb78995ad9e,34.02276993333333,-118.40040588333335,0,0
388ac46b-3ff8-4f20-ac41-72979e141737,34.022731783333334,-118.40038299999999,0,0
f61a07e7-05be-443e-9d1e-4b7ab22972ca,34.022682333333336,-118.40045299999998,0,0
2b5aaaf8-8039-4549-9191-70330d0ec072,33.96830368333334,-118.41877746666665,0,0
950bf009-fa3c-4609-955a-163f11c2ae0d,34.04297616666667,-118.25799533333333,0,0
36e8c24e-96ca-466f-87a9-3b46d2267d3d,34.0327301,-118.33539581666668,0,0
60e28a0c-2f66-4eb2-9563-00eaeb151ff8,34.03269576666666,-118.33542633333333,0,0
04f9e6f3-4fea-4d73-a739-bd5f7fd5299f,34.015609733333335,-118.41294098333334,0,0
efd8392b-a9e3-43fb-9dc0-9e1693933a36,34.034204333333335,-118.38341433333332,0,0
f2534b72-d469-4176-8679-17ae30516f1a,34.032493583333334,-118.32825470000002,0,0
17848fe1-c114-40e2-b06e-ca2cb77e5a92,34.07743835,-118.35639189999999,0,0
341873d5-8112-4892-8ec8-ccad46785703,33.983879083333335,-118.46213531666666,0,0
12b54dc4-7584-4b2e-a1ba-dc2b30ff181e,34.05542755,-118.29423523333335,0,0
d8038dfc-c516-4b03-a560-518b60a2fa1a,33.98386001666667,-118.46228789999999,0,0
f1058349-c66a-42df-937d-1e02712baad1,33.98607635,-118.47165680000002,0,0
820e8f9c-2aa7-4536-9c66-c11a8187d5a5,34.061584466666666,-118.44184875,0,0
7567570b-3f5e-45dd-9437-186c2d566bd6,34.09915161666667,-118.34175873333334,0,0
cf38c1dd-1c03-4bfc-a0cb-44bee97e1173,34.045387266666665,-118.2358551,0,0
1bba9e7b-112b-4b3f-9909-bd5963cd9de2,34.05744683333333,-118.42374416666668,0,0
0477469d-2a75-48aa-9808-cb7af4316a22,34.03332138333334,-118.38572693333332,0,0
186fb3c9-3d06-4ce4-b8b7-99f5011a7fd3,34.07236861666667,-118.22873688333333,0,0
7bb6d025-0354-423c-bc6a-30c94ab546f1,34.107582099999995,-118.33533478333332,0,0
49e27d9b-7f57-4447-9f5a-db070bbc4347,34.1647911,-118.43045043333335,0,0
12ee0e59-d3b8-4e8c-86b8-f11ca15a29a7,34.16477966666666,-118.43042755,0,0
4cd79043-49bb-41a9-addb-7b5dddbde27c,34.061794283333334,-118.4418335,0,0
c0448536-b0ff-4564-a797-30bbb05dd54e,34.06184768333333,-118.44187926666667,0,0
3e7de8af-1ff2-41db-969e-0fb70c77a080,34.06180953333333,-118.44186401666666,0,0
8916e09b-274d-470f-9472-1ec7fde136a6,34.070175166666665,-118.45600891666666,0,0
b26dbda7-6d2b-495c-99a0-85082aad6b0e,34.068859100000005,-118.44989776666668,0,0
c6467e8c-fd91-4b2f-8282-0e098cfdc98b,34.03662716666667,-118.35584349999999,0,0
9612b1d8-3991-481d-9649-629ed846701a,34.10663605,-118.33494568333332,0,0
2174af41-f46b-4aa6-9e41-8bd0069ef82c,34.068168633333336,-118.45150756666665,0,0
b41d4dae-970b-43ca-bf66-c47d079d0603,34.04566573333333,-118.24961853333335,0,0
dd6d285e-eb91-4186-b682-8782b4514696,34.10504531666666,-118.34886931666666,0,0
80f0d7f6-debe-40de-9832-6623dc34c8fb,34.04335021666667,-118.26091003333335,0,0
09fab6f1-24eb-4408-80fb-558bf9a7f045,34.04323733333333,-118.26081716666667,0,0
43fb1d4e-a6d5-4e5d-8daf-93f641d1da91,34.043383999999996,-118.26099433333333,0,0
60cac922-2451-4550-a2ab-72366ba4b796,34.043464666666665,-118.26084136666665,0,0
d42408b1-19ad-4062-bf5a-e8c10867ce6f,34.07946015,-118.28665923333334,0,0
cb3c9195-12c7-43b7-8bf0-e094e9798510,33.995906833333336,-118.4502716,0,0
e2d09e85-9192-4062-80d4-df68b9362e2d,34.04203415,-118.30340576666667,0,0
cd5c3730-7cfb-4ea2-9a4a-582da128952e,34.09641646666667,-118.31807708333332,0,0
8c35a578-1598-4313-906e-291f3217ae5f,33.78207016666667,-118.23080316666667,0,0
08b1dca4-2609-4e46-88ee-0759be1c1e00,34.06609726666667,-118.45344543333334,0,0
2266065a-c1d8-45c2-a372-c1de3f4fc82f,34.02968216666667,-118.29340363333334,0,0
64c28d07-561f-43a8-8c0b-1c153f181186,34.08885575,-118.27695465000001,0,0
46303ab4-1f70-4546-b3d3-811c0b19e956,34.07220078333333,-118.27883911666667,1,0
ef0630fc-e4db-41e5-aa5b-4bd4fc6089c0,34.098270416666665,-118.36428069999998,0,0
c0ec301b-ebcd-40d1-93a7-0d2689b684b1,34.058795933333336,-118.24604796666667,0,0
e1fa787c-26ed-48b4-a8aa-6c60b5a098bd,34.06105041666667,-118.43447113333335,0,0
2c8c5b28-b105-4961-99f0-96685e34cb67,34.0200119,-118.34758758333334,0,0
797b0b36-3dda-4ef0-9223-367d411306cd,34.04175883333333,-118.259974,0,0
958cbe75-8a69-456d-b50f-577c7a9cf1d8,34.03520965,-118.27506256666666,0,0
b301a3d4-bd24-45b4-ba9d-c08b2f448f54,34.099800116666664,-118.34790801666668,0,0
ed921721-a9a2-4600-9bd6-5812d390cfc4,33.99830246666667,-118.47303008333334,0,0
091eb99f-9eec-47f7-a773-28eb85225cfb,34.060383333333334,-118.44723700000002,0,0
bed1c7b4-7b39-4a2b-b17c-a7e3b3e40729,34.033291500000004,-118.273014,0,0
8c8eb10c-8e7a-4a4e-86d5-c5c2fe09a880,34.100318916666666,-118.33936309999999,0,0
ea788a9c-3850-4709-ad2b-1cb276e83d21,34.098628999999995,-118.32965850000001,0,0
9b0362d4-339e-49f4-9e40-eebd9312f4e8,34.101634983333334,-118.30062866666667,0,0
d7b6d144-b1ae-4cd2-bb88-ae0283d9638f,34.03707566666667,-118.23266466666668,0,0
e8ce1507-8962-41b2-9bb2-1fe3f4e8f9df,34.1486969,-118.43792725,0,0
6299eedd-371f-47ae-88c4-6ad27e55bffc,34.03957366666667,-118.26735686666667,0,0
68958a44-aa91-4520-af57-a57826cae676,33.99855805,-118.46665191666668,0,0
4056d57f-29ba-4dbc-80f6-50981ed52afb,34.03250121666667,-118.38207245,0,0
010ecb8a-2072-4195-a405-cd794e3ec37a,34.09986876666667,-118.34133911666667,0,0
7c8d6941-f2a1-42fd-b734-5e5796135c3b,33.990402333333336,-118.47391633333334,0,0
0dd23e73-33d1-4168-a94d-2740119063fc,33.99924468333334,-118.4447403,0,0
bed501c7-adc3-4099-a3e1-9fd67d7d9282,33.98744965,-118.45264434999999,0,0
91d971a3-6378-4e69-a794-1c8a8f1e17be,34.052299500000004,-118.42610168333334,0,0
92ef50c1-b81e-426f-b3ed-ce5a16431f5d,34.0787239,-118.36367034999999,0,0
4559c829-8980-4579-871a-a52a3aa39ec8,34.09975433333333,-118.32908629999999,0,0
11454547-9c7d-4c05-9c0e-60d64335833f,34.076072700000005,-118.35104369999999,0,0
b03a4848-bc84-474f-8100-9f13c9f3ee35,34.03149033333333,-118.39960479999999,0,0
9a50bc2c-4bde-4fb9-8e65-3f401299a3e4,34.013511650000005,-118.44865416666669,0,0
00a98ea6-35ad-4a48-b8cf-5dc84ada35dd,34.0459404,-118.29146576666666,0,0
56e41c93-4d25-4508-bd41-9e345d81e710,33.98139953333334,-118.46473693333334,0,0
119e0f00-750f-4795-871a-59f86dd91633,34.09802628333333,-118.30493926666668,0,0
21318836-e7f1-49a1-a5a7-694bcb158be9,34.04982376666667,-118.26934815000001,0,0
e39656a4-8806-41d5-b3be-8787867c042b,34.00470666666667,-118.43344383333333,0,0
9dd2254b-6588-440e-9cb7-73db5481ff6c,33.9590683,-118.39179229999999,0,0
4d78022c-36a3-4080-90b2-72375e562791,34.04138183333334,-118.2339325,0,0
c5ffee0b-67dd-4817-9166-2df98882c697,34.05169033333333,-118.38338816666668,0,0
7b36ad24-eefd-44ab-a959-7d9caf230d5b,33.989085333333335,-118.27930366666666,0,0
e491fa40-8e2d-4860-a7b7-765e737fdf24,34.076332099999995,-118.35424805,0,0
7fb10096-078e-4990-a322-5ad6d5188ac6,34.05798721666667,-118.27169800000001,0,0
bd22d550-f785-4f1c-be8d-cb4c141bbadd,34.12425613333333,-118.20724486666668,0,0
e299bac5-ec51-4ae0-9c4c-57e9f8dcb423,34.047611233333335,-118.24500275,1,0
b2c0f0ea-5f3e-4025-9bae-25214bf47a2f,34.031415333333335,-118.44347116666668,0,0
88a09398-ac97-493f-87bc-1add5e8e65c9,33.98964216666666,-118.44825549999999,0,0
bdc6a8b8-a29a-4ef4-8ecb-f774de3c478d,33.991642,-118.46420288333333,0,0
ea8b30fe-d0da-498a-aa6a-9035fc69117b,34.03412,-118.39094366666669,0,0
656d4a78-5086-472b-a805-f4722f788415,34.03404236666667,-118.39048766666669,0,0
55b92c4e-7475-457a-92e0-7753cb61c692,34.08855266666667,-118.31070783333334,0,0
08ae88ce-0343-41eb-b333-56843a02d0c6,34.06651816666667,-118.44889633333332,1,0
c5414f1b-6e41-450c-95f9-e2017196402a,34.06430435,-118.45261383333333,0,0
62cff611-37e0-4c99-bca3-2ef59d0a1b97,34.06830596666667,-118.45446015,0,0
5f0afae1-3d7f-4d1f-b5d2-b0c1e13ad32b,34.06404495,-118.45288848333333,0,0
e8114ecb-eff1-4c48-9d14-dd7e27199961,34.01110383333333,-118.32518833333333,0,0
0c06c794-a4c0-4f09-a98b-bcb834618beb,34.0836525,-118.36278533333333,0,0
75d2f85b-ea30-48b6-897f-0e945382bec9,34.02623748333333,-118.27824401666666,0,0
90ec2689-4fd1-469d-b760-ee9ac0d40786,34.062911166666666,-118.45203983333334,0,0
e403778a-1c6e-4842-8df8-a1015764e03f,34.03653716666667,-118.2964096,0,0
f276793b-4efd-461c-9109-a5de7fd8da2b,34.05035516666667,-118.23897366666667,0,0
9fd709d9-1931-4f89-aec0-f48760da6096,34.06490326666667,-118.24176025,0,0
9798c611-1614-4e79-85d5-f9b70ad24245,33.956171499999996,-118.43428983333334,0,0
9109c628-d115-4436-874e-f30641b64e6e,34.05309295,-118.26755523333334,0,0
a562c031-f5a1-4e90-8a80-b3b18484400e,34.0159607,-118.4208908,0,0
6edb12fc-3209-49c7-a4ba-d7fa76647025,33.98025783333333,-118.46546266666668,0,0
c8fe4452-9af5-4299-9faa-1efab27c3870,34.10337916666666,-118.34908166666668,0,0
9506eda4-bef6-4cdd-8df7-f1a8448ce5da,34.00336456666666,-118.43144988333333,0,0
1480c760-8c14-4475-bf3f-30430b67608d,34.004520416666665,-118.28884888333332,0,0
cf9ecda9-7877-4473-8df2-e9bacb2aa53c,33.99720383333333,-118.446167,0,0
754d78d0-fa20-4e64-9400-f3d02c69c3e6,34.06155776666667,-118.44642638333335,0,0
037f524e-facb-4ba1-8cb3-a33cfb4820ab,33.995824,-118.31197133333332,0,0
0023cf58-202f-48e5-b6b1-5dab47ce8159,34.0014,-118.46823883333333,0,0
0e6a3262-8db3-4401-ad23-b906f3ed06d6,34.103942866666664,-118.28777313333333,0,0
ae1462b4-9552-4350-bdc5-8623b35addfc,34.146343333333334,-118.42044,0,0
932d9f67-aead-42c2-849d-0726022891fc,34.06812286666666,-118.24067688333335,0,0
a6d12b25-f676-492e-a627-5d3a48e97468,34.002063750000005,-118.46476745,0,0
354911bc-f66c-4d09-a440-a04a42c9004b,34.05184783333333,-118.32466933333332,0,0
057337d3-5c2c-4b31-a3c3-48b2485a8743,34.02773666666667,-118.41342163333333,0,0
b03f8f64-9c8a-40aa-a1c5-78b0fe1e2eb4,34.058453166666666,-118.23957166666666,0,0
8d6ab064-f63b-4baa-b725-e0cf078b5cc0,34.10589981666667,-118.33348846666668,0,0
8df6770f-c973-413e-b5c1-b59a470dc83e,34.09351348333333,-118.31069183333332,0,0
c769a82c-1a2b-4402-9022-9464fd8d3bce,34.103553766666664,-118.34888458333334,0,0
016632e1-2bf0-4eb2-9bf3-a8c663083a3d,34.083423616666664,-118.35317993333335,0,0
4d8e23b2-0701-4f66-9adb-205537232302,34.061733249999996,-118.44202423333333,0,0
a513399e-d4a0-4213-b432-f707cf9b6705,34.04130935,-118.25715636666668,0,0
3aed7523-b547-4eaf-b338-ba79f746e8c1,34.08124183333334,-118.32071916666668,0,0
4ec68bdb-5566-4f72-8cdf-94a7447168ce,34.07066345,-118.24797821666668,0,0
e81e0208-f403-41fe-92b5-0ba59b02651f,34.044612883333336,-118.27442931666668,0,0
9bf0c1c5-7180-4e3a-8882-295cc4b24073,34.07575606666667,-118.36271666666669,0,0
277759b8-562b-4b61-b817-d5974fe57015,34.03685933333334,-118.35293616666668,0,0
a1e546c1-a144-4e45-aaa7-4f0a7b1044f0,34.06623076666666,-118.34947204999999,0,0
a489d943-5994-406a-8a03-fecdb7ea34aa,34.04591751666667,-118.23415375,0,0
21e33e9e-5765-455f-baec-6e91067a909b,34.04224015,-118.25945281666667,0,0
e6a04e0e-ee54-4ac9-979f-781bbc45d612,34.078816833333335,-118.32354966666665,0,0
3b9c4d07-0025-484a-9933-0c072033f60c,34.10051345,-118.32814788333332,0,0
908c671b-0d90-41bf-ab9c-81ae4786c766,34.1064949,-118.34214019999999,0,0
ce15b388-351f-4420-a625-c7f5b79a3add,34.010130333333336,-118.33168633333335,0,0
a7d59cf2-8cfd-4ca3-9fed-a3a27c63f5eb,34.098327633333334,-118.29130554999999,0,0
2d5e96a9-4f98-4c5b-9edd-e32c6924852d,33.9988594,-118.44354248333333,0,0
20193c65-31e6-4888-b9be-46f4ea1493c0,34.147769833333335,-118.426927,0,0
e3fb953b-a101-44bb-800d-36e382801835,33.97863183333333,-118.32160333333334,0,0
6b1e497c-7912-4593-83f7-9a4e17007aea,34.01637433333334,-118.36498316666666,0,0
5c7ce3e8-6519-4e4d-8cdf-81ce9784062f,34.03269566666667,-118.33180616666665,0,0
8cc627c4-7407-45f2-8d64-18b63eee5cc3,34.14693831666667,-118.41455078333333,0,0
478a4323-c4d7-435d-843a-eacefb35b83c,34.035678866666665,-118.38159943333334,1,0
abde398e-9220-4054-82ad-7217a35da599,34.04597473333333,-118.23557281666666,0,0
6fbf3f6b-c259-4a30-ac16-03e8e68d7708,34.06658173333334,-118.44889068333332,0,0
d0c31196-3061-45c8-81b3-8c5b3d059e4f,34.086765283333335,-118.25959778333332,0,0
b06f21b6-d93e-48b5-966d-7c0fe2884cb1,34.04870986666666,-118.24075316666668,0,0
40889a36-ecee-4608-86b2-81faa81f92e9,34.05984878333334,-118.44412231666665,0,0
c323052a-93a7-45e8-8db3-e6d44cb20d22,34.05868783333334,-118.26663033333334,0,0
72aa32d6-7508-45a2-b228-f3e7203a66aa,34.163544,-118.48138366666666,0,0
d8dab414-9f51-473a-a76c-8bcd75fee974,34.100528716666666,-118.33709716666665,0,0
c041c9ef-a0dd-45c4-a18d-9ac2fb220da8,34.03380585,-118.24902343333333,0,0
a434aec7-a799-49b3-b591-e3a5d89df5a1,33.96959433333333,-118.39739316666667,0,0
cee7c38e-8c67-473a-86d0-01d980a5ec1f,34.06494903333333,-118.45151519999999,0,0
3c072f93-8cb9-4e4d-9d30-33be911d3450,34.15353283333333,-118.45731533333334,0,0
91dde14a-44ac-494b-99a9-ca8653cd9fe1,34.15356826666667,-118.45729828333333,0,0
652f1d97-5f25-4c4c-958a-509e5391e5cd,34.03725633333333,-118.26040183333335,0,0
7d52187f-738a-4567-a0ad-702edf10e29e,34.05399633333333,-118.26243133333334,1,0
5bae7e47-cdb3-4284-9e20-cfbef6611435,34.064376333333335,-118.45178650000001,0,0
acb601e7-3459-44c6-88d8-c2095c094ac6,34.15380183333333,-118.45676316666668,0,0
72596db9-3352-4fb3-a217-517c0c67b1ab,33.960869333333335,-118.40567766666666,0,0
cec8a299-15ea-46f7-8ec6-6db05bdd0018,34.09215165,-118.28793335,0,0
60187123-b5fc-4567-bd97-e686bb49b33b,34.0287575,-118.26982816666666,0,0
334e3f72-0270-4e1b-a7a6-a5586a3bd199,34.0640297,-118.23246001666666,0,0
9fdb038a-55b7-473c-b010-0931d5b643d2,34.06399966666667,-118.23248933333335,0,0
d584a4ec-2c49-4160-bb95-eb5ea44c2ec0,34.049157,-118.26144933333335,0,0
13b4cdcc-df9e-4e4f-94b0-2fa18b1aecda,33.94309235,-118.24303436666666,0,0
85e6cfdf-c76d-4823-8fa9-8882ef116058,34.05735778333334,-118.24918365,0,0
4124d05c-7c24-4e9e-a93f-fb5c00fab667,34.05339813333333,-118.28895568333334,0,0
687f457e-bd54-41da-a481-26ed6c1afafa,34.101068833333336,-118.33620683333332,0,0
1872b24e-82e9-4341-9698-3402f66a5713,34.08368683333333,-118.35095978333332,0,0
19832bf8-1877-46fa-8dfe-87338c1bf6c6,34.10021973333333,-118.33689116666667,0,0
054285c7-b36e-4ce6-9a0c-9c32312e1db2,34.05518723333333,-118.24332428333334,0,0
2255670a-0e2d-4ed9-817e-c0f1bc4f15ea,34.15523148333333,-118.45088958333332,0,0
899ee3a8-6919-46fb-b9ce-f2e853ceb003,34.053173066666666,-118.25609588333333,0,0
a0e6490f-86f6-4be3-b56a-37e7f36a6840,34.09852981666667,-118.28415680000002,0,0
52431cad-7ee1-44d8-b0f0-bb351217836b,34.082317350000004,-118.34740448333332,0,0
45d7b61b-fad7-4d82-8fd7-ff2490e8e617,34.03422928333334,-118.25917816666667,0,0
97110d97-7f62-4277-bca0-ebf2ef6655ee,34.03354263333333,-118.27272033333333,0,0
f9a11964-7f22-46c3-9895-0b48cda3d2fc,34.0889295,-118.27313583333334,0,0
75d718fa-6de3-4c5e-883f-c6b873a67129,34.040885933333335,-118.44280243333333,0,0
6bae4146-e1d3-4f98-b992-8cd55b657c57,34.06006241666667,-118.44741821666666,0,0
e28f1f8f-6c8c-4fa9-b193-52499473c3dd,34.06217956666667,-118.25704956666665,0,0
c43eba97-0d78-48ac-83d6-d1ed760977f1,33.9587326,-118.43802643333332,1,0
d180d72d-a95d-4710-b57e-7caa49b686d1,34.08353805,-118.34482574999998,0,0
f4ae6d69-8442-4eee-943d-7f9be5fc72d0,34.03821516666667,-118.26331866666666,0,0
feea8ad7-b8dc-4f10-8350-194f27ba68f9,34.08363883333333,-118.36751233333334,0,0
6fa1bcd9-13de-451f-a7bc-31b3d8c58f0f,34.043495183333334,-118.26039123333334,0,0
9369ee71-d8d3-4a43-a0b8-1c49624be883,34.05838013333334,-118.25119781666666,0,0
6dde893b-5b8e-43f0-b83b-a0ec4f43fbe1,34.09954071666667,-118.32814788333332,0,0
9c808574-cf94-4b1d-b2ee-24ee8abda21e,34.04602033333333,-118.26690183333334,0,0
89943ec7-68bd-44d4-b6ca-1bfe38097cc6,34.007463666666666,-118.34131633333332,0,0
2960a69a-34a6-4cad-963f-6ab97e5bb771,34.03438116666667,-118.27178299999999,0,0
23817a1c-7396-4ce1-a86a-03e4f3efcb16,34.05516051666667,-118.24436188333333,0,0
8d7708f6-7259-4c0e-bb4a-a65247ae6078,34.04528045,-118.26030731666667,0,0
d055caab-1bd3-4854-8b3f-08839fa036b5,34.14310836666667,-118.4403534,0,0
6e68ad92-f079-4909-92f3-59d440e627d5,33.995910650000006,-118.30229186666665,0,0
86ef8987-ad26-4ff0-b4f0-246c50f8a836,34.048328399999995,-118.44577026666666,0,0
4dc92fe3-f813-426f-b584-97b793ddf7a6,34.0341301,-118.2509079,0,0
0599a802-d223-48c6-b5e5-fc48b5e38a55,33.979557033333336,-118.40664673333335,0,0
37260eb0-8ca9-4b7f-89c8-40a3eeb53567,34.03379821666667,-118.36861419999998,0,0
b2c6c130-d2c7-4edc-a188-103263d02fae,34.02285566666667,-118.33497616666666,0,0
7af19551-6f53-42c8-a789-7b9d43f0c85b,34.0748787,-118.3237915,0,0
058feeec-b6b3-43d2-b3a2-10f7265b13c2,33.96253205,-118.42173003333333,0,0
5400cd67-066b-4b87-841d-5e20c9a3d2cf,34.04590988333334,-118.23636626666666,0,0
d2d86e32-9faf-4f81-95c3-29c18b0bfa85,34.045925133333334,-118.23635101666666,0,0
1e8a27b2-cb0e-4903-9314-a65c213140bc,34.045886833333334,-118.23632633333334,0,0
5f0224b2-c3bf-40b9-889e-710aee9baffd,34.07115173333333,-118.44306183333335,0,0
9bdbeef9-8e40-4449-a5df-e0603a5d944c,34.046047216666665,-118.2353592,0,0
44e2248d-9d17-4024-b3ad-eacf230dee16,34.045989983333335,-118.23503875,0,0
4b28883a-ccb0-4377-a793-c1c87cedf4e6,34.033826833333336,-118.36859466666668,0,0
541f0345-2b14-4c83-ab84-2c1f06a729e5,33.987783666666665,-118.45525500000001,0,0
ffa91948-f5db-4b21-ab55-c99326075748,34.09616088333333,-118.24282073333333,0,0
e3c6899a-c2f7-4223-be47-86ed4dbcc2fe,34.096134183333334,-118.24283599999998,0,0
17fe6636-bd60-4184-921e-0cdd64dc3fa1,34.1686058,-118.45642853333332,0,0
e6be7c05-30e6-47dc-af48-bc80e5eaa2e5,34.049407966666664,-118.27901458333332,1,0
95139246-fc7d-4a71-9645-130e1cb4f55d,34.098243716666666,-118.29595185000001,0,0
81a86eac-d1ff-4d6d-90f8-7d6114227f10,34.0982666,-118.2959671,0,0
74065ecf-dc5a-42f0-9c18-1f01d42769d8,34.08533478333333,-118.29895020000001,0,0
08f19d17-1475-4976-a5b2-71eb77dae1b3,34.02385711666667,-118.28380585000001,0,0
5d925608-7f6a-416c-8007-203f1d405cd9,34.03840255,-118.25234221666666,0,0
326b32e8-8cdc-49d5-84dd-e501d2e5f23e,34.07642365,-118.28375243333333,0,0
bffd177e-c1a3-4eac-92b6-2613f0c5a36a,34.076339716666666,-118.26278686666667,0,0
38981f18-f662-4c31-9735-ff91ffa02f12,34.0941391,-118.2855072,0,0
0528b451-6b7c-4789-b2d4-04491d82e0f3,34.02819443333333,-118.42915345000002,0,0
ec00a4b9-8fac-4a44-8745-4598a78a8fbf,34.02820586666667,-118.42915345000002,0,0
68cc5b32-4a50-45f5-adfa-645011427900,34.0292244,-118.30080413333332,0,0
61704f7e-bb15-4910-82a8-3dcb49bf81cc,34.04044933333333,-118.23319316666667,0,0
c9b267e1-c4db-4f34-a10a-67e8d01e9134,34.06504033333333,-118.45045816666668,0,0
ec4f215f-c489-4df0-9ff3-6e9a78ed407d,34.027271266666666,-118.39234161666667,0,0
068ab065-8ff6-4f2e-980c-afb2c0459d36,34.06949233333333,-118.46253205,0,0
9bd38f01-0dcc-40bb-93a2-704cf759620c,34.045112616666664,-118.26023101666667,0,0
49e9a9e0-557e-4ba5-85fc-cb6e23105643,34.09410476666667,-118.2983551,0,0
96560178-1d80-467e-ae9b-a492d8816f4a,33.953418733333336,-118.39646148333334,0,0
15f4e8ca-833a-4873-82b0-70c5746523ef,34.018867500000006,-118.20349883333334,0,0
eecc98e5-398e-46cf-93e3-c5df81de0a08,34.12768555,-118.21056366666666,0,0
c71f8916-bc7e-4ab6-a5ee-e2d62d0916db,34.019005666666665,-118.40700183333333,0,0
44155e51-ee9e-4e69-ac29-9ebddeb1fdb2,34.01895523333334,-118.4070282,0,0
d91bb8d0-67fd-4c34-ba91-4e2f0c39b0bc,34.039047233333335,-118.3010025,0,0
2ad88244-39bd-4d00-8add-54430f83960a,34.020652766666664,-118.40555573333334,0,0
e55a0509-c76f-461f-bac5-526d17bc418e,33.9998436,-118.26654053333331,0,0
179df18f-5bf0-41ac-a0ff-c98aeadb027c,34.02253566666666,-118.35943833333334,0,0
8124de41-3a22-4be1-a21e-ace7c989cb85,34.064132683333334,-118.33144378333333,0,0
5432e940-9f6f-4081-8bee-9701d5e4d61a,34.015880583333335,-118.34870148333333,0,0
ef44b15c-be72-4eb6-962e-e792f6f2eeb3,34.03157425,-118.32649231666667,0,0
f2fef170-f56a-46be-b867-8981dca4b807,34.04159926666667,-118.25119018333335,0,0
bb9983ec-b5d0-49e4-862d-49113d3c35b8,34.06026076666667,-118.4421997,0,0
3d744fbd-a842-4b9b-b113-75e5abf1d55c,34.06022263333333,-118.4421997,0,0
cf94b42e-8290-4caf-87ed-d744a1facd9e,34.09540176666667,-118.29369354999999,0,0
8a960926-ded3-4e60-9dd9-516eff524549,34.049499516666664,-118.24176788333334,0,0
d4c3d69f-46cc-4943-a100-8a807b70e952,34.04593276666667,-118.23542785,0,0
94475c1c-aa61-47b7-a565-d7ebbae19ac2,34.09674835,-118.30090331666666,0,0
4ed735cc-7a68-4087-955f-222e197ccc5a,34.02698135,-118.2827301,0,0
069d446e-44e2-4a04-803c-5f6a82448675,34.027236933333334,-118.27423095,0,0
ac8f72a9-21ee-4f62-a012-5fea7271833d,34.10223006666667,-118.29189300000002,0,0
f73f9a61-3cc9-499b-9bb4-57095ed65122,34.10216903333333,-118.29199218333333,0,0
e31a8951-65b0-49d4-8bb1-d3cf7daa9a4b,34.101849333333334,-118.30007116666665,0,0
825827c7-ff79-4089-a041-9550c5a5ceb4,34.06658553333333,-118.24511718333333,0,0
d6b1e45a-4b7c-430d-b5da-6cdd5aa1ccab,34.0448761,-118.23426056666668,0,0
db33af6d-5444-48c8-a742-aee85256e1a4,34.02271333333333,-118.33656016666667,0,0
569a3627-9e97-4698-a7d9-395ed192bc63,34.04579163333334,-118.23638153333334,0,0
bc541b41-3de4-4a08-a38f-cfc7ca07cece,34.07352816666666,-118.25956683333334,0,0
8e369e4c-5c6f-4f8f-a03f-01785875f02d,34.06720416666667,-118.42890583333335,0,0
6652b349-2a04-4f24-868e-359d42551997,34.061218266666664,-118.42018126666666,0,0
93075dc6-e6a1-4af5-8597-47f0a11f15a0,34.08495711666667,-118.25315093333332,0,0
7d51a20f-fd47-4916-9534-77688448ac87,33.95987433333333,-118.434071,0,0
7bb6e65c-191d-45c1-8a4e-b066ab5ee652,34.04588433333333,-118.23424233333331,0,0
c00245c1-07c6-420f-a03e-2222772da497,34.044413,-118.23274066666666,0,0
6e665b9a-eff7-4bbf-8c14-5c751a1c19af,34.0313797,-118.28504943333334,0,0
f6a01fb4-daa1-4adf-80e5-54936a3d8ae9,34.087448116666664,-118.34273528333333,0,0
4906a1f9-3ba7-4681-8575-f4f7b63685ef,34.031932833333336,-118.28285980000001,0,0
555a33e9-c1ec-4bba-ad19-5f49b3d7f408,34.04090866666666,-118.25990833333331,0,0
9abc2b33-c113-4c12-80a0-92dbe4533e74,34.049772,-118.41069233333334,0,0
5e708335-b5b1-41c0-94a5-bcdc18353ccc,34.05027008333333,-118.41049956666666,0,0
eff3b006-ec32-42bf-b9fc-3988d6a12cec,34.05031205,-118.41052246666668,0,0
f66c55f2-5932-40d5-b5dd-217740113153,34.050258633333335,-118.41046905,0,0
fb4166b2-9ade-4f60-8525-8cff34bb4280,34.085503499999994,-118.32233866666665,0,0
01ed8d45-5206-4f9c-8613-5b7276e377b0,34.08545303333334,-118.32237243333333,0,0
a837fc3d-4b14-480b-bc8a-8f5a581b602a,34.08547591666666,-118.32238006666667,0,0
9f8bcdc8-ef7d-4f30-805c-efbdf43694dc,34.08555221666666,-118.32238770000001,0,0
fc3cf8e4-4f81-4e66-99d1-1de63593837c,34.085525516666664,-118.32239531666667,0,0
b55608be-f0df-4bac-a812-2b9f22720d84,34.044067166666665,-118.2228515,0,0
da53ba0d-605b-452b-b4df-4c8cf74ae197,34.06424331666666,-118.24128723333334,0,0
26665ec4-7bcb-4b43-951c-a6bf0383b436,34.08158875,-118.32376098333334,0,0
04607890-0819-4988-88ed-8167d3ca6c2c,34.055958333333336,-118.44365666666666,0,0
af0734dc-ea2e-462a-8f49-c0e3af0dd90a,34.08154678333334,-118.323555,0,0
cd90200e-ef2a-4855-9983-553072ba76e2,34.049287166666666,-118.23874666666667,0,0
566635a6-b1fb-4568-976d-8e07132bbd91,34.06579971666667,-118.21678161666665,0,0
fe3f05af-ba18-4f23-ac8f-9744a47c51ad,34.17199816666667,-118.44125983333333,0,0
93e2696b-7293-474e-99b2-2b55a98f53c8,34.103591916666666,-118.28949738333334,0,0
4eb1c13f-4715-4bc9-839c-58958d401b32,34.15633391666667,-118.42790221666668,1,0
3e900c29-e58e-416b-bd68-b4f93af82939,34.042411799999996,-118.25972748333334,0,0
b67845c0-f135-453e-a601-9b446ac49e99,34.030094999999996,-118.28100383333334,0,0
32469e5a-d720-40a2-a9a7-d40aa2bac12a,34.03909301666667,-118.44186401666666,0,0
7f36c275-027f-48c1-8ca4-84fd79767337,34.161827083333336,-118.46580504999999,0,0
cfc14588-b145-419e-9617-018780fdf0de,34.083890833333335,-118.36329433333334,0,0
625e1da0-6e0f-441f-b1be-9964f0f5b410,34.0200615,-118.34753418333334,0,0
76dc2bd9-e35c-4882-ade2-96f869e7e270,34.024676,-118.39618399999999,0,0
1daffd9b-bd67-49ab-a4d2-608b8d6b87b4,34.054855350000004,-118.26251983333334,1,0
0036027f-c05a-4c1f-bb23-683cde58d9e7,34.02217483333333,-118.40145873333334,0,0
02485b3c-636f-486b-93d7-35443fb09be6,34.04840516666666,-118.41634016666667,0,0
d87eea84-cd2e-4d01-a11a-ef806aa83c41,34.08320998333333,-118.27001190000001,0,0
a4b65969-9718-4856-baca-6a11a783c1a8,34.0791893,-118.36363983333334,0,0
91f73183-ae5c-450f-9a67-bc92611fb10b,34.000080116666666,-118.47017669999998,0,0
1e95abd2-c7bf-4ccf-9da0-6ce3c73e9538,34.0134964,-118.44864655,0,0
1d64b371-efb2-4277-a562-6df219a5bb4c,34.1627075,-118.4575835,0,0
00c54e3e-81dd-44cd-a5ba-ae6c22266f10,33.95635666666667,-118.43271666666666,0,0
21f3c4f3-3479-43e2-9cef-40e32ad44ea2,34.068641666666664,-118.24600983333333,0,0
089a278c-b5a4-405d-89e4-49c76f6bf825,33.97590636666666,-118.41675568333334,0,0
7cf00e4f-ed7b-4d0f-8e6f-afbe1a581349,34.05939866666667,-118.44714966666668,0,0
7494a2cd-a61f-4cbf-9ae4-5b67e76b8d91,34.055419916666665,-118.43418885000001,0,0
bfccccf7-cca5-4872-804d-bb3eaf576a75,34.047851566666665,-118.35557556666666,0,0
fa191e6a-ab96-475a-b907-435108396b70,34.08467101666667,-118.34271240000001,0,0
4dd24da8-1080-4f1c-816d-80452eb623bb,34.02391033333333,-118.34479633333333,0,0
f30822c2-74ee-4645-9541-5d09e52a92f1,34.108158116666665,-118.33730316666667,0,0
6e05b5ad-e24a-49c1-934f-8177c65ecfb2,34.05418015,-118.20177460000001,0,0
035d0984-e0ce-4d9e-92db-ea10cef6dbb2,34.03628921666667,-118.207695,0,0
87f9d168-a5bb-47dd-a439-183b15670af9,34.02049636666666,-118.32736206666665,0,0
c0a31e46-da36-4064-8ac0-224b66ea2ef2,34.09533691666666,-118.309021,0,0
ca5b8aa4-2085-422a-ac03-1461648f8569,34.06564083333333,-118.27319700000001,1,0
608ee749-6d5f-4d68-aad4-a12e8d2fe739,34.0838356,-118.34634400000002,0,0
24eab160-43a2-419b-95a9-f3af048577de,34.14529036666667,-118.41413116666666,0,0
d77961f5-af5d-482c-bbe3-5d19b07a7a39,34.14527893333333,-118.41413116666666,0,0
3050e013-43a1-47d3-8252-fa55bcd52e3a,34.1452905,-118.41412966666667,0,0
fbedda2f-bb7e-42af-8bb7-8a0797596f00,34.145267483333335,-118.41412353333332,0,0
e32f242b-c7c7-4d66-b5bc-2f21071179e6,33.96243286666667,-118.4505539,0,0
b3031d91-3f64-44e2-ab5a-9972ea5abbac,33.962433499999996,-118.45055066666667,0,0
eb11b7a4-b983-4da5-8566-eda5a61567c3,34.00925063333333,-118.26839446666666,0,0
96db4183-5c29-4e62-9716-e013a04cfbf6,33.990669249999996,-118.44539641666667,0,0
4d3c2b64-f105-4acd-97fd-a72ec1e72b5c,33.987369533333336,-118.45246886666668,0,0
10ceb4ad-8563-459b-b559-5fad20cb74a6,34.023891449999994,-118.28361511666665,0,0
5582e163-6a6a-43fc-811e-df6df27cb6b4,34.04969788333334,-118.3667221,0,0
492d9d40-b1c6-4924-bff6-4d6040ea39d5,33.95632171666667,-118.41659546666666,0,0
cff008b9-21bc-45a9-8cbf-6afb18a9cc06,34.02888488333333,-118.23914336666667,1,0
24ebda48-779d-4830-90e5-d3f5d178fba8,33.953079216666666,-118.43216705000002,0,0
5eddb3d1-a39d-48b9-998b-d2bc90e80749,34.07176208333333,-118.25850676666666,0,0
4139216f-df2d-4b9a-8b06-a7ea06e74243,34.048069000000005,-118.24005126666667,0,0
4d0beb8f-ed1f-4d53-9ee5-5ea27e4be4ec,34.068191533333334,-118.45658875,0,0
e47c9331-b433-4b4a-9c14-088bb35fc9f5,34.096618649999996,-118.33042144999999,0,0
eb380500-eb17-49a6-9ed5-c806b7df12a9,34.06877136666667,-118.23053741666666,0,0
1a10e4b8-b59d-4aeb-aaa1-74dda692a478,34.067623000000005,-118.23321033333335,1,0
9759568a-8dda-4baf-94b5-9f3425c52b9f,34.054142,-118.29364013333334,0,0
ad05cde8-45e2-437f-9777-c829db30469d,34.04299545,-118.45526123333333,0,0
17a6a8cb-9d72-4a6d-b1f7-4126f504f27e,34.000762933333334,-118.43985748333334,0,0
21a7dc6a-3a51-412b-807a-40467f3e61a4,34.000766750000004,-118.43984221666666,0,0
b204afe6-4416-45d8-8eb2-8ffbb2ce6322,34.04278946666667,-118.24144745,0,0
11f029f8-e54f-4bd7-a363-796675539ad8,34.078815166666665,-118.32354933333333,0,0
d9167141-128b-49b7-8c71-09e1e7b52cba,34.05393981666667,-118.24137115,0,0
c4ee2298-957e-40d7-9a6b-3d7ffb819195,34.053781666666666,-118.24179616666667,0,0
0a63466d-6c71-43dd-8310-ea506ced249a,34.01847883333333,-118.40785516666668,0,0
04436900-42d3-49be-8129-0f509f7ddb51,34.052024833333334,-118.21658324999999,0,0
e5fb9fad-62f3-4338-90b1-47009edbfca5,34.04372406666666,-118.23294066666668,0,0
d37eef31-4f83-406f-923a-b5b5d5385bc6,34.03990555,-118.280159,0,0
4da62de2-f818-4a27-b1e5-6db2b6054567,34.100437166666666,-118.34121703333334,0,0
8815ba82-4654-4cee-8eba-12f5f1d0cfb8,33.977355949999996,-118.4169159,0,0
d03a7955-51c0-4957-8fc4-ac53bd641876,34.07655716666667,-118.32387543333334,0,0
e77d476f-a74a-42a9-aa11-06db85c822e6,34.02739715,-118.39546203333333,0,0
8beed2c1-3bbd-4e7d-8fc3-4a6bfe2090f8,34.032444000000005,-118.35069275,0,0
c051dcc6-77d4-44b1-be42-9f202e3de7b2,34.03245545,-118.35075378333335,0,0
164ddfc3-83f6-412e-a8fb-4e56757c7ee0,34.038347,-118.28049183333333,0,0
c7933f33-fc6c-4820-bd7f-292c36fe3b54,33.95694351666667,-118.42971801666665,0,0
5291d020-df8d-4826-a7db-6c37bbd3e357,34.118460166666665,-118.29417833333333,0,0
33dba4c1-8a51-4642-8fd4-69ab69d2bce8,34.07665253333333,-118.35430145000001,0,0
7a9ab47f-8d3a-4d1b-b4e3-03b264edc390,34.178001333333334,-118.43884466666665,0,0
8f9ebab7-bc40-4dee-aced-658d14f362ad,34.0836525,-118.35000566666668,0,0
b4ecab0a-5ba4-435f-8d1d-a7278f0bfecd,34.083646333333334,-118.35000966666666,0,0
b7c3fff3-de79-44ed-8df6-854ce19a7123,34.10448455,-118.29938506666667,0,0
60c90117-7163-46e2-a185-205cb360bb3e,34.02757933333333,-118.33626583333334,0,0
ceceea6d-5cc8-43c9-82a4-b587b7e63d13,34.10060883333333,-118.30813598333334,0,0
c2ca3c1c-67c5-45d5-8e10-532651e76256,34.06703568333333,-118.43784331666666,0,0
2f06dd7c-3f66-4c45-a5a3-efd9e3fc6255,34.10191726666667,-118.30214691666667,0,0
750486e1-c797-497b-afca-29e1fa91c4ba,34.101913833333334,-118.30210416666665,0,0
13837cb6-f448-4af3-832f-a07cd11681cc,34.10186005,-118.30004883333335,0,0
144753ab-fe19-4a39-8ac6-9283a2eef533,34.101970666666666,-118.29723358333334,0,0
480f422b-b050-4550-8cb3-999dfdf6247a,34.09607315,-118.20773315,0,0
b16515d6-463c-46d9-a884-e3afc258a85c,34.108203499999995,-118.33693083333334,0,0
64f2555d-f448-42d3-8b09-8ade22b7930b,34.047965999999995,-118.23927306666668,0,0
fee974cd-68b3-47df-8b1d-2d5261f710b0,33.9990654,-118.4505539,0,0
83f1c4b5-441a-4b37-8f5e-b0108593ec7c,34.04664611666667,-118.23619843333333,0,0
10287cc5-a50e-4a61-9403-42eda46e3a42,34.069965366666665,-118.44189453333333,0,0
bf665acb-3e85-4afb-8caa-16f3f73d1f4a,34.09851836666667,-118.36263275000002,0,0
4b09691a-d3d2-4e00-b4e3-3400bed96746,34.10833183333333,-118.30946466666667,0,0
0f89f4e7-427b-464f-b84c-13185d600268,34.08288955,-118.34994506666665,0,0
1353faea-9dcf-4edb-bcab-1eddcf690822,34.029285433333335,-118.40394591666667,0,0
9d300270-3c6a-4e58-8bed-695f8b24ddce,34.08345031666667,-118.35301208333334,0,0
9bdd6f73-7147-4f82-915e-eaa662057705,34.04843903333334,-118.44573211666666,0,0
0b30f087-9f44-4252-820a-e9f6c3835a73,34.075138100000004,-118.26489258333335,0,0
24102d21-057d-494c-9474-f8198442fc29,34.100280766666664,-118.33954620000002,0,0
ce5dfdae-31f5-4d56-9429-302c21f85fe0,34.05613708333333,-118.2590332,0,0
05cfbb7e-cef7-4463-8865-1d271db606fe,34.05882783333333,-118.44321233333334,0,0
988e752b-2b1b-443b-b91a-bea05a623129,33.9625206,-118.42176056666668,0,0
07a36c5a-7705-4a7f-a7fb-577c35eb0e66,34.05353165,-118.25217438333333,0,0
80dca8d2-a4e9-4268-80b5-5f22dfef54e4,33.987846366666666,-118.45263671666667,0,0
49b0ae05-f7c7-493e-8f15-b23cb9ae3289,33.988735199999994,-118.45158386666665,0,0
84f51a34-42ce-480c-83d0-3dcc0a7a934b,34.092117316666666,-118.28941345,0,0
2219030b-445c-4804-ad58-b82aed41fc56,34.0642395,-118.24325561666667,0,0
24ced809-2745-4d2b-bce6-67d92b807297,34.0727768,-118.25668335,0,0
46487f49-6325-4735-a6de-dd04ef55b93e,34.083581333333335,-118.34479433333333,0,0
9668a286-6a8d-457e-a0c5-ab612704f71c,34.083582166666666,-118.34469333333332,0,0
b477a9ab-4a8f-4d43-9dfe-0cc5547eb563,34.15250015,-118.45721434999999,0,0
1e953def-5211-45ea-9078-98001938ed1c,34.01593018333333,-118.34866333333333,0,0
205c9432-ed4a-4dc5-89fc-6de9348eeaeb,33.94589233333333,-118.39028168333334,0,0
d96bbb12-7d2e-4988-9900-1aad235def49,34.015941616666666,-118.34868621666668,0,0
18431272-1c33-4d79-9aca-d137354e095e,34.06929778333333,-118.33346558333332,0,0
f3aecabe-d5fd-4289-a072-b56565085b4e,34.067108149999996,-118.24855041666666,0,0
3e2722f8-bd3d-4617-9c75-f57acf08bb0a,34.105922699999994,-118.33222961666667,0,0
738c124b-946c-4f42-aa3c-f88f6ce9bd3d,34.001290499999996,-118.29097250000001,0,0
78ec40b4-4fe1-4090-971d-c2c4ac8e4278,34.06253051666667,-118.44281768333333,0,0
cfc97d47-e1ba-43f4-bc4e-ef59a8941f45,34.156597133333335,-118.4553833,0,0
4fb3d26c-1ebf-4e31-a188-ded91d849265,34.09958648333333,-118.33617401666667,0,0
6a199b4f-59d8-472b-b365-6dd925a52326,34.05709838333333,-118.40175628333333,0,0
077256af-ed18-4642-8396-947ff3378391,33.99311828333334,-118.45497894999998,0,0
62fda1d0-300f-4bce-b3f0-cc4e64fccbed,34.058761600000004,-118.38152313333333,0,0
aaf23545-0583-43b5-944a-b70b8eee57fe,34.04859161666666,-118.23935699999998,0,0
34e56273-2816-42fa-aece-2d41c0893066,34.10775375,-118.32840728333333,0,0
3cc84696-589d-4e60-9bc6-9e09e8f78912,34.08637316666667,-118.33737116666667,0,0
dfb8a56a-2167-4bd3-89b9-6a577fbe2c02,33.9878625,-118.45410316666667,0,0
456f7ed1-6faf-46f2-9546-01fafd207175,34.10047913333334,-118.33747100000001,0,0
130b9e7e-eab5-4787-a54c-d9ed55775043,34.1025467,-118.29166411666665,0,0
596cf1bb-bef5-4c7f-a2db-e0a067a15bb2,34.056121833333336,-118.44574738333334,0,0
2ce48ffd-2829-48ff-a9b3-1a3c87bef7eb,34.041507716666665,-118.22192383333335,0,0
30ed6466-aa7c-4d45-814f-8d4d5c6e4d6b,34.07084275,-118.3769226,0,0
fab607d1-4e79-4dad-98fd-a736484a9a72,34.07788466666667,-118.25715636666668,0,0
414c4507-c5b6-4059-b0d3-025256155369,33.99774933333333,-118.46003723333334,0,0
1ac4399e-a0b0-49d0-ad05-2326322d21b8,33.959335333333335,-118.4358139,0,0
31229c07-9236-4ec7-99be-731492ea4a68,34.02863311666667,-118.32711791666667,0,0
b7148535-2a7f-44d1-b092-43d784c87a15,34.04320908333333,-118.26080321666669,0,0
0a61b60c-5e98-415c-b03c-ab7075fae674,34.07582855,-118.34733581666666,0,0
ef3d0019-6b0f-4278-bc15-f63224d5ec03,33.9958229,-118.44462585000001,0,0
613b48db-7128-462a-af52-242ee9a050f5,33.995780950000004,-118.44463348333332,0,0
d7ae1c15-791a-4f03-b3a3-7b9f0c32a567,33.990913383333336,-118.47437286666667,0,0
52d93faf-7d92-4fc2-98d6-4acb103a5c63,34.10123061666666,-118.27745818333332,0,0
24a676f4-6a46-4502-ad61-0fcd9ec21e10,34.02677155,-118.26798248333334,0,0
439e4e08-3862-4c93-a24b-790461b8a780,34.004856116666666,-118.43424988333332,0,0
60ef59f0-36ba-43de-8643-65177c128fa5,34.039033333333336,-118.23450716666666,0,0
69a01a5b-be9f-4cb5-9d1b-54a0de2545e2,34.03984833333333,-118.24272918333332,0,0
f555cd52-06b2-45ef-bdb2-983f4a36cf8e,34.099708549999995,-118.33113098333334,0,0
84662a5e-f8dd-4ced-bf6f-81dca2bd8066,34.0836792,-118.34619140000001,0,0
403f0fb3-0f0e-4ae6-a97b-62fbff1a33ef,34.083675383333336,-118.34618378333334,0,0
d6549a64-605d-4d6d-96d7-496b876b94ce,34.083675383333336,-118.34616851666667,0,0
7fc294d7-c22a-449b-a1e8-8d29fe507a9a,34.06533813333333,-118.2820282,0,0
f4dfe49e-18e0-4d22-9a66-8a6d3d6d298a,33.97458648333333,-118.42997741666667,0,0
2998ef17-257a-4746-808b-1ba00763293f,34.093463899999996,-118.31085205,0,0
82bfaf59-7ed0-414b-84bd-35d96a3a7cb8,34.060741416666666,-118.24069976666667,0,0
60b64ef3-79e5-4287-bcce-ed9c47a68b7f,34.100440983333336,-118.34054565,0,0
c596e6e3-5780-4e45-842b-4e23251c035d,34.10045623333333,-118.34204864999998,0,0
0bd9b536-5db3-44d4-b274-63f1a8c7b1ad,34.16603851666667,-118.55251311666667,0,0
675b44a8-2a09-4294-9248-90316f44e4d4,34.100643149999996,-118.33856963333334,0,0
90c3dd35-5005-4a7d-b57c-581ce917ea01,34.07888031666666,-118.31951141666666,0,0
d1593d83-56d8-45ec-add0-62554375c3fd,34.038646699999994,-118.26356506666667,0,0
bb4bc853-6fd4-4674-92fa-ec1140fe6bfa,33.99867630000001,-118.44439696666669,0,0
a6818c9d-ff1b-42cb-a19f-e75135fff8b9,34.047100066666665,-118.23628235,0,0
ff433bff-4852-48eb-a8cd-297b5c56a548,34.04717255,-118.23627471666666,0,0
b3856765-ca6b-410e-a228-4feb553d0151,34.029163366666666,-118.28339386666667,0,0
771ebb1d-a04c-4bdb-b8a1-d4a143397c6e,34.026336666666666,-118.2794571,0,0
d8765516-556c-4d58-8cba-9b72203a7aaf,33.9749527,-118.42847443333334,0,0
8e9cfac9-366c-4be2-80d9-cfcdcc523015,34.07589721666667,-118.25492096666667,0,0
072312c2-c790-4025-83d0-48e14e2d16af,34.07395935,-118.25164795,0,0
2f0c79e8-b097-4556-a95f-7d116232db04,34.07356266666667,-118.25147083333334,0,0
25678c11-47d6-46b7-b0b1-86aa772176a7,34.07359695,-118.25145721666668,0,0
ae63c337-ed57-4224-abfe-51df692c0523,34.0982933,-118.3071518,0,0
3182e702-d497-4774-b066-f8b66b18b0cf,34.0982933,-118.30715941666668,0,0
2e02442f-c702-447f-8bdb-48d5c3e002bc,34.08393096666667,-118.34782410000001,0,0
7adae0fb-a68e-431a-b096-573ad1d9d9c3,34.04923216666667,-118.23857183333332,0,0
0413da98-1bd1-4035-8e29-90ebf7eba12e,34.1034584,-118.3333664,0,0
e0a25e30-0574-4994-93fd-a5808d27f0f2,34.0597229,-118.23892211666667,0,0
3c492b53-e549-4804-9b0c-a32aab7eab60,34.097942350000004,-118.31811523333333,0,0
56896e03-de88-4c09-b110-1162dc5837da,34.073905950000004,-118.25161743333335,0,0
d304dece-3829-4f6f-98a1-210fc4e61f29,34.01574066666667,-118.27270416666667,0,0
f75c084a-639c-4404-888b-7c0aec1bcbb6,34.09820175,-118.36422730000001,0,0
e9667d6b-3ea1-430d-bd80-2ec8bb02fc24,34.02625656666667,-118.35561371666667,0,0
18f57bb2-7bdd-4cf9-a1e9-52335274df14,34.05179215,-118.38640595,0,0
6d0a6dfc-4224-49dc-8031-e7fafeae9281,34.03232956666667,-118.23017883333333,0,0
d1aa50b8-b9ab-4d39-8e37-cbe2ec597db8,34.04864383333334,-118.24217416666667,0,0
7ec903db-e35e-4cba-a5d1-65db02f31aaf,33.958671566666666,-118.44940184999999,0,0
494e89bf-6769-4a93-ae5f-68328675a251,33.95865631666666,-118.44938660000001,0,0
9ed8f38b-2ae0-4e09-bb4d-775d2c6fd49f,33.958671566666666,-118.44940948333333,0,0
ed9fb14b-b03f-4aaf-a12f-366bf044e138,33.96255493333333,-118.45314026666668,0,0
a7051019-866b-4d27-9dd3-d904cf08390a,33.95851135,-118.45018768333333,0,0
7c8938c1-c4d5-4ed3-9a3d-39a67cb44d42,33.958484649999995,-118.45028686666667,0,0
3f5c1110-ad73-4878-98c0-1ec70e26e525,33.96191788333333,-118.42122650000002,0,0
254d0510-7a0f-4505-8844-1a3ed1d39b61,34.041179650000004,-118.45822906666666,0,0
54ad025b-0464-4a22-9b58-bc9570be2f15,34.0535585,-118.25218466666665,0,0
917eef97-f83a-4f40-89c2-39d74862dd77,34.168396,-118.45627593333332,0,0
bbb0331a-bd18-4ff7-8509-fe3d665f7659,33.96826171666667,-118.41872406666668,0,0
b9c645f7-25ae-4233-a37d-0d379a933e95,34.09976578333333,-118.33808898333334,0,0
0227ef75-b918-4a6b-b60f-b972d29afc9a,34.06424331666666,-118.22874449999999,0,0
ff8a5ef6-a139-4411-ba5d-d71260ec2a8f,34.06649398333333,-118.33428191666665,0,0
62f54016-32a9-4d51-b08b-dc0927147012,34.06648255,-118.33431243333334,0,0
fb1576c8-9933-4d15-a61a-b473e955e76b,34.0712471,-118.32376098333334,0,0
00ea9c75-321d-485f-8c47-f87c0e765e3d,34.0436554,-118.27946471666668,0,0
7d1b651a-1515-44f7-9c09-346d85077475,34.03638458333333,-118.30872345000002,0,0
797fb743-773d-4b81-9db4-618b5ebebb89,34.0391922,-118.45338439999999,0,0
bc357368-869f-49cb-bc88-8961a93b9c9f,34.041816716666666,-118.23278808333335,0,0
f1acae8a-733e-4c3c-bdaa-50e605b004c5,34.06083316666666,-118.446851,0,0
37b7ddd9-100d-49fb-827f-59f30db70f9f,34.09931565,-118.3374939,0,0
0502e3a7-9a63-4151-81e9-0c6dc30a288e,34.06476333333333,-118.23169833333334,0,0
72a83d37-1d27-4a52-aa36-67c2c71e3aa3,34.151638033333334,-118.44738006666667,0,0
21bc0d2e-58e3-4ce2-8e17-c5eecd9861b9,34.054195400000005,-118.20175171666666,0,0
0975de8f-84a6-494e-b680-f8a58bb8cc56,34.08341216666667,-118.36709594999999,0,0
b7f43f14-a571-4e35-ad9f-2db76ab1de44,34.044063566666665,-118.43279266666666,0,0
c6907bf5-7e7f-4b20-b74b-38bb58a7b642,34.09729816666666,-118.36450533333333,0,0
d9def2c0-8340-4738-9750-c925ba86d86d,34.046178833333336,-118.26306416666667,0,0
9f657ac7-eb4f-44c8-ad2c-01318fbc7dcd,34.097911833333335,-118.36426545,0,0
aba8f458-9049-47b6-809c-d774f362aa9d,34.09790038333333,-118.36429596666667,0,0
5baf55f8-3bef-46b9-aac8-27c04865f2e0,34.097911833333335,-118.36429596666667,0,0
42e0546c-1355-460b-8d42-31a0a9a8d5a8,34.09791565,-118.36426545,0,0
ae9539d2-1d2a-4c5b-b4ad-82cfd17dd688,34.09789658333333,-118.36434173333333,0,0
3eb9b456-5f7e-4704-a4a8-837397eaff7a,34.098243716666666,-118.36437225,0,0
acf4bac9-28ca-421b-9eee-4f652b90f6d1,34.09820916666667,-118.36436516666666,0,0
af3e49c9-a55a-4b3b-ae20-f4e14a2ec8bd,34.0982155,-118.36437499999998,0,0
f4ff18aa-366e-4722-a89e-0e1dcd6f7e3d,34.098239899999996,-118.36439513333335,0,0
4ba1d5d1-051b-448d-9dc5-5821729d3cb3,34.09812165,-118.36276244999999,0,0
1e16c7fb-2c26-4153-9985-2f3f9435814f,34.0981369,-118.36245728333333,0,0
83ea079f-a992-4b5a-a33c-29d935cf6473,34.098178866666665,-118.36245728333333,0,0
d94ac60b-bd58-4162-9aac-3c3c1517cb4f,34.09819793333334,-118.3624115,0,0
460da48c-61ae-40af-b544-9647d18a2183,34.09472816666666,-118.29734266666668,0,0
0e4291e0-8704-4d25-829b-098e3cdc8f4a,34.08358765,-118.3441925,0,0
9e1e98a8-5afb-42e8-8f66-9e2f371a75da,34.1372295,-118.45812216666667,0,0
133f6810-b876-42e8-afd6-36c0bb13d9e7,34.148697500000004,-118.43793916666667,0,0
87224524-e039-4f8c-952c-9af2f9ca6fc9,33.98735046666666,-118.45245361666666,0,0
80360af6-b5bb-4442-a292-7736ca1f7928,33.96069716666667,-118.40565489999999,0,0
d3aad62a-e7b7-41de-af2c-22da1368b54c,34.16815948333333,-118.60801696666667,0,1
9dc82080-0a57-4231-b691-ef937dbd4555,34.03443483333333,-118.32226116666668,0,0
f942ab25-7545-4144-b385-6c4da20e4934,34.05165863333333,-118.38330078333333,0,0
5db8f5e8-8175-4ef9-8eb1-841ec2231817,34.099052433333334,-118.29468536666667,0,0
91cc90aa-00eb-4e04-b9f6-10ecf5ee5aff,34.07533645,-118.22994231666668,0,0
7d0033b7-e492-4e93-b674-2d2cf3ad9af0,34.10042966666666,-118.34060333333333,0,0
3dbf3ca9-2d8a-4e2a-925b-7bece21264cb,34.04880905,-118.24085235,0,0
e427fd46-7c0d-48c7-babf-03dd7c3631e3,34.00384903333334,-118.43026733333333,0,0
255c20ff-d962-4ba4-b744-e5b4b2f59137,34.078765833333335,-118.32361516666667,0,0
6b27bf9b-cca3-4010-bcd4-bfc71ac2190f,34.07103016666667,-118.32352166666666,0,0
7c0265df-8841-4334-b684-bf9a59728908,34.07101058333333,-118.32350158333333,0,0
f92d7ad9-74e1-42ba-afad-1595c84844a2,34.07102616666667,-118.32352066666665,0,0
b0f5a8e2-5509-413c-b89f-f9343847fb32,34.07105255,-118.32352448333334,0,0
51a44fce-80a6-41cc-a09f-05884c23ba40,34.0710411,-118.32351685,0,0
69a5c86a-12f7-474a-b176-2dec67386ab0,34.071285249999995,-118.32377625,0,0
0185cd8e-90e0-44d1-bf45-20ee7638225d,34.0712471,-118.32378386666666,0,0
22e06562-d273-43f2-a960-d2e6abb0a6fa,34.0744667,-118.32376098333334,0,0
ebc0b2c7-cd15-4ef9-bbbe-fafcf4d54d99,34.07443618333333,-118.32378386666666,0,0
c544a69f-b1fc-4040-953f-cb9d3b6f1f0a,34.07445908333333,-118.32378386666666,0,0
ece0e976-e64b-4090-82a1-6c55ea58cfb4,34.07488631666667,-118.32376861666668,0,0
a7ad8cd4-22e3-476e-9eba-1364bf240f0a,34.07536316666666,-118.32352448333334,0,0
e0b5bba1-464f-46da-9283-5a54692e6186,34.07532501666667,-118.32354736666666,0,0
785f6fe1-40fe-46f8-8ff9-17ff0168c05c,34.07536316666666,-118.32353973333332,0,0
31683e6b-b278-436b-9a7f-2309aaa71d67,34.13689803333333,-118.26771545000001,0,0
69ba5381-dded-44c2-9747-96cb292cac8a,34.09309386666666,-118.31015015,0,0
0e06d096-89f4-4ccd-a34c-697b36088a98,34.10889816666667,-118.32533263333335,0,0
5f9ef938-b071-492e-ba34-c8aea8a84e4b,34.100517266666664,-118.33713531666666,0,0
d8f48eb4-d00b-4fc1-84d0-a372e578b8c8,34.04014206666667,-118.23281096666666,0,0
1e1f7d42-b33a-4a59-aa47-2702981b8993,34.04009246666667,-118.23285675000001,0,0
27938c26-5809-404d-a6e1-6a5329f2e268,34.04001366666667,-118.23284716666667,0,0
0cba3446-6697-4fc5-8af0-cba7a2a88c2a,34.08187866666666,-118.35707091666667,0,0
d422fd9c-d8aa-4c73-8093-b9097af565db,34.00297928333334,-118.43257141666666,0,0
369a19ec-683d-4898-8e89-6d85596c6d95,34.07488631666667,-118.32357025000002,0,0
dde345cc-4371-41d6-bb04-5e509daed470,33.9960556,-118.44933318333332,0,0
fc0ad416-0499-44b3-a951-36d06a3ddc93,34.03924166666666,-118.236245,0,0
722423ff-93ce-43b0-9944-ae1a741b4427,33.966408666666666,-118.4543225,0,0
a4803bf0-5a0c-478e-ba16-be6ba884d6f0,34.032703399999995,-118.33538818333334,0,0
c91a2e07-2be8-410e-913c-272c204e63c4,34.04629898333334,-118.23432921666667,0,0
78abc2f2-b09f-40db-a4e9-690b813ad389,34.04861831666666,-118.37426758333335,0,0
2a10421f-6c90-4ffa-a8d4-f6bf47e89df1,34.03622436666667,-118.207695,0,0
823032f5-084e-48fa-8c84-4cf6ad46bee5,33.967536,-118.45478383333332,0,0
1a919601-042c-4053-ab28-339c99314228,34.06160355,-118.44694518333333,0,0
06e5038f-b805-49ae-a060-47dad525376b,33.97659683333333,-118.46083831666668,0,0
3f2e8584-765c-4d19-a8d9-8b6c0faad49b,34.02692413333333,-118.2820282,0,0
52751583-fbb9-4bf9-b400-13f11deae885,34.102146149999996,-118.3056717,0,0
d13bbb3b-90b9-410d-b6fd-f8c538e5d7a6,34.08338928333333,-118.34532165,0,0
de7b3fe0-03c6-4a69-bd81-60b4e79aab4e,34.0624466,-118.4455185,0,0
6e72eb1b-5504-49e2-ad26-9c8d580daee2,34.04881966666667,-118.41462683333333,0,0
b1b52dd1-8fde-4400-bd3e-e4206609868b,34.045833583333334,-118.23632049999999,0,0
d4f3d45b-0fdb-48e4-8921-5eac35a12e48,34.046623233333335,-118.23782348333334,0,0
dc9e32c5-c88c-49c1-91f3-cf50f132401c,34.04663466666667,-118.23778533333333,0,0
05bd4d44-7abf-4b1d-a538-db22c0aaaf3a,34.046653750000004,-118.23779296666667,0,0
b534f070-4bf0-4d7d-a803-61c2998b0b14,34.101844783333334,-118.29158020000001,0,0
ad9ebe89-d2f2-4f78-a7ea-85456db92321,33.95850900000001,-118.450222,0,0
4d0139a7-66b0-4a46-9be6-3787d9f579b2,33.95843506666667,-118.45018768333333,0,0
57a405e9-1d18-4f6c-9151-28cf54082b74,34.10072326666667,-118.32962798333334,0,0
71425b80-0c26-4e7c-a26a-5f089ffc24af,33.95967483333333,-118.43595886666665,0,0
40c92da2-e6eb-4275-9060-4b8266168e01,33.95968628333333,-118.43595123333334,0,0
c6e340f8-57f5-4d76-90d4-ff5670f4e58d,33.996078483333335,-118.30231475000001,0,0
0f9b8f39-0795-401e-8d1f-2c35195436b2,34.07102585,-118.34286498333334,0,0
ebb10d4a-469c-44fa-a3b3-eccc80a0916e,34.05693233333333,-118.23524833333335,0,0
b0dcb6db-1d98-49c2-9fc0-46e168fdd345,34.035354999999996,-118.37524333333334,1,0
1b133dc3-ba8f-435a-8d64-1d7a86972165,34.266184,-118.588309,1,0
c06243a6-35f4-4e21-80e9-015720664faa,34.04805833333333,-118.27709166666666,0,0
